720 90 0 120 88.
720 90 0 120 82.
810 15 0 120 76.
810 15 0 120 70.
840 15 0 120 76.
840 15 0 120 68.
960 15 0 120 66.
960 15 0 120 72.
1080 15 0 120 73.
1080 15 0 120 64.
1200 15 0 120 85.
1200 15 0 120 76.
1380 60 0 100 68.
1440 180 0 100 75.
1620 30 0 102 73.
1650 30 0 103 75.
1680 60 0 103 77.
1740 30 0 104 75.
1770 30 0 105 77.
1800 60 0 105 78.
1860 30 0 106 77.
1890 30 0 106 78.
1920 60 0 107 80.
1980 30 0 108 78.
2010 30 0 108 80.
2040 60 0 109 81.
2100 60 0 110 69.
2160 160 0 110 68.
2320 20 0 110 70.
2360 20 0 110 72.
2400 20 0 110 73.
2440 20 0 110 75.
2480 20 0 110 76.
2520 360 0 110 75.
2880 40 0 60 75.
2920 40 0 60 75.
2960 40 0 60 75.
3000 60 0 60 75.
3060 30 0 60 73.
3090 30 0 60 75.
3120 60 0 60 77.
3180 30 0 60 75.
3210 30 0 60 77.
3240 60 0 60 78.
3300 30 0 60 77.
3330 30 0 60 78.
3360 60 0 60 80.
3420 30 0 60 78.
3450 30 0 60 80.
3480 60 0 60 81.
3540 30 0 60 80.
3570 30 0 60 81.
3600 40 0 40 83.
3640 40 0 42 81.
3680 40 0 44 79.
3712 8 0 46 79.
3720 40 0 47 78.
3760 40 0 49 76.
3800 40 0 51 78.
3840 60 0 54 69.
3900 60 0 57 74.
3960 40 0 60 73.
4000 80 0 70 72.
4080 120 0 60 75.
4200 60 0 60 73.
5040 90 0 120 88.
5040 90 0 120 82.
5130 15 0 120 76.
5130 15 0 120 70.
5160 15 0 120 76.
5160 15 0 120 68.
5280 15 0 120 66.
5280 15 0 120 72.
5400 15 0 120 73.
5400 15 0 120 64.
5520 15 0 120 85.
5520 15 0 120 76.
5700 60 0 100 68.
5760 180 0 100 75.
5940 30 0 102 73.
5970 30 0 103 75.
6000 60 0 103 77.
6060 30 0 104 75.
6090 30 0 105 77.
6120 60 0 105 78.
6180 30 0 106 77.
6210 30 0 106 78.
6240 60 0 107 80.
6300 30 0 108 78.
6330 30 0 108 80.
6360 60 0 109 81.
6420 60 0 110 69.
6480 160 0 110 68.
6640 20 0 110 70.
6680 20 0 110 72.
6720 20 0 110 73.
6760 20 0 110 75.
6800 20 0 110 76.
6840 360 0 110 75.
7200 40 0 60 75.
7240 40 0 60 75.
7280 40 0 60 75.
7320 60 0 60 75.
7380 30 0 60 73.
7410 30 0 60 75.
7440 60 0 60 77.
7500 30 0 60 75.
7530 30 0 60 77.
7560 60 0 60 78.
7620 30 0 60 77.
7650 30 0 60 78.
7680 60 0 60 80.
7740 30 0 60 78.
7770 30 0 60 80.
7800 60 0 60 81.
7860 30 0 60 80.
7890 30 0 60 81.
7920 40 0 40 83.
7960 40 0 42 81.
8000 40 0 44 79.
8032 8 0 46 79.
8040 40 0 47 78.
8080 40 0 49 76.
8120 40 0 51 78.
8160 60 0 54 69.
8220 60 0 57 74.
8280 40 0 60 73.
8320 80 0 70 72.
8400 120 0 60 75.
8520 60 0 60 73.
8700 120 0 60 56.
8820 60 0 40 56.
8880 60 0 40 56.
8940 60 0 40 56.
9000 120 0 40 55.
9120 60 0 80 76.
9180 120 0 80 67.
9300 60 0 66 68.
9420 120 0 80 56.
9540 60 0 60 56.
9600 60 0 60 56.
9660 60 0 60 56.
9720 120 0 60 57.
9840 30 0 100 81.
9900 120 0 100 69.
10020 60 0 86 61.
10140 120 0 100 56.
10260 60 0 80 61.
10320 60 0 80 61.
10380 60 0 80 61.
10440 120 0 80 58.
10560 30 0 120 88.
10620 120 0 120 67.
10620 120 0 120 61.
10740 60 0 91 56.
10740 60 0 91 68.
10800 120 0 80 58.
10920 30 0 120 88.
10980 120 0 120 67.
10980 120 0 120 61.
11100 60 0 113 56.
11100 60 0 113 68.
11160 420 0 120 75.
11220 15 0 110 67.
11250 15 0 110 67.
11280 30 0 110 67.
11340 60 0 110 67.
11400 60 0 110 61.
11460 60 0 110 61.
11520 30 0 110 68.
11580 120 0 112 75.
11700 120 0 95 75.
11820 60 0 78 75.
11880 120 0 60 75.
12000 120 0 60 81.
12120 60 0 60 80.
12180 30 0 60 81.
12210 30 0 60 80.
12240 120 0 60 78.
12360 120 0 60 75.
12480 60 0 60 73.
12540 30 0 60 75.
12570 30 0 60 73.
12600 120 0 60 71.
12720 120 0 60 81.
12840 60 0 60 80.
12900 30 0 60 81.
12930 30 0 60 80.
12960 120 0 60 78.
13080 120 0 60 75.
13200 18 0 60 73.
13233 18 0 60 73.
13285 18 0 60 75.
13320 120 0 60 71.
14880 60 0 101 75.
14940 30 0 102 73.
14970 30 0 103 75.
15000 60 0 103 76.
15060 30 0 104 75.
15090 30 0 105 76.
15120 60 0 105 78.
15180 30 0 106 76.
15210 30 0 106 78.
15240 60 0 107 80.
15300 30 0 108 78.
15330 30 0 108 80.
15360 60 0 109 81.
15420 60 0 110 69.
15480 160 0 110 68.
15640 20 0 110 70.
15680 20 0 110 72.
15720 20 0 110 73.
15760 20 0 110 75.
15800 20 0 110 76.
15840 360 0 110 75.
16200 40 0 60 75.
16240 40 0 60 75.
16280 40 0 60 75.
16320 60 0 60 75.
16380 30 0 60 73.
16410 30 0 60 75.
16440 60 0 60 77.
16500 30 0 60 75.
16530 30 0 60 77.
16560 60 0 60 78.
16620 30 0 60 77.
16650 30 0 60 78.
16680 60 0 60 80.
16740 30 0 60 78.
16770 30 0 60 80.
16800 60 0 60 81.
16860 30 0 60 80.
16890 30 0 60 81.
16920 40 0 40 83.
16960 40 0 42 81.
17000 40 0 44 79.
17032 8 0 46 79.
17040 40 0 47 78.
17080 40 0 49 76.
17120 40 0 51 78.
17160 60 0 54 69.
17220 60 0 57 74.
17280 40 0 60 73.
17320 80 0 70 72.
17400 120 0 60 75.
17520 60 0 60 73.
17700 120 0 60 56.
17820 60 0 40 56.
17880 60 0 40 56.
17940 60 0 40 56.
18000 120 0 40 55.
18120 60 0 80 76.
18180 120 0 80 67.
18300 60 0 66 68.
18420 120 0 80 56.
18540 60 0 60 56.
18600 60 0 60 56.
18660 60 0 60 56.
18720 120 0 60 57.
18840 30 0 100 81.
18900 120 0 100 69.
19020 60 0 86 61.
19140 120 0 100 56.
19260 60 0 80 61.
19320 60 0 80 61.
19380 60 0 80 61.
19440 120 0 80 58.
19560 30 0 120 88.
19620 120 0 120 67.
19620 120 0 120 61.
19740 60 0 91 56.
19740 60 0 91 68.
19800 120 0 80 58.
19920 30 0 120 88.
19980 120 0 120 67.
19980 120 0 120 61.
20100 60 0 113 56.
20100 60 0 113 68.
20160 420 0 120 75.
20220 15 0 110 67.
20250 15 0 110 67.
20280 30 0 110 67.
20340 60 0 110 67.
20400 60 0 110 61.
20460 60 0 110 61.
20520 30 0 110 68.
20580 120 0 112 75.
20700 120 0 95 75.
20820 60 0 78 75.
20880 120 0 60 75.
21000 120 0 60 81.
21120 60 0 60 80.
21180 30 0 60 81.
21210 30 0 60 80.
21240 120 0 60 78.
21360 120 0 60 75.
21480 60 0 60 73.
21540 30 0 60 75.
21570 30 0 60 73.
21600 120 0 60 71.
21720 120 0 60 81.
21840 60 0 60 80.
21900 30 0 60 81.
21930 30 0 60 80.
21960 120 0 60 78.
22080 120 0 60 75.
22200 18 0 60 73.
22233 18 0 60 73.
22285 18 0 60 75.
22320 120 0 60 71.
23880 60 0 101 75.
23940 30 0 102 73.
23970 30 0 103 75.
24000 60 0 103 76.
24060 30 0 104 75.
24090 30 0 105 76.
24120 60 0 105 78.
24180 30 0 106 76.
24210 30 0 106 78.
24240 60 0 107 80.
24300 30 0 108 78.
24330 30 0 108 80.
24360 60 0 109 81.
24420 60 0 110 69.
24480 160 0 110 68.
24640 20 0 110 70.
24680 20 0 110 72.
24720 20 0 110 73.
24760 20 0 110 75.
24800 20 0 110 76.
24840 360 0 110 75.
25200 40 0 60 75.
25240 40 0 60 75.
25280 40 0 60 75.
25320 60 0 60 75.
25380 30 0 60 73.
25410 30 0 60 75.
25440 60 0 60 77.
25500 30 0 60 75.
25530 30 0 60 77.
25560 60 0 60 78.
25620 30 0 60 77.
25650 30 0 60 78.
25680 60 0 60 80.
25740 30 0 60 78.
25770 30 0 60 80.
25800 60 0 60 81.
25860 30 0 60 80.
25890 30 0 60 81.
25920 40 0 40 83.
25960 40 0 42 81.
26000 40 0 44 79.
26032 8 0 46 79.
26040 40 0 47 78.
26080 40 0 49 76.
26120 40 0 51 78.
26160 60 0 54 69.
26220 60 0 57 74.
26280 40 0 60 73.
26320 80 0 70 72.
26400 120 0 60 75.
26520 60 0 60 73.
26640 240 0 70 77.
26880 60 0 60 66.
27000 60 0 60 65.
27180 60 0 60 65.
27240 60 0 60 64.
27360 60 0 60 61.
27540 60 0 60 61.
27600 60 0 60 60.
27600 90 0 70 66.
27660 60 0 60 60.
27690 30 0 70 65.
27720 60 0 60 60.
27720 120 0 70 63.
27780 60 0 60 60.
27840 60 0 60 61.
27960 60 0 60 61.
28020 60 0 60 61.
28080 60 0 60 66.
28140 12 0 73 73.
28152 12 0 74 75.
28164 12 0 74 73.
28176 12 0 75 72.
28188 12 0 76 73.
28200 120 0 77 78.
28260 120 0 80 73.
28320 120 0 84 77.
28380 60 0 87 73.
28440 60 0 81 70.
28500 60 0 84 70.
28560 60 0 88 72.
28740 60 0 98 73.
28800 60 0 100 79.
28800 60 0 110 85.
28860 60 0 100 79.
28980 60 0 100 79.
29040 60 0 100 79.
29100 60 0 100 79.
29160 60 0 110 84.
29400 20 0 71 77.
29460 20 0 63 75.
29480 20 0 61 77.
29500 20 0 60 75.
29520 240 0 70 77.
29760 60 0 60 66.
29820 60 0 60 66.
29880 60 0 60 65.
30000 60 0 60 64.
30120 60 0 60 66.
30120 120 0 70 69.
30180 60 0 60 66.
30240 60 0 60 67.
30240 120 0 70 74.
30300 60 0 63 62.
30360 60 0 67 67.
30360 120 0 77 73.
30420 60 0 70 64.
30480 60 0 74 68.
30480 120 0 84 73.
30540 60 0 77 64.
30600 60 0 81 69.
30600 60 0 91 73.
30660 60 0 84 69.
30660 30 0 94 72.
30690 30 0 96 73.
30720 60 0 88 69.
30720 120 0 98 75.
30780 60 0 91 68.
30840 60 0 95 73.
30840 120 0 105 77.
30900 60 0 98 68.
30960 60 0 100 70.
31020 60 0 97 70.
31080 60 0 93 69.
31140 60 0 90 69.
31200 60 0 86 68.
31260 60 0 83 68.
31320 60 0 79 67.
31380 60 0 76 67.
31440 60 0 72 66.
31500 60 0 69 66.
31550 70 0 66 65.
31620 30 0 62 63.
31630 30 0 71 77.
31665 15 0 70 75.
31680 165 0 70 68.
31740 60 0 67 63.
31800 60 0 74 63.
31845 15 0 90 70.
31860 60 0 82 66.
31860 45 0 92 68.
31905 15 0 98 69.
31920 60 0 89 66.
31920 45 0 99 68.
31965 15 0 105 70.
31980 60 0 97 66.
31980 45 0 107 68.
32025 15 0 110 69.
32040 60 0 100 60.
32040 30 0 110 68.
32085 15 0 102 69.
32100 30 0 99 70.
32130 30 0 93 72.
32160 120 0 87 75.
32220 120 0 65 68.
32280 60 0 70 73.
32400 240 0 70 77.
32640 60 0 60 66.
32760 60 0 60 65.
32940 60 0 60 65.
33000 60 0 60 64.
33120 60 0 60 61.
33300 60 0 60 61.
33360 60 0 60 60.
33360 90 0 70 66.
33420 60 0 60 60.
33450 30 0 70 65.
33480 60 0 60 60.
33480 120 0 70 63.
33540 60 0 60 60.
33600 60 0 60 61.
33720 60 0 60 61.
33780 60 0 60 61.
33840 60 0 60 66.
33900 12 0 73 73.
33912 12 0 74 75.
33924 12 0 74 73.
33936 12 0 75 72.
33948 12 0 76 73.
33960 120 0 77 78.
34020 120 0 80 73.
34080 120 0 84 77.
34140 60 0 87 73.
34200 60 0 81 70.
34260 60 0 84 70.
34320 60 0 88 72.
34500 60 0 98 73.
34560 60 0 100 79.
34560 60 0 110 85.
34620 60 0 100 79.
34740 60 0 100 79.
34800 60 0 100 79.
34860 60 0 100 79.
34920 60 0 110 84.
35160 20 0 71 77.
35220 20 0 63 75.
35240 20 0 61 77.
35260 20 0 60 75.
35280 240 0 70 77.
35520 60 0 60 66.
35580 60 0 60 66.
35640 60 0 60 65.
35760 60 0 60 64.
35880 60 0 60 66.
35880 120 0 70 69.
35940 60 0 60 66.
36000 60 0 60 67.
36000 120 0 70 74.
36060 60 0 63 62.
36120 60 0 67 67.
36120 120 0 77 73.
36180 60 0 70 64.
36240 60 0 74 68.
36240 120 0 84 73.
36300 60 0 77 64.
36360 60 0 81 69.
36360 60 0 91 73.
36420 60 0 84 69.
36420 30 0 94 72.
36450 30 0 96 73.
36480 60 0 88 69.
36480 120 0 98 75.
36540 60 0 91 68.
36600 60 0 95 73.
36600 120 0 105 77.
36660 60 0 98 68.
36720 60 0 100 70.
36780 60 0 97 70.
36840 60 0 93 69.
36900 60 0 90 69.
36960 60 0 86 68.
37020 60 0 83 68.
37080 60 0 79 67.
37140 60 0 76 67.
37200 60 0 72 66.
37260 60 0 69 66.
37310 70 0 66 65.
37380 30 0 62 63.
37390 30 0 71 77.
37425 15 0 70 75.
37440 165 0 70 68.
37500 60 0 67 63.
37560 60 0 74 63.
37605 15 0 90 70.
37620 60 0 82 66.
37620 45 0 92 68.
37665 15 0 98 69.
37680 60 0 89 66.
37680 45 0 99 68.
37725 15 0 105 70.
37740 60 0 97 66.
37740 45 0 107 68.
37785 15 0 110 69.
37800 60 0 100 60.
37800 30 0 110 68.
37845 15 0 102 69.
37860 30 0 99 70.
37890 30 0 93 72.
37920 120 0 87 75.
37980 120 0 65 68.
38040 60 0 70 73.
38160 120 0 70 73.
38220 60 0 60 69.
38280 60 0 60 69.
38280 120 0 70 72.
38340 60 0 60 69.
38400 60 0 60 69.
38520 60 0 60 66.
38520 120 0 70 77.
38580 60 0 60 69.
38640 60 0 60 66.
38640 120 0 70 75.
38700 60 0 60 69.
38760 60 0 60 66.
38760 120 0 70 73.
38820 60 0 60 69.
38880 60 0 60 66.
38880 120 0 70 73.
38940 60 0 60 69.
39000 60 0 60 69.
39000 120 0 70 72.
39060 60 0 60 66.
39120 60 0 60 69.
39240 60 0 60 66.
39240 120 0 70 77.
39300 60 0 60 69.
39360 60 0 60 66.
39360 120 0 70 75.
39420 60 0 60 69.
39480 60 0 60 66.
39480 90 0 70 73.
39540 60 0 60 69.
39570 30 0 70 72.
39600 60 0 60 65.
39600 120 0 70 72.
39660 60 0 60 65.
39720 60 0 60 65.
39720 120 0 70 71.
39780 60 0 60 65.
39840 60 0 60 68.
39960 60 0 60 68.
39960 120 0 70 75.
40020 60 0 60 65.
40080 60 0 60 68.
40080 120 0 70 74.
40140 60 0 60 65.
40200 60 0 60 68.
40200 120 0 70 72.
40260 60 0 60 65.
40320 60 0 60 68.
40320 120 0 70 72.
40380 60 0 60 65.
40440 60 0 60 68.
40440 120 0 70 71.
40500 60 0 60 65.
40560 60 0 60 68.
40680 60 0 60 68.
40680 180 0 70 74.
40740 60 0 60 65.
40800 60 0 60 65.
40860 60 0 60 68.
40860 60 0 70 74.
40920 60 0 60 63.
40920 60 0 70 72.
40980 60 0 60 62.
40980 60 0 70 70.
41040 60 0 60 67.
41040 120 0 70 75.
41100 60 0 60 67.
41160 60 0 60 63.
41160 120 0 70 74.
41220 60 0 60 67.
41280 60 0 60 63.
41280 120 0 70 72.
41340 60 0 60 67.
41400 60 0 60 62.
41400 240 0 70 72.
41460 60 0 60 68.
41520 60 0 60 68.
41580 60 0 60 68.
41640 60 0 60 62.
41640 120 0 70 70.
41700 60 0 60 68.
41760 60 0 60 67.
41760 120 0 70 75.
41820 60 0 60 67.
41880 60 0 60 63.
41880 120 0 70 69.
41940 60 0 60 67.
42000 60 0 60 63.
42000 120 0 70 70.
42060 60 0 60 67.
42120 60 0 60 62.
42120 240 0 70 71.
42180 60 0 60 68.
42240 60 0 60 68.
42300 60 0 60 68.
42360 60 0 60 68.
42480 465 0 70 70.
42600 60 0 60 61.
42660 60 0 60 61.
42720 60 0 60 61.
42780 60 0 60 61.
42840 60 0 60 61.
42900 60 0 67 61.
42960 60 0 74 67.
42960 60 0 84 70.
43020 60 0 82 67.
43020 60 0 92 69.
43080 60 0 89 67.
43080 60 0 99 70.
43140 60 0 97 67.
43140 60 0 107 71.
43200 60 0 100 63.
43200 120 0 110 72.
43260 60 0 100 66.
43320 60 0 100 63.
43320 120 0 110 73.
43380 60 0 100 66.
43440 60 0 100 63.
43440 120 0 110 74.
0 15 0 110 61.
15 105 0 110 52.
120 15 0 110 59.
135 105 0 110 64.
240 15 0 110 57.
255 105 0 110 52.
360 15 0 110 56.
375 105 0 110 64.
480 15 0 110 55.
495 105 0 110 64.
4320 15 0 110 61.
4335 105 0 110 52.
4440 15 0 110 59.
4455 105 0 110 64.
4560 15 0 110 57.
4575 105 0 110 52.
4680 15 0 110 56.
4695 105 0 110 64.
4800 15 0 110 55.
4815 105 0 110 64.
13440 120 0 67 57.
13560 60 0 63 56.
13620 30 0 62 57.
13650 30 0 61 56.
13680 120 0 60 54.
13800 120 0 56 51.
13920 60 0 53 49.
13980 30 0 51 51.
14010 30 0 50 49.
14040 360 0 50 47.
14400 20 0 82 47.
14420 20 0 84 48.
14440 20 0 86 49.
14460 15 0 88 48.
14475 15 0 89 49.
14490 15 0 90 48.
14505 15 0 92 49.
14520 15 0 93 48.
14535 15 0 94 49.
14550 15 0 96 48.
14565 15 0 97 49.
14580 15 0 99 48.
14595 15 0 100 49.
14610 15 0 101 48.
14625 15 0 103 49.
14640 15 0 104 48.
14655 15 0 105 49.
14670 15 0 107 48.
14685 15 0 108 49.
14700 20 0 109 48.
14720 20 0 110 46.
14740 20 0 110 48.
14760 60 0 110 49.
22440 120 0 67 57.
22560 60 0 63 56.
22620 30 0 62 57.
22650 30 0 61 56.
22680 120 0 60 54.
22800 120 0 56 51.
22920 60 0 53 49.
22980 30 0 51 51.
23010 30 0 50 49.
23040 360 0 50 47.
23400 20 0 82 47.
23420 20 0 84 48.
23440 20 0 86 49.
23460 15 0 88 48.
23475 15 0 89 49.
23490 15 0 90 48.
23505 15 0 92 49.
23520 15 0 93 48.
23535 15 0 94 49.
23550 15 0 96 48.
23565 15 0 97 49.
23580 15 0 99 48.
23595 15 0 100 49.
23610 15 0 101 48.
23625 15 0 103 49.
23640 15 0 104 48.
23655 15 0 105 49.
23670 15 0 107 48.
23685 15 0 108 49.
23700 20 0 109 48.
23720 20 0 110 46.
23740 20 0 110 48.
23760 60 0 110 49.
49680 15 0 110 61.
49695 105 0 110 52.
49800 15 0 110 59.
49815 105 0 110 64.
49920 15 0 110 57.
49935 105 0 110 52.
11940 120 0 60 59.
12000 120 0 70 63.
12060 120 0 60 59.
12120 120 0 70 63.
12180 120 0 60 59.
12240 240 0 70 66.
12300 60 0 60 59.
12360 60 0 60 59.
12420 120 0 60 59.
12480 120 0 70 64.
12540 120 0 60 59.
12600 240 0 70 63.
12660 60 0 60 59.
12720 60 0 60 59.
12780 120 0 60 59.
12840 120 0 70 64.
12900 120 0 60 59.
12960 240 0 70 66.
13020 60 0 60 59.
13080 60 0 60 59.
13140 120 0 60 59.
13200 120 0 70 64.
13260 120 0 60 59.
13320 240 0 70 63.
13380 60 0 59 59.
13440 60 0 57 59.
13500 120 0 55 59.
13560 120 0 63 64.
13620 120 0 52 59.
13680 240 0 60 66.
13740 60 0 48 59.
13800 60 0 46 59.
13860 120 0 45 59.
13920 120 0 53 64.
13980 60 0 41 59.
14040 60 0 40 63.
14400 60 0 72 63.
14640 60 0 94 63.
14760 120 0 110 64.
14880 120 0 111 60.
14940 60 0 102 66.
15000 120 0 113 61.
15060 60 0 104 64.
20940 120 0 60 59.
21000 120 0 70 63.
21060 120 0 60 59.
21120 120 0 70 63.
21180 120 0 60 59.
21240 240 0 70 66.
21300 60 0 60 59.
21360 60 0 60 59.
21420 120 0 60 59.
21480 120 0 70 64.
21540 120 0 60 59.
21600 240 0 70 63.
21660 60 0 60 59.
21720 60 0 60 59.
21780 120 0 60 59.
21840 120 0 70 64.
21900 120 0 60 59.
21960 240 0 70 66.
22020 60 0 60 59.
22080 60 0 60 59.
22140 120 0 60 59.
22200 120 0 70 64.
22260 120 0 60 59.
22320 240 0 70 63.
22380 60 0 59 59.
22440 60 0 57 59.
22500 120 0 55 59.
22560 120 0 63 64.
22620 120 0 52 59.
22680 240 0 60 66.
22740 60 0 48 59.
22800 60 0 46 59.
22860 120 0 45 59.
22920 120 0 53 64.
22980 60 0 41 59.
23040 60 0 40 63.
23400 60 0 72 63.
23640 60 0 94 63.
23760 120 0 110 64.
23880 120 0 111 60.
23940 60 0 102 66.
24000 120 0 113 61.
24060 60 0 104 64.
28860 60 0 100 73.
28860 60 0 100 63.
28920 60 0 100 70.
28920 60 0 100 63.
28980 60 0 100 73.
28980 60 0 100 63.
29040 60 0 100 73.
29040 60 0 100 63.
29100 60 0 100 73.
29100 60 0 100 63.
34620 60 0 100 73.
34620 60 0 100 63.
34680 60 0 100 70.
34680 60 0 100 63.
34740 60 0 100 73.
34740 60 0 100 63.
34800 60 0 100 73.
34800 60 0 100 63.
34860 60 0 100 73.
34860 60 0 100 63.
0 15 0 110 37.
15 105 0 110 40.
120 15 0 110 35.
135 105 0 110 40.
240 15 0 110 33.
255 105 0 110 40.
360 15 0 110 32.
375 105 0 110 40.
480 15 0 110 31.
495 105 0 110 40.
720 90 0 120 67.
720 90 0 120 61.
720 90 0 120 55.
810 15 0 120 43.
840 15 0 120 44.
960 15 0 120 32.
1080 15 0 120 37.
1170 15 0 120 49.
1185 15 0 120 56.
1200 15 0 120 64.
1440 60 0 110 25.
1500 30 0 100 66.
1500 30 0 100 56.
1530 30 0 101 66.
1530 30 0 101 56.
1560 60 0 101 66.
1560 60 0 101 56.
1620 60 0 102 66.
1620 60 0 102 56.
1680 60 0 113 49.
1740 60 0 104 65.
1740 60 0 104 59.
1800 120 0 115 54.
1860 60 0 106 61.
1920 120 0 117 53.
1980 60 0 108 61.
2040 120 0 119 54.
2100 60 0 110 61.
2160 60 0 110 44.
2220 180 0 120 51.
2400 60 0 110 52.
2460 60 0 120 55.
2520 60 0 110 44.
2580 60 0 110 51.
2640 60 0 110 60.
2700 60 0 110 56.
2760 60 0 110 68.
2880 30 0 70 32.
2940 120 0 70 56.
3000 60 0 60 60.
3060 120 0 70 56.
3130 50 0 60 59.
3180 60 0 60 61.
3240 60 0 60 66.
3240 120 0 70 54.
3300 60 0 60 61.
3360 60 0 60 68.
3360 120 0 70 59.
3420 60 0 60 61.
3480 120 0 70 54.
3500 40 0 60 69.
3540 60 0 60 61.
3600 360 0 40 54.
3960 40 0 60 64.
4200 60 0 60 64.
4320 15 0 110 37.
4335 105 0 110 40.
4440 15 0 110 35.
4455 105 0 110 40.
4560 15 0 110 33.
4575 105 0 110 40.
4680 15 0 110 32.
4695 105 0 110 40.
4800 15 0 110 31.
4815 105 0 110 40.
5040 90 0 120 67.
5040 90 0 120 61.
5040 90 0 120 55.
5130 15 0 120 43.
5160 15 0 120 44.
5280 15 0 120 32.
5400 15 0 120 37.
5490 15 0 120 49.
5505 15 0 120 56.
5520 15 0 120 64.
5760 60 0 110 25.
5820 30 0 100 66.
5820 30 0 100 56.
5850 30 0 101 66.
5850 30 0 101 56.
5880 60 0 101 66.
5880 60 0 101 56.
5940 60 0 102 66.
5940 60 0 102 56.
6000 60 0 113 49.
6060 60 0 104 65.
6060 60 0 104 59.
6120 120 0 115 54.
6180 60 0 106 61.
6240 120 0 117 53.
6300 60 0 108 61.
6360 120 0 119 54.
6420 60 0 110 61.
6480 60 0 110 44.
6540 180 0 120 51.
6720 60 0 110 52.
6780 60 0 120 55.
6840 60 0 110 44.
6900 60 0 110 51.
6960 60 0 110 60.
7020 60 0 110 56.
7080 60 0 110 68.
7200 30 0 60 32.
7260 120 0 70 56.
7320 60 0 60 60.
7380 120 0 70 56.
7450 50 0 60 59.
7500 60 0 60 61.
7560 60 0 60 66.
7560 120 0 70 54.
7620 60 0 60 61.
7680 60 0 60 68.
7680 120 0 70 59.
7740 60 0 60 61.
7800 120 0 70 54.
7820 40 0 60 69.
7860 60 0 60 61.
7920 360 0 40 54.
8280 40 0 60 64.
8520 60 0 60 64.
8640 30 0 50 32.
8700 120 0 40 44.
8820 60 0 40 51.
8880 60 0 40 44.
8940 60 0 40 44.
9000 60 0 40 52.
9060 30 0 79 32.
9180 120 0 80 44.
9300 60 0 66 51.
9360 30 0 70 32.
9420 120 0 60 44.
9540 60 0 60 51.
9600 60 0 60 51.
9660 60 0 60 51.
9720 60 0 60 54.
9780 30 0 99 32.
9900 120 0 100 54.
10020 60 0 86 44.
10080 30 0 90 32.
10140 120 0 80 52.
10260 60 0 80 44.
10320 60 0 80 44.
10380 60 0 80 44.
10440 60 0 80 52.
10500 30 0 119 32.
10620 120 0 120 52.
10740 60 0 91 44.
10800 60 0 80 52.
10860 30 0 119 32.
10980 120 0 120 52.
11100 60 0 113 44.
11160 60 0 120 27.
11220 15 0 110 51.
11250 15 0 110 51.
11280 30 0 110 51.
11340 60 0 110 51.
11400 60 0 110 51.
11460 60 0 110 51.
11520 30 0 110 44.
11880 60 0 60 35.
15120 120 0 115 57.
15180 60 0 106 61.
15240 120 0 117 56.
15300 60 0 108 61.
15360 120 0 119 54.
15420 60 0 110 61.
15480 60 0 110 44.
15540 180 0 120 51.
15720 60 0 110 52.
15780 60 0 120 55.
15840 60 0 110 44.
15900 60 0 110 51.
15960 60 0 110 60.
16020 60 0 110 56.
16080 60 0 110 68.
16200 30 0 60 32.
16260 120 0 70 56.
16320 60 0 60 60.
16380 120 0 70 56.
16450 50 0 60 59.
16500 60 0 60 61.
16560 60 0 60 66.
16560 120 0 70 54.
16620 60 0 60 61.
16680 60 0 60 68.
16680 120 0 70 59.
16740 60 0 60 61.
16800 120 0 70 54.
16820 40 0 60 69.
16860 60 0 60 61.
16920 360 0 40 54.
17280 40 0 60 64.
17520 60 0 60 64.
17640 30 0 50 32.
17700 120 0 40 44.
17820 60 0 40 51.
17880 60 0 40 44.
17940 60 0 40 44.
18000 60 0 40 52.
18060 30 0 79 32.
18180 120 0 80 44.
18300 60 0 66 51.
18360 30 0 70 32.
18420 120 0 60 44.
18540 60 0 60 51.
18600 60 0 60 51.
18660 60 0 60 51.
18720 60 0 60 54.
18780 30 0 99 32.
18900 120 0 100 54.
19020 60 0 86 44.
19080 30 0 90 32.
19140 120 0 80 52.
19260 60 0 80 44.
19320 60 0 80 44.
19380 60 0 80 44.
19440 60 0 80 52.
19500 30 0 119 32.
19620 120 0 120 52.
19740 60 0 91 44.
19800 60 0 80 52.
19860 30 0 119 32.
19980 120 0 120 52.
20100 60 0 113 44.
20160 60 0 120 27.
20220 15 0 110 51.
20250 15 0 110 51.
20280 30 0 110 51.
20340 60 0 110 51.
20400 60 0 110 51.
20460 60 0 110 51.
20520 30 0 110 44.
20880 60 0 60 35.
24120 120 0 115 57.
24180 60 0 106 61.
24240 120 0 117 56.
24300 60 0 108 61.
24360 120 0 119 54.
24420 60 0 110 61.
24480 60 0 110 44.
24540 180 0 120 51.
24720 60 0 110 52.
24780 60 0 120 55.
24840 60 0 110 44.
24900 60 0 110 51.
24960 60 0 110 60.
25020 60 0 110 56.
25080 60 0 110 68.
25200 30 0 60 32.
25260 120 0 70 56.
25320 60 0 60 60.
25380 120 0 70 56.
25450 50 0 60 59.
25500 60 0 60 61.
25560 60 0 60 66.
25560 120 0 70 54.
25620 60 0 60 61.
25680 60 0 60 68.
25680 120 0 70 59.
25740 60 0 60 61.
25800 120 0 70 54.
25820 40 0 60 69.
25860 60 0 60 61.
25920 360 0 40 54.
26280 40 0 60 64.
26520 60 0 60 64.
26640 30 0 60 37.
26700 60 0 60 56.
26760 60 0 60 56.
26820 60 0 60 57.
26880 60 0 60 58.
26940 60 0 60 60.
27000 60 0 60 61.
27060 60 0 60 61.
27120 60 0 60 61.
27180 60 0 60 61.
27240 60 0 60 61.
27300 60 0 60 61.
27360 60 0 60 56.
27420 60 0 60 56.
27480 60 0 60 56.
27540 60 0 60 56.
27600 60 0 60 56.
27720 60 0 60 56.
27840 60 0 60 56.
27960 60 0 60 59.
28020 60 0 60 59.
28080 60 0 60 61.
28140 60 0 63 61.
28200 60 0 67 61.
28260 60 0 70 61.
28320 60 0 74 61.
28380 60 0 77 61.
28440 60 0 81 63.
28500 60 0 84 63.
28560 60 0 88 63.
28620 60 0 91 56.
28620 60 0 91 54.
28680 60 0 95 61.
28680 60 0 95 53.
28740 60 0 98 61.
28740 60 0 98 52.
28800 60 0 100 39.
29160 30 0 110 32.
29220 60 0 93 66.
29220 60 0 93 56.
29280 30 0 96 44.
29340 60 0 78 66.
29340 60 0 78 56.
29400 30 0 81 32.
29460 60 0 63 68.
29520 30 0 70 25.
29580 60 0 60 56.
29640 60 0 60 56.
29700 60 0 60 57.
29760 60 0 60 58.
29820 60 0 60 60.
29940 60 0 60 61.
30000 60 0 60 61.
30060 60 0 60 61.
30120 60 0 60 60.
30180 60 0 60 60.
30240 60 0 60 59.
30300 60 0 63 59.
30360 60 0 67 58.
30420 60 0 70 57.
30480 60 0 74 56.
30540 60 0 77 55.
30600 60 0 81 54.
30660 60 0 84 54.
30720 60 0 88 66.
30780 60 0 91 66.
30840 60 0 95 65.
30900 60 0 98 65.
30960 60 0 100 66.
31020 60 0 97 66.
31080 60 0 93 53.
31140 60 0 90 53.
31200 60 0 86 58.
31260 60 0 83 58.
31320 60 0 79 63.
31380 60 0 76 61.
31440 60 0 72 56.
31500 120 0 69 56.
31560 60 0 65 61.
31620 30 0 62 61.
31680 30 0 60 44.
31740 60 0 67 61.
31800 60 0 74 61.
31860 60 0 82 61.
31920 60 0 89 61.
31980 60 0 97 61.
32040 30 0 100 32.
32100 60 0 89 63.
32220 60 0 65 60.
32280 60 0 60 49.
32400 30 0 60 37.
32460 60 0 60 56.
32520 60 0 60 56.
32580 60 0 60 57.
32640 60 0 60 58.
32700 60 0 60 60.
32760 60 0 60 61.
32820 60 0 60 61.
32880 60 0 60 61.
32940 60 0 60 61.
33000 60 0 60 61.
33060 60 0 60 61.
33120 60 0 60 56.
33180 60 0 60 56.
33240 60 0 60 56.
33300 60 0 60 56.
33360 60 0 60 56.
33480 60 0 60 56.
33600 60 0 60 56.
33720 60 0 60 59.
33780 60 0 60 59.
33840 60 0 60 61.
33900 60 0 63 61.
33960 60 0 67 61.
34020 60 0 70 61.
34080 60 0 74 61.
34140 60 0 77 61.
34200 60 0 81 63.
34260 60 0 84 63.
34320 60 0 88 63.
34380 60 0 91 56.
34380 60 0 91 54.
34440 60 0 95 61.
34440 60 0 95 53.
34500 60 0 98 61.
34500 60 0 98 52.
34560 60 0 100 39.
34920 30 0 110 32.
34980 60 0 93 66.
34980 60 0 93 56.
35040 30 0 96 44.
35100 60 0 78 66.
35100 60 0 78 56.
35160 30 0 81 32.
35220 60 0 63 68.
35280 30 0 70 25.
35340 60 0 60 56.
35400 60 0 60 56.
35460 60 0 60 57.
35520 60 0 60 58.
35580 60 0 60 60.
35700 60 0 60 61.
35760 60 0 60 61.
35820 60 0 60 61.
35880 60 0 60 60.
35940 60 0 60 60.
36000 60 0 60 59.
36060 60 0 63 59.
36120 60 0 67 58.
36180 60 0 70 57.
36240 60 0 74 56.
36300 60 0 77 55.
36360 60 0 81 54.
36420 60 0 84 54.
36480 60 0 88 66.
36540 60 0 91 66.
36600 60 0 95 65.
36660 60 0 98 65.
36720 60 0 100 66.
36780 60 0 97 66.
36840 60 0 93 53.
36900 60 0 90 53.
36960 60 0 86 58.
37020 60 0 83 58.
37080 60 0 79 63.
37140 60 0 76 61.
37200 60 0 72 56.
37260 120 0 69 56.
37320 60 0 65 61.
37380 30 0 62 61.
37440 30 0 60 44.
37500 60 0 67 61.
37560 60 0 74 61.
37620 60 0 82 61.
37680 60 0 89 61.
37740 60 0 97 61.
37800 30 0 100 32.
37860 60 0 89 63.
37980 60 0 65 60.
38040 60 0 60 49.
38160 144 0 70 63.
38304 24 0 70 65.
38328 24 0 70 63.
38352 24 0 70 62.
38376 24 0 70 63.
38400 90 0 70 66.
38490 30 0 70 61.
38520 90 0 70 61.
38610 30 0 70 60.
38640 120 0 70 63.
38880 30 0 70 39.
38910 30 0 75 51.
38940 30 0 81 54.
38970 30 0 87 56.
39000 30 0 93 57.
39030 30 0 99 54.
39060 30 0 105 51.
39090 30 0 110 63.
39120 90 0 110 66.
39210 30 0 102 61.
39240 90 0 100 61.
39330 30 0 91 60.
39360 60 0 90 63.
39780 30 0 70 62.
39810 30 0 70 63.
39840 30 0 70 67.
39870 30 0 70 65.
39900 30 0 70 62.
39930 30 0 70 60.
39960 90 0 70 60.
40050 30 0 70 59.
40080 120 0 70 62.
40320 30 0 70 38.
40350 30 0 75 50.
40380 30 0 81 53.
40410 30 0 87 55.
40440 30 0 93 58.
40470 30 0 99 56.
40500 30 0 105 53.
40530 30 0 110 49.
40560 90 0 110 65.
40650 30 0 102 60.
40680 90 0 100 60.
40770 30 0 91 59.
40800 120 0 90 58.
41040 30 0 70 34.
41070 30 0 75 46.
41100 30 0 81 51.
41130 30 0 87 53.
41160 30 0 93 55.
41190 30 0 99 53.
41220 30 0 105 51.
41250 30 0 110 46.
41280 30 0 110 58.
41400 30 0 70 34.
41430 30 0 75 46.
41460 30 0 81 53.
41490 30 0 87 55.
41520 30 0 93 56.
41550 30 0 99 55.
41580 30 0 105 53.
41610 30 0 110 46.
41640 30 0 110 58.
41760 30 0 70 34.
41790 30 0 75 46.
41820 30 0 81 51.
41850 30 0 87 53.
41880 30 0 93 55.
41910 30 0 99 53.
41940 30 0 105 51.
41970 30 0 110 60.
42000 30 0 110 58.
42120 30 0 70 34.
42150 30 0 73 46.
42180 30 0 77 53.
42210 30 0 81 54.
42240 30 0 84 55.
42270 30 0 88 56.
42300 30 0 92 57.
42330 30 0 96 58.
42360 30 0 99 60.
42390 30 0 103 62.
42420 30 0 107 63.
42450 30 0 110 65.
42480 30 0 110 67.
42600 180 0 110 64.
42780 60 0 110 63.
42840 90 0 110 64.
42930 30 0 110 63.
42960 180 0 110 64.
43140 60 0 110 63.
43200 120 0 110 57.
43320 180 0 110 45.
43500 60 0 110 32.
43560 90 0 110 33.
43650 30 0 110 32.
43680 180 0 110 33.
43860 60 0 110 32.
43920 30 0 110 25.
43980 60 0 60 56.
44040 60 0 60 56.
44100 60 0 60 57.
44160 60 0 60 58.
44220 60 0 60 60.
44280 60 0 60 61.
44340 60 0 60 61.
44400 60 0 60 61.
44460 60 0 60 61.
44520 60 0 60 61.
44580 60 0 60 61.
44640 60 0 60 56.
44700 60 0 60 56.
44760 60 0 60 56.
44820 60 0 60 56.
44880 60 0 60 56.
45000 60 0 60 56.
45120 60 0 60 56.
45240 60 0 60 59.
45300 60 0 60 59.

