1 1199 0 90 48.
1200 240 0 79 51.
1440 240 0 83 56.
1680 240 0 76 58.
1920 240 0 83 60.
2160 240 0 75 56.
2400 240 0 76 63.
2640 240 0 72 70.
2880 240 0 73 72.
3120 240 0 68 68.
3360 240 0 76 75.
3600 240 0 68 82.
3840 240 0 69 84.
4080 240 0 58 79.
4320 240 0 59 82.
4560 240 0 53 80.
4800 480 0 49 79.
5280 240 0 44 78.
6000 240 0 48 78.
6240 240 0 52 79.
6480 240 0 49 78.
6720 240 0 52 77.
6960 240 0 49 78.
7200 160 0 53 81.
7360 160 0 49 79.
7520 160 0 52 75.
7680 360 0 51 75.
8040 120 0 46 74.
8160 160 0 48 77.
8320 160 0 46 75.
8480 160 0 39 74.
8640 480 0 37 74.
10560 720 0 43 72.
11280 240 0 46 67.
11760 3120 0 62 70.
15120 1200 0 48 60.
15600 240 0 44 66.
15840 240 0 49 70.
16080 240 0 47 69.
16320 1440 0 44 67.
16800 475 0 33 62.
17280 475 0 33 62.
17760 1440 0 47 74.
18240 475 0 33 67.
18720 475 0 33 67.
19200 1440 0 47 72.
19680 475 0 28 63.
20160 475 0 28 63.
20880 1200 0 48 60.
21360 240 0 44 66.
21600 240 0 49 70.
21840 240 0 47 69.
22080 1440 0 44 67.
22560 475 0 33 62.
23040 475 0 33 62.
23520 1440 0 44 64.
24000 475 0 28 55.
24480 475 0 28 55.
24960 1440 0 44 66.
25440 475 0 23 57.
25920 475 0 23 57.
26640 1200 0 48 60.
27120 240 0 44 66.
27360 240 0 49 70.
27600 240 0 47 69.
27840 1440 0 44 67.
28320 475 0 33 62.
28800 475 0 33 62.
29280 1440 0 53 79.
29760 475 0 28 67.
30240 475 0 28 67.
30720 1440 0 50 77.
31200 475 0 34 72.
31680 475 0 35 72.
32160 1440 0 48 63.
32880 240 0 46 75.
33120 240 0 51 74.
33480 120 0 49 73.
33600 1440 0 46 73.
34080 475 0 28 65.
34560 475 0 28 65.
35040 1440 0 46 74.
35520 475 0 23 62.
36000 475 0 22 62.
36480 1440 0 47 72.
36960 475 0 33 67.
37440 475 0 34 67.
38160 1200 0 48 60.
38640 240 0 44 66.
38880 240 0 49 70.
39120 240 0 47 69.
39360 1440 0 44 67.
39840 475 0 33 62.
40320 475 0 33 62.
40800 1440 0 47 74.
41280 475 0 33 67.
41760 475 0 33 67.
42240 1440 0 47 72.
42720 475 0 28 63.
43200 475 0 28 63.
43920 1200 0 48 60.
44400 240 0 44 66.
44640 240 0 49 70.
44880 240 0 47 69.
45120 1440 0 44 67.
45600 475 0 33 62.
46080 475 0 33 62.
46560 1440 0 44 64.
47040 475 0 28 55.
47520 475 0 28 55.
48000 1440 0 44 66.
48480 475 0 23 57.
48960 475 0 23 57.
49680 1200 0 48 60.
50160 240 0 44 66.
50400 240 0 49 70.
50640 240 0 47 69.
50880 1440 0 44 67.
51360 475 0 28 59.
51840 475 0 28 59.
52320 1440 0 58 79.
52800 475 0 31 71.
52800 475 0 36 74.
53280 475 0 32 71.
53280 475 0 37 74.
53760 1440 0 62 79.
54240 475 0 33 72.
54720 475 0 34 72.
55200 1440 0 66 74.
55680 475 0 41 67.
56160 475 0 42 67.
56640 1440 0 58 72.
57120 475 0 41 67.
57600 475 0 40 67.
58080 1440 0 62 67.
58560 475 0 37 62.
59040 475 0 36 62.
59520 1440 0 62 79.
60000 475 0 33 72.
60480 475 0 34 72.
60960 1440 0 59 74.
61440 475 0 41 67.
61920 475 0 42 67.
62400 1440 0 64 72.
62880 475 0 41 67.
63360 475 0 40 67.
63840 1440 0 62 67.
64320 475 0 37 61.
64800 475 0 36 61.
65280 1440 0 57 65.
65760 475 0 42 62.
66240 475 0 42 62.
66720 1860 0 60 74.
67200 475 0 38 62.
67680 475 0 38 62.
68160 480 0 51 69.
68580 60 0 55 74.
68640 480 0 48 63.
68640 480 0 62 72.
69120 480 0 45 63.
69120 480 0 58 71.
69600 480 0 50 63.
69600 480 0 65 72.
70080 480 0 49 63.
70080 480 0 64 74.
70560 480 0 51 63.
70560 480 0 66 75.
71040 1440 0 71 75.
71520 480 0 49 70.
72000 480 0 49 70.
72480 480 0 43 62.
72480 1440 0 56 74.
72960 480 0 43 70.
73440 480 0 43 70.
73920 480 0 51 60.
74340 60 0 50 70.
74400 480 0 48 60.
74400 480 0 57 69.
74880 480 0 43 60.
74880 480 0 54 68.
75360 480 0 48 60.
75360 480 0 57 69.
75840 480 0 47 60.
75840 480 0 56 70.
76320 480 0 49 60.
76320 480 0 58 72.
76800 1440 0 67 72.
77280 480 0 49 67.
77760 480 0 49 67.
78240 480 0 43 58.
78240 1440 0 51 70.
78720 480 0 43 67.
79200 480 0 43 67.
79680 480 0 50 63.
79680 1440 0 56 69.
80160 480 0 50 67.
80640 480 0 50 67.
81120 480 0 42 62.
81120 1200 0 51 69.
81600 480 0 42 66.
82080 480 0 42 66.
82320 120 0 51 69.
82440 600 0 51 57.
82560 2400 0 51 69.
84960 600 0 66 69.
85560 120 0 56 70.
85680 120 0 56 69.
85800 120 0 57 68.
85920 120 0 58 69.
86040 120 0 60 79.
86160 120 0 61 76.
86280 120 0 62 77.
86400 120 0 63 77.
86520 120 0 64 91.
86640 120 0 66 89.
86760 120 0 66 88.
86880 80 0 67 87.
86960 80 0 58 84.
87040 80 0 58 81.
87120 80 0 62 82.
87200 80 0 58 86.
87280 80 0 58 84.
87360 80 0 66 82.
87440 80 0 58 79.
87520 80 0 58 77.
87600 80 0 62 74.
87680 80 0 58 75.
87760 80 0 58 76.
87840 80 0 63 77.
87920 80 0 58 78.
88000 80 0 58 81.
88080 80 0 58 79.
88160 80 0 56 77.
88240 80 0 56 75.
88320 240 0 64 73.
88800 1440 0 66 74.
90240 480 0 56 72.
90720 480 0 57 67.
91200 1440 0 62 70.
92640 1440 0 53 66.
94080 480 0 47 67.
94560 240 0 28 70.
94800 240 0 45 74.
95040 240 0 48 77.
95280 720 0 45 75.
96000 240 0 31 69.
96240 240 0 44 73.
96480 240 0 49 75.
96720 720 0 45 74.
97440 240 0 30 70.
97680 240 0 48 74.
97920 240 0 50 77.
98160 720 0 47 75.
98880 240 0 32 68.
99120 240 0 47 73.
99360 240 0 52 75.
99600 720 0 47 74.
100320 240 0 32 67.
100560 240 0 50 71.
100800 240 0 53 74.
101040 720 0 49 72.
101760 240 0 41 60.
102000 240 0 49 68.
102240 240 0 55 70.
102480 720 0 49 69.
103200 240 0 43 63.
103440 240 0 53 71.
103680 240 0 56 74.
103920 720 0 52 72.
104640 240 0 48 63.
105120 240 0 52 61.
105120 480 0 57 69.
105360 240 0 52 60.
105600 480 0 60 58.
105600 480 0 71 70.
106080 960 0 52 70.
106320 240 0 67 74.
106560 240 0 71 77.
106800 720 0 66 75.
107520 960 0 57 69.
107760 240 0 65 73.
108000 240 0 72 75.
108240 720 0 66 74.
108960 960 0 56 70.
109200 240 0 69 74.
109440 240 0 73 77.
109680 240 0 67 75.
110400 960 0 57 68.
110640 240 0 67 73.
110880 240 0 74 75.
111120 240 0 67 74.
111840 960 0 57 67.
112080 240 0 71 71.
112320 240 0 75 74.
112560 240 0 70 72.
113280 960 0 57 60.
113520 240 0 69 68.
113760 240 0 76 70.
114000 240 0 69 69.
114720 960 0 59 63.
114960 240 0 73 71.
115200 240 0 77 74.
115440 240 0 71 72.
116160 960 0 78 54.
116400 240 0 71 61.
116640 240 0 71 63.
116880 240 0 71 62.
117120 240 0 67 58.
117360 120 0 53 55.
117480 120 0 65 58.
117600 120 0 64 57.
117720 120 0 65 55.
117840 240 0 77 58.
118080 120 0 52 55.
118200 120 0 64 58.
118320 120 0 64 57.
118440 120 0 63 55.
118560 120 0 69 65.
118680 120 0 52 60.
118800 120 0 54 63.
118920 120 0 55 54.
119040 120 0 57 60.
119160 120 0 58 63.
119280 120 0 60 66.
119400 120 0 62 72.
119520 120 0 63 77.
119640 120 0 65 75.
119760 120 0 67 74.
119880 120 0 68 72.
120000 120 0 67 70.
120240 120 0 53 67.
120360 120 0 65 70.
120480 120 0 64 69.
120600 120 0 65 67.
120720 240 0 69 70.
120960 120 0 52 67.
121080 120 0 64 70.
121200 120 0 64 69.
121320 120 0 63 67.
121440 120 0 69 77.
121560 120 0 52 72.
121680 120 0 54 75.
121800 120 0 55 66.
121920 120 0 57 72.
122040 120 0 58 75.
122160 120 0 60 78.
122280 120 0 62 84.
122400 120 0 63 89.
122520 120 0 65 87.
122640 120 0 67 86.
122760 120 0 68 84.
122880 120 0 76 91.
123240 120 0 63 91.
123360 120 0 68 94.
123480 120 0 68 86.
123600 120 0 73 94.
123720 120 0 67 93.
123840 120 0 66 86.
123960 120 0 60 78.
124080 120 0 64 81.
124200 120 0 64 74.
124320 120 0 56 79.
124440 120 0 60 82.
124560 120 0 60 86.
124680 120 0 74 96.
124800 120 0 68 94.
124920 120 0 69 86.
125040 120 0 71 94.
125160 120 0 64 93.
125280 120 0 63 86.
125400 120 0 56 78.
125520 120 0 60 81.
125640 120 0 60 74.
125760 120 0 56 79.
125880 120 0 60 82.
126000 120 0 60 86.
126120 120 0 74 96.
126240 120 0 68 94.
126360 120 0 69 86.
126480 120 0 71 94.
126600 120 0 64 93.
126720 120 0 63 86.
126840 120 0 56 78.
126960 120 0 60 81.
127080 120 0 60 74.
127200 120 0 50 67.
127320 120 0 54 70.
127440 120 0 54 74.
127560 120 0 66 84.
127680 120 0 61 82.
127800 120 0 62 74.
127920 120 0 63 82.
128040 120 0 57 81.
128160 120 0 56 74.
128280 120 0 50 66.
128400 120 0 54 69.
128520 120 0 54 62.
128640 120 0 50 67.
128760 120 0 54 70.
128880 120 0 54 74.
129000 120 0 59 84.
129120 120 0 54 82.
129240 120 0 55 74.
129360 120 0 56 81.
129480 120 0 51 79.
129600 120 0 50 70.
129720 120 0 45 70.
129840 120 0 48 74.
129960 120 0 48 67.
130080 120 0 38 67.
130200 120 0 40 70.
130320 120 0 40 62.
130440 120 0 50 69.
130560 120 0 45 67.
130680 120 0 46 58.
130800 120 0 47 63.
130920 120 0 43 62.
131040 120 0 42 55.
131160 120 0 38 55.
131280 120 0 40 58.
131400 120 0 40 50.
131520 120 0 45 55.
131640 120 0 48 58.
131760 120 0 48 50.
131880 120 0 55 62.
132000 120 0 50 60.
132120 120 0 51 51.
132240 120 0 54 60.
132360 120 0 50 58.
132480 120 0 50 50.
132600 120 0 45 55.
132720 120 0 48 60.
132840 120 0 48 51.
132960 120 0 45 55.
133080 120 0 48 58.
133200 120 0 48 50.
133320 120 0 55 62.
133440 120 0 50 60.
133560 120 0 51 51.
133680 120 0 54 60.
133800 120 0 50 58.
133920 120 0 50 50.
134040 120 0 45 55.
134160 120 0 48 60.
134280 120 0 48 51.
134400 120 0 50 55.
134520 120 0 51 62.
134640 120 0 52 58.
134760 120 0 53 62.
134880 120 0 55 67.
135000 120 0 56 70.
135120 120 0 57 74.
135240 120 0 58 79.
135360 120 0 59 82.
135480 120 0 61 86.
135600 120 0 62 91.
135720 120 0 63 98.
135840 120 0 63 94.
135960 120 0 60 98.
136080 120 0 59 91.
136200 120 0 58 86.
136320 120 0 58 82.
136440 120 0 57 79.
136560 120 0 56 74.
136680 120 0 56 70.
136800 120 0 55 67.
136920 120 0 54 62.
137040 120 0 53 58.
137160 120 0 53 50.
137280 120 0 49 55.
137400 120 0 50 62.
137520 120 0 52 58.
137640 120 0 54 62.
137760 120 0 55 67.
137880 120 0 57 74.
138000 120 0 57 70.
138120 120 0 56 74.
138240 120 0 54 67.
138360 120 0 53 62.
138480 120 0 51 58.
138600 120 0 49 50.
138720 120 0 49 54.
138840 120 0 50 62.
138960 120 0 52 58.
139080 120 0 54 62.
139200 120 0 55 66.
139320 120 0 57 74.
139440 120 0 57 70.
139560 120 0 56 74.
139680 120 0 54 66.
139800 120 0 53 62.
139920 120 0 51 58.
140040 120 0 49 50.
140160 120 0 50 55.
140280 120 0 51 62.
140400 120 0 52 58.
140520 120 0 53 62.
140640 120 0 55 67.
140760 120 0 56 70.
140880 120 0 57 74.
141000 120 0 58 79.
141120 120 0 59 82.
141240 120 0 61 86.
141360 120 0 62 91.
141480 120 0 63 98.
141600 120 0 63 94.
141720 120 0 60 98.
141840 120 0 59 91.
141960 120 0 58 86.
142080 120 0 58 82.
142200 120 0 57 79.
142320 120 0 56 74.
142440 120 0 56 70.
142560 120 0 55 67.
142680 120 0 54 62.
142800 120 0 53 58.
142920 120 0 53 50.
143040 120 0 49 54.
143160 120 0 50 62.
143280 120 0 52 58.
143400 120 0 54 62.
143520 120 0 55 66.
143640 120 0 57 74.
143760 120 0 57 70.
143880 120 0 56 74.
144000 120 0 54 66.
144120 120 0 53 62.
144240 120 0 51 58.
144360 120 0 49 50.
144480 120 0 49 53.
144600 120 0 50 62.
144720 120 0 52 58.
144840 120 0 54 62.
144960 120 0 55 65.
145080 120 0 57 74.
145200 120 0 57 70.
145320 120 0 56 74.
145440 120 0 54 65.
145560 120 0 53 62.
145680 120 0 51 58.
145800 120 0 49 50.
145920 120 0 50 53.
146040 120 0 51 60.
146160 120 0 52 57.
146280 120 0 53 60.
146400 120 0 55 65.
146520 120 0 56 69.
146640 120 0 57 72.
146760 120 0 58 77.
146880 120 0 59 81.
147000 120 0 61 84.
147120 120 0 62 89.
147240 120 0 63 96.
147360 240 0 63 101.
151440 1680 0 30 60.
153120 1440 0 34 62.
154560 1920 0 42 63.
156480 720 0 50 75.
157200 240 0 40 74.
157440 1440 0 33 67.
158880 960 0 48 74.
160320 1440 0 40 70.
161760 960 0 60 82.
162720 480 0 56 82.
163200 960 0 59 82.
164160 480 0 55 80.
164640 480 0 59 80.
165120 480 0 56 79.
165600 480 0 55 78.
166080 960 0 58 78.
167040 960 0 56 79.
168000 720 0 62 80.
168720 240 0 56 75.
168960 960 0 59 79.
169920 960 0 50 77.
170880 720 0 59 79.
171600 240 0 53 74.
171840 480 0 59 77.
172320 480 0 55 75.
172800 480 0 55 74.
173280 160 0 55 72.
173440 160 0 50 74.
173600 160 0 50 72.
173760 240 0 53 71.
174000 240 0 50 72.
174240 240 0 50 74.
174480 180 0 50 75.
174660 1500 0 30 60.
176160 1440 0 34 62.
177600 1920 0 42 63.
179520 720 0 55 75.
180240 240 0 44 74.
180480 1440 0 34 67.
181920 960 0 52 74.
183360 1440 0 49 70.
184800 960 0 66 82.
185760 480 0 60 82.
186240 1440 0 68 82.
187680 960 0 61 72.
188640 480 0 55 74.
189120 160 0 60 75.
189280 160 0 53 77.
189440 160 0 53 75.
189600 480 0 52 74.
190080 480 0 55 75.
190560 480 0 56 79.
191040 640 0 61 79.
191680 160 0 48 77.
191840 160 0 48 75.
192000 1440 0 50 75.
193920 240 0 36 67.
194160 240 0 34 68.
194400 160 0 37 70.
194560 160 0 34 74.
194720 160 0 34 72.
194880 1440 0 42 70.
196800 240 0 36 67.
197040 240 0 34 68.
197280 160 0 37 70.
197440 160 0 34 74.
197600 160 0 34 72.
197760 1440 0 42 70.
199680 240 0 36 65.
199920 240 0 34 68.
200160 160 0 37 70.
200320 160 0 34 74.
200480 160 0 34 72.
200640 640 0 42 70.
201280 480 0 34 61.
201760 160 0 34 72.
201920 160 0 35 70.
202080 720 0 38 68.
202800 480 0 37 59.
203280 240 0 35 65.
203520 1440 0 46 67.
205440 240 0 36 67.
205680 240 0 34 68.
205920 160 0 37 70.
206080 160 0 34 74.
206240 160 0 34 72.
206400 480 0 42 70.
206880 1440 0 51 82.
208480 160 0 36 67.
208640 160 0 34 68.
208800 160 0 37 70.
208960 160 0 34 74.
209120 160 0 34 72.
209280 480 0 42 70.
209760 1440 0 50 82.
211360 160 0 36 65.
211520 160 0 34 68.
211680 160 0 37 70.
211840 160 0 34 74.
212000 160 0 34 72.
212160 640 0 42 70.
212800 480 0 34 61.
213280 160 0 34 72.
213440 160 0 35 70.
213600 720 0 38 68.
214320 480 0 37 59.
214800 240 0 35 65.
215040 1680 0 46 67.
216720 240 0 34 67.
216960 240 0 36 70.
217200 240 0 37 79.
217440 240 0 40 77.
217680 240 0 37 75.
217920 1680 0 46 74.
219600 240 0 34 70.
219840 240 0 36 74.
220080 240 0 37 82.
220320 240 0 40 74.
220560 240 0 37 75.
220800 480 0 46 76.
221280 1200 0 46 77.
222480 240 0 39 74.
222720 240 0 43 77.
222960 240 0 50 86.
223200 240 0 46 84.
223440 240 0 41 82.
223680 240 0 45 80.
223920 240 0 40 81.
224160 240 0 51 89.
224400 240 0 46 88.
224640 240 0 45 86.
224880 240 0 40 81.
225120 240 0 40 74.
225360 240 0 36 69.
225600 240 0 39 65.
225840 240 0 34 62.
226080 180 0 39 64.
226260 60 0 31 67.
226320 240 0 36 65.
228240 1200 0 38 62.
228720 240 0 37 68.
228960 240 0 41 72.
229200 240 0 39 71.
229440 1440 0 37 69.
229920 475 0 28 64.
230400 475 0 28 64.
230880 1440 0 41 76.
232320 1440 0 39 74.
232800 475 0 28 69.
233280 475 0 28 69.
234000 1200 0 40 62.
234480 240 0 37 68.
234720 240 0 41 72.
234960 240 0 39 71.
235200 1440 0 37 69.
235680 475 0 28 64.
236160 475 0 28 64.
236640 1440 0 37 66.
237120 475 0 23 57.
237600 475 0 23 57.
238080 1440 0 37 68.
238560 475 0 23 64.
239040 475 0 23 64.
239760 1200 0 40 62.
240240 240 0 37 68.
240480 240 0 41 72.
240720 240 0 39 71.
240960 1440 0 37 69.
241440 475 0 28 64.
241920 475 0 28 64.
242400 1440 0 53 76.
242880 475 0 32 72.
243360 475 0 32 72.
243840 1440 0 53 78.
244320 475 0 26 69.
244800 475 0 26 69.
245520 1200 0 40 60.
246000 240 0 37 68.
246240 240 0 41 71.
246480 240 0 39 69.
246720 1440 0 37 69.
247200 475 0 28 64.
247680 475 0 28 64.
248160 1440 0 55 78.
248640 475 0 28 69.
249120 475 0 28 69.
249600 1440 0 58 80.
250080 475 0 30 72.
250560 475 0 30 72.
251040 960 0 62 78.
251520 480 0 31 72.
252240 240 0 65 80.
252480 1440 0 66 80.
252960 475 0 35 72.
253440 475 0 35 72.
253920 960 0 69 78.
254400 480 0 38 72.
255120 240 0 71 80.
255360 1440 0 74 80.
255840 475 0 39 72.
256320 475 0 40 72.
256800 960 0 81 78.
257280 480 0 42 72.
258000 240 0 77 80.
258240 1440 0 78 81.
258720 475 0 47 75.
259200 475 0 48 75.
259680 960 0 94 80.
260160 475 0 50 75.
260640 475 0 50 72.
260640 475 0 61 78.
261120 1440 0 82 71.
261120 1440 0 82 76.
261120 1440 0 99 83.
262560 960 0 81 74.
262560 960 0 81 80.
263520 480 0 77 74.
263520 480 0 77 80.
264000 1440 0 81 69.
264000 1440 0 96 81.
265440 960 0 89 85.
265440 960 0 105 93.
266400 480 0 85 80.
266400 480 0 101 92.
266880 1440 0 85 78.
266880 1440 0 103 90.
268320 960 0 86 83.
268320 960 0 102 92.
269280 480 0 79 81.
269280 480 0 93 92.
269760 1440 0 88 76.
269760 1440 0 103 88.
271200 960 0 96 76.
272160 480 0 96 76.
272640 1440 0 86 81.
272640 960 0 113 88.
273600 480 0 97 86.
274080 160 0 81 74.
274240 160 0 79 76.
274400 160 0 75 74.
274560 240 0 82 73.
274800 240 0 79 74.
275040 240 0 82 78.
275280 240 0 78 76.
275520 1440 0 86 80.
275520 960 0 113 86.
276480 480 0 97 85.
276960 160 0 81 73.
277120 160 0 79 74.
277280 160 0 75 73.
277440 240 0 82 72.
277680 240 0 79 73.
277920 240 0 82 76.
278160 240 0 78 74.
278400 1440 0 86 78.
278400 480 0 110 85.
278880 720 0 82 71.
279600 240 0 97 82.
279840 1440 0 86 77.
279840 360 0 97 83.
280200 360 0 93 84.
280560 360 0 97 85.
280920 360 0 92 80.
281280 960 0 77 73.
281280 480 0 94 71.
281760 720 0 97 81.
282720 480 0 82 69.
282720 480 0 82 75.
283200 220 0 71 69.
283200 220 0 71 75.
283440 220 0 74 69.
283440 220 0 74 75.
283680 220 0 77 69.
283680 220 0 77 75.
283920 220 0 80 69.
283920 220 0 80 75.
284160 1440 0 82 62.
284160 1440 0 82 68.
285600 960 0 81 64.
285600 960 0 81 73.
286560 480 0 77 62.
286560 480 0 77 68.
286560 480 0 91 76.
287040 480 0 81 57.
287040 480 0 96 69.
288000 480 0 81 69.
288000 480 0 96 81.
288480 960 0 89 85.
288480 960 0 105 93.
289440 480 0 85 80.
289440 480 0 101 92.
289920 1440 0 87 78.
289920 1440 0 103 90.
291360 960 0 86 83.
291360 960 0 102 92.
292320 480 0 79 81.
292320 480 0 93 92.
292800 1440 0 88 76.
292800 1440 0 103 88.
294240 1320 0 89 88.
295560 120 0 89 88.
295680 240 0 87 88.
297120 1920 0 80 66.
299040 120 0 67 66.
299160 120 0 67 68.
299280 240 0 70 66.
299520 240 0 64 65.
299760 240 0 67 66.
300000 240 0 68 68.
300240 240 0 71 70.
300480 240 0 73 71.
300720 240 0 74 73.
300960 240 0 77 74.
301200 240 0 80 76.
301440 240 0 94 78.
302880 960 0 80 68.
303840 480 0 80 68.
304320 960 0 79 68.
305280 240 0 64 67.
305520 240 0 67 68.
305760 240 0 68 70.
306000 240 0 71 72.
306240 240 0 73 73.
306480 240 0 74 75.
306720 240 0 77 76.
306960 240 0 80 78.
307200 240 0 94 80.
308640 960 0 80 68.
309600 480 0 80 68.
310080 120 0 68 68.
310200 120 0 62 70.
310320 240 0 62 68.
310560 240 0 64 67.
310800 240 0 67 68.
311040 240 0 69 70.
311280 240 0 72 71.
311520 240 0 75 73.
311760 240 0 78 75.
312000 240 0 81 77.
312240 240 0 85 79.
312480 240 0 85 80.
312720 240 0 86 82.
312960 120 0 94 83.
313200 120 0 85 92.
313320 120 0 79 89.
313440 120 0 78 87.
313560 120 0 77 83.
313680 120 0 80 80.
313800 120 0 78 77.
313920 120 0 73 75.
314040 120 0 73 71.
314160 120 0 74 68.
314280 120 0 64 65.
314400 120 0 64 63.
314520 120 0 63 59.
314640 120 0 69 56.
314760 120 0 61 53.
314880 120 0 60 51.
315000 120 0 60 47.
315120 120 0 60 56.
315240 120 0 62 53.
315360 120 0 52 51.
315480 120 0 52 47.
315600 120 0 52 57.
315840 130 0 52 58.
321840 130 0 65 58.
334560 130 0 52 78.
336000 130 0 52 78.
337440 240 0 64 75.
337680 120 0 48 77.
337800 240 0 58 74.
338040 120 0 48 77.
338160 240 0 56 72.
338400 120 0 48 77.
338520 240 0 54 70.
338760 120 0 47 77.
338880 130 0 56 78.
340320 130 0 52 78.
341760 130 0 52 78.
343200 120 0 56 76.
343320 120 0 56 75.
343440 120 0 55 74.
343560 120 0 54 73.
343680 120 0 52 72.
343800 120 0 51 71.
343920 120 0 50 70.
344040 120 0 49 69.
344160 120 0 50 72.
344280 120 0 50 70.
344400 120 0 48 69.
344520 120 0 48 68.
344640 130 0 49 67.
346080 130 0 49 69.
350640 120 0 53 58.
350760 120 0 49 70.
350880 120 0 54 62.
351000 120 0 50 71.
351120 120 0 55 58.
351240 120 0 51 70.
351360 240 0 60 63.
351600 240 0 63 64.
351840 120 0 59 60.
351960 120 0 52 72.
352080 240 0 66 65.
352320 120 0 61 64.
352440 120 0 55 73.
352560 120 0 63 60.
352680 120 0 56 72.
352800 240 0 70 65.
353040 240 0 68 66.
353280 120 0 70 62.
353400 120 0 61 74.
353520 240 0 75 67.
353760 240 0 76 66.
354000 120 0 75 62.
354120 120 0 68 74.
354240 240 0 80 67.
354480 240 0 80 68.
354720 120 0 80 64.
354840 120 0 75 76.
354960 240 0 86 69.
355200 240 0 89 70.
355440 120 0 89 66.
355560 120 0 79 78.
355680 240 0 91 71.
355920 240 0 93 72.
356160 240 0 98 85.
356400 120 0 64 72.
356520 120 0 64 73.
356640 120 0 65 75.
356760 120 0 66 77.
356880 120 0 67 78.
357000 120 0 67 80.
357120 120 0 68 81.
357240 120 0 69 83.
357360 120 0 70 85.
357480 120 0 71 87.
357600 120 0 71 89.
357720 120 0 72 90.
357840 120 0 73 92.
357960 120 0 74 93.
358080 120 0 75 90.
358200 120 0 75 85.
358320 120 0 76 81.
358440 120 0 76 78.
358560 120 0 74 73.
358680 120 0 72 69.
358800 120 0 71 66.
358920 120 0 69 61.
359040 120 0 66 57.
359160 120 0 67 66.
359280 120 0 68 63.
359400 120 0 69 69.
359520 120 0 70 69.
359640 120 0 72 78.
359760 120 0 73 75.
359880 120 0 74 81.
360000 120 0 75 81.
360120 120 0 76 90.
360240 120 0 77 87.
360360 120 0 79 93.
360480 120 0 80 90.
360600 120 0 78 93.
360720 120 0 77 87.
360840 120 0 76 81.
360960 120 0 75 78.
361080 120 0 75 81.
361200 120 0 74 75.
361320 120 0 73 69.
361440 120 0 72 66.
361560 120 0 72 69.
361680 120 0 71 63.
361800 120 0 70 57.
361920 240 0 71 58.
361920 240 0 71 63.
362160 130 0 46 57.
366480 130 0 64 81.
368340 60 0 77 89.
368400 120 0 89 101.
368520 120 0 84 100.
368640 120 0 83 99.
368760 120 0 82 98.
368880 120 0 81 96.
369000 120 0 79 94.
369120 120 0 78 93.
369240 120 0 77 91.
369360 120 0 76 89.
369480 120 0 75 88.
369600 120 0 74 87.
369720 120 0 73 86.
369840 120 0 72 84.
369960 120 0 71 82.
370080 120 0 70 81.
370200 120 0 69 79.
370320 120 0 68 77.
370440 120 0 67 76.
370560 120 0 66 75.
370680 120 0 65 73.
370800 120 0 64 71.
370920 120 0 63 70.
371040 120 0 62 68.
371160 120 0 61 66.
371280 120 0 60 65.
371400 120 0 59 63.
371520 120 0 58 61.
371640 120 0 57 59.
371760 120 0 56 58.
371880 120 0 55 56.
372000 120 0 57 54.
372120 120 0 59 53.
372240 120 0 62 51.
372360 120 0 64 49.
372480 120 0 66 47.
372600 120 0 68 46.
372720 120 0 70 44.
372840 120 0 72 42.
372960 120 0 75 41.
373080 120 0 77 39.
373200 120 0 79 37.
373320 120 0 81 35.
374880 960 0 66 58.
374880 960 0 78 67.
375840 480 0 61 56.
375840 480 0 73 67.
376320 480 0 65 55.
377280 1440 0 66 63.
377280 1440 0 78 75.
378720 480 0 61 63.
378720 480 0 73 74.
379200 1440 0 65 70.
379200 1440 0 77 72.
380640 960 0 67 65.
380640 960 0 67 69.
381600 480 0 63 63.
381600 480 0 74 74.
382080 480 0 59 62.
383520 960 0 64 70.
384480 480 0 65 71.
384960 180 0 65 72.
385248 180 0 60 82.
385536 180 0 61 76.
385824 180 0 63 82.
386112 168 0 67 76.
386280 120 0 57 80.
386400 240 0 87 92.
387600 240 0 81 84.
387840 180 0 65 74.
388128 180 0 60 80.
388416 180 0 61 74.
388704 180 0 63 80.
388992 168 0 67 74.
389160 120 0 57 79.
389280 240 0 87 91.
390480 240 0 81 82.
390720 180 0 65 72.
391008 180 0 60 75.
391296 180 0 61 72.
391584 180 0 63 75.
391872 168 0 67 72.
392040 120 0 57 77.
392160 240 0 87 89.
393120 480 0 78 80.
393600 360 0 66 77.
393960 120 0 71 82.
394080 720 0 69 77.
394800 240 0 75 79.
395040 460 0 63 75.
395520 460 0 79 80.
396000 460 0 84 81.
396480 1440 0 71 68.
396480 1440 0 71 77.
397920 960 0 66 68.
397920 960 0 66 74.
397920 960 0 78 82.
398880 480 0 61 68.
398880 480 0 61 74.
398880 480 0 73 82.
399360 480 0 65 67.
400800 960 0 72 75.
400800 960 0 86 87.
401760 480 0 67 75.
401760 480 0 80 86.
402240 1440 0 71 82.
402240 1440 0 85 84.
403680 960 0 73 77.
403680 960 0 73 81.
404640 480 0 69 75.
404640 480 0 81 86.
405120 480 0 65 74.
1 1199 0 74 36.
1200 240 0 66 39.
1440 240 0 70 44.
1680 240 0 64 46.
1920 240 0 70 48.
2160 240 0 63 44.
2400 240 0 63 51.
2640 240 0 55 58.
2880 240 0 58 60.
3120 240 0 54 56.
3360 240 0 62 63.
3600 240 0 54 70.
3840 240 0 57 72.
4080 240 0 48 67.
4320 240 0 53 70.
4560 240 0 35 68.
4800 480 0 32 67.
5280 240 0 27 66.
6000 240 0 40 66.
6240 240 0 44 67.
6480 240 0 41 66.
6720 240 0 44 65.
6960 240 0 41 66.
7200 160 0 45 69.
7360 160 0 41 67.
7520 160 0 44 63.
7680 360 0 43 63.
8040 120 0 39 62.
8160 160 0 40 65.
8320 160 0 39 63.
8480 160 0 31 62.
8640 480 0 29 62.
10560 960 0 42 55.
10560 960 0 42 60.
11520 1920 0 44 50.
11760 1680 0 56 63.
14880 240 0 46 38.
16800 475 0 27 43.
17280 475 0 27 43.
18240 475 0 25 58.
18720 475 0 25 58.
19680 475 0 27 57.
20160 475 0 27 57.
21120 240 0 46 38.
21600 240 0 46 38.
22560 475 0 27 43.
23040 475 0 27 43.
24000 475 0 25 45.
24480 475 0 25 45.
25440 475 0 19 38.
25920 475 0 19 38.
26880 475 0 46 50.
27360 475 0 46 50.
28320 475 0 27 43.
28800 475 0 27 43.
29760 475 0 25 64.
30240 475 0 25 64.
31200 475 0 28 65.
31680 475 0 28 65.
32640 475 0 46 41.
33120 475 0 46 41.
34080 475 0 23 46.
34560 475 0 23 46.
35520 475 0 25 58.
36000 475 0 25 58.
36960 475 0 27 57.
37440 475 0 27 57.
38400 475 0 46 38.
38880 475 0 46 38.
39840 475 0 27 43.
40320 475 0 27 43.
41280 475 0 25 58.
41760 475 0 25 58.
42720 475 0 27 57.
43200 475 0 27 57.
44160 475 0 46 38.
44640 475 0 46 38.
45600 475 0 27 43.
46080 475 0 27 43.
47040 475 0 25 45.
47520 475 0 25 45.
48480 475 0 20 38.
48960 475 0 20 38.
49920 475 0 46 50.
50400 475 0 46 50.
51360 475 0 27 55.
51840 475 0 27 55.
52800 475 0 28 43.
53280 475 0 28 43.
54240 960 0 32 48.
55680 960 0 31 50.
57120 960 0 33 51.
58560 960 0 28 50.
59520 240 0 52 47.
62400 240 0 57 50.
62640 240 0 48 51.
62880 240 0 48 53.
63120 240 0 48 51.
63360 360 0 54 55.
63720 60 0 36 51.
63780 60 0 36 52.
63840 60 0 35 53.
67200 480 0 46 52.
67680 480 0 46 53.
68160 1920 0 51 54.
70080 480 0 34 41.
70560 480 0 37 42.
71040 2880 0 40 43.
73920 2880 0 32 38.
76800 2880 0 33 39.
79680 1440 0 39 36.
81120 1440 0 33 38.
82560 480 0 33 37.
83040 475 0 30 52.
83040 475 0 36 64.
83520 475 0 28 52.
83520 475 0 34 64.
84000 475 0 28 52.
84000 475 0 34 64.
84480 475 0 28 52.
84480 475 0 34 64.
84960 475 0 29 52.
84960 475 0 35 64.
85440 480 0 36 36.
85920 475 0 33 53.
85920 475 0 33 63.
86400 475 0 33 53.
86400 475 0 33 63.
86880 475 0 33 53.
86880 475 0 33 63.
87360 475 0 33 53.
87360 475 0 33 63.
87840 475 0 33 53.
87840 475 0 33 63.
88320 480 0 38 34.
88800 480 0 31 50.
88800 480 0 39 58.
89280 480 0 33 53.
89280 480 0 39 62.
89760 480 0 40 39.
90240 480 0 31 55.
90720 480 0 31 60.
91680 480 0 29 58.
92160 960 0 29 58.
93120 480 0 35 61.
93600 480 0 30 57.
94560 960 0 19 58.
96000 960 0 19 54.
97440 960 0 20 58.
98880 480 0 30 63.
98880 960 0 20 56.
99360 480 0 30 62.
99840 240 0 41 39.
100320 960 0 21 55.
101760 960 0 26 51.
102240 480 0 32 57.
102720 240 0 43 38.
103200 960 0 28 60.
105600 240 0 59 43.
106080 480 0 43 65.
106560 480 0 43 63.
107040 240 0 62 42.
107520 480 0 41 63.
108000 480 0 42 62.
108480 240 0 61 43.
108960 480 0 44 65.
109440 480 0 44 63.
109920 240 0 63 41.
110400 480 0 43 63.
110880 480 0 36 59.
111360 240 0 62 51.
111840 480 0 45 62.
112320 480 0 45 60.
112800 240 0 66 36.
113280 480 0 44 58.
113760 480 0 44 57.
114720 480 0 46 55.
115200 480 0 47 54.
115680 240 0 67 38.
116160 480 0 51 51.
116640 720 0 51 50.
117360 240 0 32 31.
117840 240 0 38 43.
118080 120 0 43 51.
118560 960 0 43 43.
118560 960 0 51 51.
118800 720 0 49 57.
119520 240 0 43 43.
119760 240 0 55 63.
120000 120 0 46 50.
120240 480 0 32 43.
120720 240 0 38 55.
120960 120 0 43 63.
121440 960 0 43 55.
121440 960 0 51 63.
121680 720 0 49 69.
122400 240 0 43 55.
122640 240 0 55 75.
122880 120 0 55 67.
123600 240 0 38 63.
123600 240 0 48 69.
123840 240 0 52 74.
124080 240 0 52 62.
124320 120 0 55 55.
124800 240 0 51 74.
125040 240 0 38 66.
125040 240 0 66 75.
125280 240 0 50 74.
125520 240 0 53 62.
125760 240 0 55 55.
126480 240 0 38 54.
126480 240 0 66 63.
126720 240 0 50 62.
126960 240 0 53 50.
127200 120 0 49 43.
127680 240 0 45 62.
127920 240 0 34 54.
127920 240 0 57 63.
128160 240 0 45 62.
128400 240 0 47 50.
128640 240 0 58 43.
128880 240 0 45 50.
129360 240 0 58 49.
129600 240 0 39 38.
130080 240 0 49 43.
130080 240 0 49 31.
130320 240 0 38 46.
130800 240 0 49 37.
131520 240 0 49 31.
132000 240 0 45 36.
132240 240 0 49 31.
132720 240 0 45 36.
132960 240 0 49 43.
133440 240 0 45 36.
133680 240 0 49 31.
134160 240 0 45 36.
134400 720 0 41 31.
135360 220 0 57 67.
135600 220 0 45 55.
135840 480 0 57 67.
137040 240 0 49 38.
137280 1200 0 52 43.
138480 240 0 47 38.
138720 1200 0 52 42.
139920 240 0 47 38.
140160 720 0 41 31.
141120 220 0 57 55.
141360 220 0 45 43.
141600 480 0 57 55.
142800 240 0 49 38.
143040 1200 0 44 30.
144240 240 0 47 38.
144480 1200 0 52 41.
146880 220 0 52 65.
147120 220 0 36 53.
147360 1200 0 52 65.
148560 240 0 35 53.
148800 1200 0 39 60.
150000 240 0 31 53.
150240 480 0 34 60.
150720 240 0 28 53.
150960 240 0 31 60.
151200 240 0 30 53.
151680 480 0 36 34.
154560 480 0 36 39.
157440 480 0 33 60.
163200 480 0 36 60.
166080 480 0 36 58.
168960 480 0 36 56.
171840 480 0 36 55.
174720 480 0 36 53.
177600 480 0 36 39.
180480 480 0 30 60.
186240 480 0 44 36.
188160 480 0 31 64.
188640 480 0 31 58.
189600 480 0 31 63.
190080 480 0 31 57.
194880 240 0 32 39.
197760 240 0 32 39.
200640 240 0 32 39.
202080 240 0 32 39.
206400 240 0 32 39.
209280 240 0 32 39.
212160 240 0 32 39.
213600 240 0 32 39.
215040 240 0 32 39.
217920 240 0 32 43.
226560 1440 0 28 52.
227040 480 0 25 40.
227520 480 0 25 40.
229920 475 0 22 40.
230400 475 0 22 40.
230880 1440 0 34 64.
231360 475 0 21 57.
231840 475 0 21 57.
232320 1440 0 34 62.
232800 475 0 22 52.
233280 475 0 22 52.
234240 240 0 39 40.
234720 240 0 39 40.
235680 475 0 22 40.
236160 475 0 22 40.
236640 1440 0 31 54.
237120 475 0 21 40.
237600 475 0 21 40.
238080 1440 0 31 56.
238560 475 0 16 40.
239040 475 0 16 40.
240000 475 0 39 40.
240480 475 0 39 40.
241440 475 0 22 40.
242880 475 0 19 52.
242880 475 0 24 60.
243360 475 0 19 52.
243360 475 0 24 60.
244320 475 0 19 52.
244320 475 0 24 60.
244800 475 0 19 52.
244800 475 0 24 60.
245760 475 0 39 40.
246240 475 0 39 40.
247200 475 0 22 40.
248640 475 0 21 52.
248640 475 0 26 60.
249120 475 0 21 52.
249120 475 0 26 60.
249600 1440 0 47 68.
250080 475 0 21 52.
250080 475 0 28 60.
250560 475 0 21 52.
250560 475 0 28 60.
251040 960 0 50 66.
251520 480 0 23 52.
251520 480 0 28 60.
252480 1440 0 53 68.
252960 475 0 25 52.
252960 475 0 32 60.
253440 475 0 26 52.
253440 475 0 33 60.
253920 960 0 57 66.
254400 480 0 27 52.
254400 480 0 34 60.
255360 1440 0 59 68.
255840 475 0 29 52.
255840 475 0 36 60.
256320 475 0 29 52.
256320 475 0 37 60.
256800 960 0 65 66.
257280 480 0 31 52.
257280 480 0 39 60.
258240 1440 0 63 69.
258720 475 0 34 52.
258720 475 0 41 60.
259200 475 0 34 52.
259200 475 0 46 60.
259680 780 0 74 68.
260160 300 0 35 52.
260160 300 0 46 60.
260520 600 0 36 57.
260640 480 0 80 69.
261120 480 0 84 40.
261600 480 0 61 52.
261600 480 0 72 62.
262080 480 0 73 64.
262080 480 0 61 56.
262560 480 0 70 59.
262560 480 0 84 68.
263040 480 0 72 64.
263040 480 0 61 56.
263520 480 0 61 52.
263520 480 0 73 62.
264000 480 0 70 33.
264480 480 0 61 52.
264960 480 0 62 57.
265440 480 0 70 61.
265920 480 0 61 57.
266400 480 0 61 52.
266880 480 0 70 35.
267360 480 0 61 54.
267840 480 0 61 57.
268320 480 0 70 59.
268800 480 0 61 57.
269280 480 0 72 59.
269760 480 0 70 40.
270240 480 0 62 52.
270720 480 0 62 56.
271200 480 0 70 59.
271680 480 0 62 56.
272160 480 0 62 52.
272640 480 0 70 42.
273120 480 0 62 54.
273600 480 0 62 57.
274080 480 0 70 35.
274560 480 0 62 54.
275040 480 0 74 69.
275520 480 0 70 40.
276000 480 0 62 52.
276480 480 0 62 56.
276960 480 0 70 33.
277440 480 0 62 52.
277920 480 0 74 68.
278400 480 0 70 38.
278880 480 0 62 50.
279360 480 0 62 54.
279840 480 0 70 37.
280320 480 0 62 56.
280800 480 0 62 59.
281280 480 0 70 30.
281760 960 0 62 54.
282240 480 0 74 66.
282720 480 0 70 35.
283200 960 0 62 53.
283680 480 0 74 63.
284160 480 0 70 28.
284640 480 0 61 47.
285120 480 0 73 59.
285600 480 0 70 56.
286080 480 0 72 59.
286560 480 0 61 47.
287040 480 0 70 33.
287520 480 0 61 52.
288000 480 0 62 57.
288480 480 0 70 61.
288960 480 0 61 57.
289440 480 0 61 52.
289920 480 0 70 35.
290400 480 0 61 54.
290880 480 0 61 57.
291360 480 0 70 59.
291840 480 0 61 57.
292320 480 0 72 59.
292800 480 0 70 40.
293280 480 0 62 52.
293760 480 0 62 56.
294240 480 0 70 59.
294720 480 0 62 56.
295200 480 0 62 52.
295680 480 0 70 40.
296160 480 0 62 52.
296640 480 0 62 54.
297120 480 0 70 58.
297600 480 0 62 54.
298080 480 0 62 52.
298560 480 0 70 28.
299040 480 0 62 52.
299520 480 0 62 54.
300000 480 0 70 58.
300480 480 0 62 54.
300960 480 0 62 52.
301440 480 0 70 40.
301920 480 0 62 52.
302400 480 0 62 56.
302880 480 0 70 60.
303360 480 0 62 56.
303840 480 0 62 52.
304320 480 0 70 28.
304800 480 0 62 52.
305280 480 0 62 56.
305760 480 0 70 60.
306240 480 0 62 56.
306720 480 0 62 52.
307200 480 0 70 40.
307680 480 0 62 61.
308160 480 0 62 56.
308640 480 0 70 39.
309120 480 0 62 51.
309600 480 0 62 56.
310080 480 0 70 37.
310560 480 0 62 49.
311040 480 0 63 52.
311520 480 0 72 32.
312000 480 0 66 47.
312480 480 0 67 51.
312960 240 0 72 29.
313590 570 0 52 53.
313650 510 0 56 63.
315840 240 0 44 34.
316080 240 0 34 50.
316560 240 0 44 34.
316800 240 0 34 50.
317280 240 0 46 34.
317520 240 0 34 50.
318000 240 0 48 34.
318240 240 0 34 50.
318720 240 0 49 50.
318960 240 0 34 65.
319440 240 0 52 50.
319680 240 0 36 65.
320160 240 0 53 50.
320400 240 0 38 65.
320880 240 0 55 50.
321120 240 0 40 65.
321600 240 0 50 34.
322320 240 0 37 46.
322320 240 0 45 56.
323040 240 0 37 53.
323040 240 0 45 62.
323760 240 0 36 56.
323760 240 0 44 65.
324480 240 0 36 58.
324480 240 0 43 68.
325200 240 0 35 65.
325200 240 0 42 74.
325920 240 0 39 68.
325920 240 0 46 77.
326640 240 0 38 70.
326640 240 0 45 80.
327360 2160 0 37 77.
327360 2160 0 44 86.
329520 720 0 44 84.
329520 720 0 37 75.
330240 720 0 44 84.
330240 720 0 37 75.
330960 240 0 44 82.
333120 120 0 42 51.
333360 480 0 28 63.
333360 240 0 40 72.
333600 240 0 35 70.
333840 120 0 41 46.
334080 480 0 23 62.
334080 240 0 33 57.
334320 240 0 33 58.
334560 120 0 42 51.
334800 480 0 28 63.
334800 240 0 40 72.
335040 240 0 35 70.
335280 120 0 41 46.
335520 480 0 23 62.
335520 240 0 33 57.
335760 240 0 33 58.
336000 120 0 42 51.
336240 480 0 28 58.
336240 240 0 40 68.
336480 240 0 36 67.
336720 120 0 43 44.
336960 480 0 29 56.
336960 240 0 42 67.
337200 240 0 37 65.
337440 120 0 45 46.
337680 480 0 29 56.
338400 480 0 27 53.
338400 240 0 39 60.
338640 240 0 34 58.
338880 120 0 42 51.
339120 480 0 28 67.
339840 480 0 23 68.
340560 480 0 28 67.
341280 480 0 23 68.
342000 480 0 28 70.
342720 480 0 29 60.
343200 240 0 48 46.
343680 240 0 38 56.
343920 240 0 38 56.
344160 240 0 38 56.
344400 240 0 38 56.
344640 240 0 49 51.
344640 240 0 58 61.
345000 120 0 41 39.
345120 120 0 41 39.
345360 120 0 51 60.
345600 120 0 42 43.
345840 120 0 44 42.
346080 240 0 49 57.
346440 120 0 41 41.
346560 120 0 41 41.
346800 120 0 51 62.
347040 120 0 42 45.
347280 120 0 44 44.
347520 240 0 49 59.
347880 120 0 41 43.
348000 120 0 41 43.
348240 120 0 51 63.
348480 240 0 42 36.
348960 240 0 46 56.
349200 240 0 62 47.
349680 240 0 42 56.
349920 240 0 60 46.
350400 240 0 31 39.
350640 240 0 31 43.
350880 240 0 32 44.
351120 240 0 38 43.
351360 240 0 33 39.
351600 240 0 34 46.
351840 240 0 39 45.
352080 240 0 36 41.
352320 240 0 45 46.
352560 240 0 44 45.
352800 240 0 38 41.
353040 240 0 39 48.
353280 240 0 52 47.
353520 240 0 43 43.
353760 240 0 43 48.
354000 240 0 54 47.
354240 240 0 46 43.
354480 240 0 47 50.
354720 240 0 56 49.
354960 240 0 48 45.
355200 240 0 75 64.
355440 240 0 50 51.
355680 240 0 60 47.
355920 240 0 53 50.
356160 240 0 61 37.
356520 120 0 44 57.
356520 120 0 53 66.
356640 240 0 46 57.
356640 240 0 55 66.
356880 240 0 47 57.
356880 240 0 56 66.
357120 240 0 49 57.
357120 240 0 58 66.
357360 240 0 50 57.
357360 240 0 59 66.
357600 720 0 60 57.
357600 720 0 72 66.
358800 240 0 58 37.
359040 240 0 64 36.
359400 120 0 53 63.
359400 120 0 45 57.
359520 240 0 47 54.
359520 240 0 55 63.
359760 240 0 54 54.
359760 240 0 65 63.
360240 240 0 60 36.
360480 240 0 65 35.
360840 120 0 50 54.
360840 120 0 50 57.
360960 240 0 49 54.
360960 240 0 58 63.
361200 240 0 48 54.
361200 240 0 57 63.
361680 240 0 60 35.
361920 240 0 65 34.
362880 240 0 44 57.
362880 240 0 44 63.
363120 240 0 43 56.
363120 240 0 43 62.
363360 240 0 47 58.
363360 240 0 47 63.
364320 240 0 46 69.
364320 240 0 46 75.
364560 240 0 46 68.
364560 240 0 46 74.
364800 240 0 46 67.
364800 240 0 46 75.
365760 240 0 56 81.
365760 240 0 56 87.
366000 240 0 56 86.
366000 240 0 56 80.
366240 240 0 57 79.
366240 240 0 57 87.
367200 240 0 58 81.
367200 240 0 58 87.
367440 240 0 58 86.
367440 240 0 58 80.
367680 240 0 59 87.
367680 240 0 59 79.
368400 240 0 72 60.
368400 240 0 72 65.
370470 330 0 60 47.
370530 270 0 67 56.
372000 240 0 85 35.
373440 240 0 80 34.
396480 240 0 80 50.
397920 240 0 66 46.
405120 240 0 59 34.

