0 480 0 74 51.
1440 120 0 64 58.
1920 120 0 57 55.
2400 480 0 45 56.
2400 480 0 54 68.
2880 240 0 40 55.
2880 240 0 47 67.
5760 480 0 74 59.
5760 480 0 74 52.
7200 120 0 64 59.
7680 120 0 57 52.
7680 120 0 68 59.
8160 480 0 45 61.
8160 480 0 54 73.
8640 240 0 40 68.
11520 480 0 74 60.
11520 480 0 74 53.
12240 120 0 45 57.
12360 120 0 47 58.
12480 120 0 50 59.
12600 120 0 52 60.
12720 120 0 55 61.
12840 120 0 68 62.
12960 120 0 64 63.
13440 120 0 62 57.
13440 120 0 62 60.
13920 480 0 66 60.
13920 480 0 78 72.
14400 240 0 62 56.
14400 240 0 62 62.
14400 240 0 73 70.
15120 120 0 49 59.
15240 120 0 51 60.
15360 120 0 55 61.
15480 120 0 57 62.
15600 120 0 60 63.
15720 120 0 74 64.
15840 120 0 64 65.
16320 120 0 63 58.
16320 120 0 75 62.
16800 480 0 70 65.
16800 480 0 82 77.
17280 240 0 65 61.
17280 240 0 65 67.
17280 240 0 77 75.
17760 120 0 77 73.
17880 120 0 72 68.
18000 120 0 72 67.
18120 120 0 72 75.
18240 120 0 77 73.
18360 120 0 70 68.
18480 120 0 70 67.
18600 120 0 70 75.
18720 120 0 77 70.
18840 120 0 71 67.
18960 120 0 71 63.
19080 120 0 71 75.
19200 120 0 77 72.
19320 120 0 72 67.
19440 120 0 72 63.
19560 120 0 72 75.
19680 120 0 77 73.
19800 120 0 71 70.
19920 120 0 71 63.
20040 120 0 71 75.
20160 120 0 73 73.
20280 120 0 67 70.
20400 120 0 68 63.
20520 120 0 68 75.
20640 120 0 75 73.
20760 120 0 70 70.
20880 120 0 71 63.
21000 120 0 71 75.
21120 120 0 77 73.
21240 120 0 72 70.
21360 120 0 73 63.
21480 120 0 73 75.
21600 120 0 80 73.
21720 120 0 74 70.
21840 120 0 75 63.
21960 120 0 77 75.
22080 120 0 83 73.
22200 120 0 78 70.
22320 120 0 79 63.
22440 120 0 79 75.
22560 120 0 85 73.
22680 120 0 80 70.
22800 120 0 81 63.
22920 120 0 82 75.
23040 360 0 75 73.
23400 120 0 72 72.
23520 480 0 72 72.
24240 120 0 68 68.
24360 120 0 67 70.
24480 120 0 72 73.
24600 240 0 68 72.
24660 60 0 74 77.
24840 120 0 68 71.
24960 480 0 68 72.
25680 120 0 68 68.
25800 120 0 67 70.
25920 120 0 72 73.
26040 240 0 68 72.
26100 60 0 74 77.
26280 120 0 68 71.
26400 120 0 72 73.
26520 240 0 68 72.
26580 60 0 74 77.
26760 120 0 68 71.
26880 180 0 68 72.
27060 300 0 66 63.
27120 240 0 78 78.
27360 240 0 64 63.
27360 240 0 76 77.
27600 240 0 64 65.
27600 240 0 76 72.
27840 240 0 64 65.
27840 240 0 76 73.
28080 80 0 73 66.
28160 80 0 73 54.
28240 80 0 73 66.
28320 240 0 65 53.
28560 180 0 72 61.
28740 60 0 78 66.
28800 360 0 75 75.
29160 120 0 72 73.
29280 480 0 72 73.
30000 120 0 68 70.
30120 120 0 67 72.
30240 120 0 72 75.
30360 240 0 68 73.
30420 60 0 74 78.
30600 120 0 68 72.
30720 480 0 68 73.
31440 120 0 68 67.
31440 120 0 80 79.
31560 120 0 67 68.
31680 120 0 71 72.
31800 120 0 73 79.
31920 120 0 66 72.
32100 60 0 65 70.
32160 120 0 68 70.
32280 120 0 70 75.
32400 120 0 63 70.
32580 60 0 57 68.
32640 120 0 66 68.
32760 120 0 66 75.
32880 120 0 62 68.
33060 60 0 56 67.
33120 120 0 63 67.
33240 120 0 65 74.
33360 120 0 60 67.
33540 60 0 57 65.
33600 120 0 61 65.
33720 120 0 63 70.
33840 120 0 58 65.
34020 60 0 54 63.
34080 120 0 63 61.
34200 120 0 63 68.
34320 120 0 59 61.
34500 60 0 53 60.
34560 480 0 70 65.
35040 60 0 64 67.
35100 60 0 65 68.
35160 60 0 65 67.
35220 60 0 66 68.
35280 120 0 66 65.
35400 120 0 67 67.
35520 60 0 69 68.
35580 60 0 69 70.
35640 60 0 70 68.
35700 60 0 70 70.
35760 120 0 71 67.
35880 120 0 72 68.
36000 240 0 63 61.
36000 120 0 75 69.
36120 120 0 70 70.
36240 240 0 59 61.
36240 120 0 70 72.
36360 120 0 70 73.
36480 240 0 63 60.
36480 240 0 75 72.
36720 180 0 64 59.
36720 180 0 64 65.
36720 180 0 76 77.
36900 60 0 58 60.
36900 60 0 58 68.
36960 120 0 65 60.
36960 120 0 65 68.
37080 240 0 72 68.
37380 60 0 59 67.
37440 480 0 59 65.
37920 120 0 64 67.
38040 40 0 65 79.
38080 40 0 66 80.
38120 40 0 65 79.
38160 120 0 56 65.
38280 120 0 56 67.
38400 120 0 64 68.
38520 40 0 65 80.
38560 40 0 65 82.
38600 40 0 65 80.
38640 120 0 60 67.
38760 120 0 61 68.
38880 120 0 63 69.
38880 120 0 75 81.
39000 120 0 63 70.
39120 120 0 59 72.
39120 120 0 70 84.
39240 120 0 59 73.
39360 120 0 63 72.
39360 120 0 75 84.
39600 180 0 64 77.
39600 180 0 76 89.
39780 60 0 58 75.
39780 60 0 69 87.
39840 120 0 65 75.
39840 120 0 77 87.
40020 60 0 60 87.
40080 180 0 64 73.
40080 180 0 76 85.
40260 60 0 59 72.
40320 120 0 64 70.
40560 180 0 59 58.
40560 180 0 70 70.
40740 60 0 59 60.
40800 240 0 62 61.
40800 240 0 74 73.
41040 180 0 61 61.
41040 180 0 61 66.
41220 60 0 58 60.
41280 240 0 63 58.
41280 240 0 75 70.
41520 180 0 61 56.
41520 180 0 61 63.
41700 60 0 57 54.
41760 120 0 60 53.
41760 120 0 71 65.
42000 60 0 59 45.
42060 60 0 59 46.
42120 60 0 60 48.
42180 60 0 61 49.
42240 60 0 61 51.
42300 60 0 62 53.
42360 60 0 63 55.
42420 60 0 63 57.
42480 60 0 64 58.
42540 60 0 65 60.
42600 60 0 65 61.
42660 60 0 66 63.
42720 60 0 67 65.
42780 60 0 67 67.
42840 60 0 68 69.
42900 60 0 68 70.
42960 60 0 69 72.
43020 60 0 70 73.
43080 60 0 70 75.
43140 60 0 71 77.
43200 60 0 72 79.
43260 60 0 72 81.
43320 120 0 77 82.
43500 60 0 71 84.
43560 120 0 64 73.
43560 120 0 76 79.
43680 120 0 71 81.
43680 120 0 60 72.
43800 240 0 63 73.
43800 240 0 75 82.
44040 240 0 60 72.
44040 240 0 71 84.
44280 240 0 62 68.
44280 240 0 73 80.
44520 240 0 60 63.
44520 240 0 71 75.
44760 240 0 65 65.
44760 240 0 77 77.
45000 240 0 61 68.
45000 240 0 72 80.
45240 240 0 69 61.
45240 240 0 81 70.
45480 240 0 66 65.
45480 240 0 78 73.
45720 240 0 74 58.
45720 240 0 87 68.
45960 240 0 69 61.
45960 240 0 69 67.
45960 240 0 82 75.
46200 360 0 82 77.
46200 360 0 97 89.
46560 120 0 79 75.
46560 120 0 93 87.
46680 480 0 79 75.
46680 480 0 93 87.
47160 240 0 87 68.
47400 120 0 74 72.
47400 120 0 88 84.
47520 120 0 73 73.
47520 120 0 86 85.
47640 120 0 79 77.
47640 120 0 93 89.
47820 60 0 74 75.
47820 60 0 88 87.
47880 120 0 74 75.
47880 120 0 93 87.
48000 120 0 74 74.
48000 120 0 88 86.
48120 480 0 74 75.
48120 480 0 88 87.
48600 240 0 87 68.
48840 120 0 88 84.
48840 120 0 74 80.
48960 120 0 86 85.
48960 120 0 73 82.
49080 120 0 79 85.
49080 120 0 79 77.
49200 240 0 74 75.
49200 120 0 88 87.
49320 120 0 93 87.
49440 120 0 74 83.
49440 120 0 74 74.
49560 120 0 79 85.
49560 120 0 79 77.
49680 240 0 74 84.
49680 240 0 74 75.
49800 120 0 93 87.
49920 120 0 74 74.
49920 120 0 88 86.
50040 180 0 74 75.
50040 180 0 88 87.
50220 240 0 72 75.
50280 180 0 85 90.
50460 240 0 70 75.
50520 180 0 83 89.
50730 210 0 70 77.
50940 240 0 70 70.
51000 180 0 83 85.
51240 80 0 80 78.
51320 80 0 80 66.
51400 80 0 80 78.
51480 240 0 71 65.
51720 240 0 74 61.
51960 360 0 82 78.
51960 360 0 97 90.
52320 120 0 79 77.
52320 120 0 93 89.
52440 480 0 79 77.
52440 480 0 93 89.
52920 240 0 87 70.
53160 120 0 74 73.
53160 120 0 74 82.
53280 120 0 73 75.
53280 120 0 86 87.
53400 120 0 93 90.
53400 120 0 79 87.
53580 60 0 74 77.
53580 60 0 88 89.
53640 120 0 74 85.
53640 120 0 93 89.
53760 120 0 74 76.
53760 120 0 74 84.
53880 480 0 88 77.
53880 480 0 88 89.
54360 240 0 87 70.
54600 120 0 81 79.
54600 120 0 81 85.
54720 120 0 80 80.
54840 120 0 85 84.
54960 120 0 74 87.
55080 120 0 93 96.
55260 60 0 92 94.
55320 120 0 81 82.
55440 120 0 70 84.
55560 120 0 90 94.
55740 60 0 68 80.
55800 120 0 79 80.
55920 120 0 79 87.
56040 120 0 88 92.
56220 60 0 79 91.
56280 120 0 75 79.
56400 120 0 78 86.
56520 120 0 72 79.
56700 60 0 81 89.
56760 120 0 88 89.
56880 120 0 75 82.
57000 120 0 69 77.
57180 60 0 64 75.
57240 120 0 75 73.
57360 120 0 64 77.
57480 120 0 84 85.
57660 60 0 74 84.
57720 480 0 92 65.
58200 60 0 70 67.
58260 60 0 71 68.
58320 60 0 71 67.
58380 60 0 72 68.
58440 120 0 72 65.
58560 120 0 73 67.
58680 60 0 75 68.
58740 60 0 75 70.
58800 60 0 77 68.
58860 60 0 77 70.
58920 120 0 78 67.
59040 120 0 79 68.
59160 240 0 69 61.
59160 120 0 82 69.
59280 120 0 77 70.
59400 240 0 64 61.
59400 120 0 77 72.
59520 120 0 77 73.
59640 240 0 69 60.
59640 240 0 82 72.
59880 180 0 83 77.
59880 180 0 70 62.
59880 180 0 70 68.
60060 60 0 63 63.
60060 60 0 75 75.
60120 120 0 71 60.
60120 120 0 71 63.
60240 240 0 79 68.
60540 60 0 64 67.
60600 480 0 64 65.
61080 120 0 70 67.
61200 40 0 71 79.
61240 40 0 72 80.
61280 40 0 71 79.
61320 120 0 61 65.
61440 120 0 61 67.
61560 120 0 70 68.
61680 40 0 71 80.
61720 40 0 71 82.
61760 40 0 71 80.
61800 120 0 66 67.
61920 120 0 67 68.
62040 120 0 69 69.
62040 120 0 82 81.
62160 120 0 69 70.
62280 120 0 64 72.
62280 120 0 77 84.
62400 120 0 64 73.
62520 120 0 69 72.
62520 120 0 82 84.
62760 180 0 70 77.
62760 180 0 83 89.
62940 60 0 63 75.
62940 60 0 75 87.
63000 120 0 71 75.
63000 120 0 84 87.
63180 60 0 66 87.
63240 180 0 70 73.
63240 180 0 83 85.
63420 60 0 64 72.
63480 120 0 70 70.
63720 180 0 64 70.
63720 180 0 77 82.
63900 60 0 64 72.
63960 240 0 68 73.
63960 240 0 81 85.
64200 180 0 67 75.
64200 180 0 79 85.
64380 60 0 63 72.
64440 240 0 69 70.
64440 240 0 82 82.
64680 180 0 67 68.
64680 180 0 79 80.
64860 60 0 62 66.
64920 120 0 66 73.
64920 120 0 66 65.
65160 60 0 64 45.
65220 60 0 64 46.
65280 60 0 66 48.
65340 60 0 67 49.
65400 60 0 67 51.
65460 60 0 68 53.
65520 60 0 69 55.
65580 60 0 69 57.
65640 60 0 70 58.
65700 60 0 71 60.
65760 60 0 71 61.
65820 60 0 72 63.
65880 60 0 73 65.
65940 60 0 73 67.
66000 60 0 74 69.
66060 60 0 74 70.
66120 60 0 75 72.
66180 60 0 77 73.
66240 60 0 77 75.
66300 60 0 78 77.
66360 60 0 77 79.
66420 60 0 77 81.
66480 60 0 78 82.
66540 60 0 79 84.
66600 60 0 80 85.
66660 60 0 80 87.
66720 60 0 81 89.
66780 90 0 82 91.
66870 90 0 83 93.
66960 120 0 92 94.
67140 60 0 85 96.
67200 120 0 77 85.
67200 120 0 91 91.
67320 120 0 85 90.
67320 120 0 85 93.
67440 240 0 75 85.
67440 240 0 90 94.
67680 240 0 72 84.
67680 240 0 85 96.
67920 240 0 74 80.
67920 240 0 88 92.
68160 240 0 72 75.
68160 240 0 85 87.
68400 120 0 72 77.
68400 120 0 85 89.
68640 180 0 67 61.
68640 480 0 67 63.
68820 60 0 67 61.
68880 480 0 72 61.
69360 240 0 56 56.
69360 240 0 67 68.
69840 120 0 66 72.
70080 120 0 50 60.
70260 60 0 48 60.
70320 240 0 54 61.
70560 120 0 49 60.
70740 60 0 47 60.
70800 240 0 58 63.
71040 120 0 55 60.
71220 60 0 52 61.
71280 240 0 61 65.
71520 120 0 58 60.
71700 60 0 56 64.
71760 240 0 65 67.
72000 120 0 60 60.
72180 60 0 57 65.
72240 240 0 67 68.
72480 120 0 65 60.
72660 60 0 61 66.
72720 240 0 65 67.
72720 240 0 65 64.
72960 480 0 84 84.
72960 480 0 84 76.
73440 120 0 78 74.
73440 120 0 78 86.
73560 120 0 82 76.
73560 120 0 82 88.
73680 240 0 84 89.
73680 240 0 84 77.
73920 180 0 84 76.
73920 180 0 84 88.
74100 60 0 80 74.
74160 240 0 80 76.
74160 240 0 80 88.
74400 60 0 70 60.
74460 60 0 72 64.
74520 60 0 73 67.
74580 60 0 75 71.
74640 60 0 76 72.
74700 60 0 78 76.
74760 60 0 80 79.
74820 60 0 81 83.
74880 60 0 83 84.
74940 60 0 85 88.
75000 60 0 86 91.
75060 60 0 88 96.
75120 240 0 75 85.
75360 240 0 79 86.
75600 120 0 82 87.
75840 120 0 50 63.
76020 60 0 48 63.
76080 240 0 54 64.
76320 120 0 49 63.
76500 60 0 47 63.
76560 240 0 58 66.
76800 120 0 55 63.
76980 60 0 52 64.
77040 240 0 61 68.
77280 120 0 58 63.
77460 60 0 56 67.
77520 240 0 65 70.
77760 120 0 60 63.
77940 60 0 57 68.
78000 240 0 67 71.
78240 120 0 65 63.
78420 60 0 61 69.
78480 240 0 65 70.
78480 240 0 65 67.
78720 480 0 84 87.
78720 480 0 84 79.
79200 120 0 78 78.
79200 120 0 78 90.
79320 120 0 82 79.
79320 120 0 82 91.
79440 240 0 84 92.
79440 240 0 84 80.
79680 180 0 84 79.
79680 180 0 84 91.
79860 60 0 80 77.
79920 240 0 80 79.
79920 240 0 80 91.
80160 240 0 67 68.
80400 240 0 59 67.
80640 240 0 67 56.
80880 240 0 59 55.
81360 960 0 81 65.
82320 480 0 75 58.
82800 720 0 79 60.
83520 180 0 76 60.
83700 60 0 73 61.
83760 60 0 63 61.
83820 60 0 64 63.
83880 60 0 66 61.
83940 60 0 67 63.
84000 48 0 68 61.
84048 48 0 68 63.
84096 48 0 67 61.
84144 48 0 66 60.
84192 48 0 65 61.
84240 720 0 79 60.
84960 180 0 76 60.
85140 60 0 73 61.
85200 60 0 63 61.
85260 60 0 64 63.
85320 60 0 66 61.
85380 60 0 67 63.
85440 48 0 68 61.
85488 48 0 68 63.
85536 48 0 67 61.
85584 48 0 66 60.
85632 48 0 65 61.
85680 240 0 76 60.
85920 120 0 67 62.
86040 120 0 69 64.
86160 240 0 72 65.
86400 240 0 76 67.
86640 120 0 75 70.
86760 120 0 73 68.
86880 120 0 72 67.
87000 60 0 70 65.
87060 30 0 58 65.
87090 30 0 57 65.
87120 960 0 81 77.
88080 480 0 63 58.
88560 720 0 67 60.
89280 180 0 76 72.
89460 30 0 73 73.
89490 30 0 58 61.
89520 60 0 63 73.
89580 60 0 64 75.
89640 60 0 66 73.
89700 60 0 67 75.
89760 48 0 68 73.
89808 48 0 68 75.
89856 48 0 67 73.
89904 48 0 66 72.
89952 48 0 65 73.
90000 720 0 67 60.
90720 180 0 76 72.
90900 30 0 73 73.
90930 30 0 58 61.
90960 60 0 63 73.
91020 60 0 64 75.
91080 60 0 66 73.
91140 60 0 67 75.
91200 48 0 68 73.
91248 48 0 68 75.
91296 48 0 67 73.
91344 48 0 66 72.
91392 48 0 65 73.
91440 60 0 63 74.
91500 60 0 64 75.
91560 60 0 66 74.
91620 60 0 67 75.
91680 48 0 68 74.
91728 48 0 68 75.
91776 48 0 67 74.
91824 48 0 66 73.
91872 48 0 65 74.
91920 60 0 64 75.
91980 60 0 64 77.
92040 60 0 65 75.
92100 60 0 66 77.
92160 60 0 67 75.
92220 60 0 68 77.
92280 60 0 68 75.
92340 60 0 69 77.
92400 60 0 70 75.
92460 60 0 71 77.
92520 60 0 72 75.
92580 60 0 72 74.
92640 60 0 70 75.
92700 60 0 71 77.
92760 60 0 72 79.
92820 60 0 73 80.
92880 60 0 74 82.
92940 60 0 75 84.
93000 60 0 76 85.
93060 60 0 77 87.
93120 360 0 82 77.
93120 360 0 97 89.
93480 120 0 79 75.
93480 120 0 93 87.
93600 480 0 79 75.
93600 480 0 93 87.
94080 240 0 87 68.
94320 120 0 74 72.
94320 120 0 88 84.
94440 120 0 73 73.
94440 120 0 86 85.
94560 120 0 79 77.
94560 120 0 93 89.
94740 60 0 74 75.
94740 60 0 88 87.
94800 120 0 74 75.
94800 120 0 93 87.
94920 120 0 74 74.
94920 120 0 88 86.
95040 480 0 74 75.
95040 480 0 88 87.
95520 240 0 87 68.
95760 120 0 88 84.
95760 120 0 74 80.
95880 120 0 86 85.
95880 120 0 73 82.
96000 120 0 79 85.
96000 120 0 79 77.
96120 240 0 74 75.
96120 120 0 88 87.
96240 120 0 93 87.
96360 120 0 74 83.
96360 120 0 74 74.
96480 120 0 79 85.
96480 120 0 79 77.
96600 240 0 74 84.
96600 240 0 74 75.
96720 120 0 93 87.
96840 120 0 74 74.
96840 120 0 88 86.
96960 180 0 74 75.
96960 180 0 88 87.
97140 240 0 72 75.
97200 180 0 85 90.
97380 240 0 70 75.
97440 180 0 83 89.
97650 210 0 70 77.
97860 240 0 70 70.
97920 180 0 83 85.
98160 80 0 80 78.
98240 80 0 80 66.
98320 80 0 80 78.
98400 240 0 71 65.
98640 240 0 74 61.
98880 360 0 82 78.
98880 360 0 97 90.
99240 120 0 79 77.
99240 120 0 93 89.
99360 480 0 79 77.
99360 480 0 93 89.
99840 240 0 87 70.
100080 120 0 74 73.
100080 120 0 74 82.
100200 120 0 73 75.
100200 120 0 86 87.
100320 120 0 93 90.
100320 120 0 79 87.
100500 60 0 74 77.
100500 60 0 88 89.
100560 120 0 74 85.
100560 120 0 93 89.
100680 120 0 74 76.
100680 120 0 74 84.
100800 480 0 88 77.
100800 480 0 88 89.
101280 240 0 87 70.
101520 120 0 81 79.
101520 120 0 81 85.
101640 120 0 80 80.
101760 120 0 85 84.
101880 120 0 74 87.
102000 120 0 93 96.
102180 60 0 92 94.
102240 120 0 81 82.
102360 120 0 70 84.
102480 120 0 90 94.
102660 60 0 68 80.
102720 120 0 79 80.
102840 120 0 79 87.
102960 120 0 88 92.
103140 60 0 79 91.
103200 120 0 75 79.
103320 120 0 78 86.
103440 120 0 72 79.
103620 60 0 81 89.
103680 120 0 88 89.
103800 120 0 75 82.
103920 120 0 69 77.
104100 60 0 64 75.
104160 120 0 75 73.
104280 120 0 64 77.
104400 120 0 84 85.
104580 60 0 74 84.
104640 480 0 92 65.
105120 60 0 70 67.
105180 60 0 71 68.
105240 60 0 71 67.
105300 60 0 72 68.
105360 120 0 72 65.
105480 120 0 73 67.
105600 60 0 75 68.
105660 60 0 75 70.
105720 60 0 77 68.
105780 60 0 77 70.
105840 120 0 78 67.
105960 120 0 79 68.
106080 240 0 69 61.
106080 120 0 82 69.
106200 120 0 77 70.
106320 240 0 64 61.
106320 120 0 77 72.
106440 120 0 77 73.
106560 240 0 69 60.
106560 240 0 82 72.
106800 180 0 83 77.
106800 180 0 70 62.
106800 180 0 70 68.
106980 60 0 63 63.
106980 60 0 75 75.
107040 120 0 71 60.
107040 120 0 71 63.
107160 240 0 79 68.
107460 60 0 64 67.
107520 480 0 64 65.
108000 120 0 70 67.
108120 40 0 71 79.
108160 40 0 72 80.
108200 40 0 71 79.
108240 120 0 61 65.
108360 120 0 61 67.
108480 120 0 70 68.
108600 40 0 71 80.
108640 40 0 71 82.
108680 40 0 71 80.
108720 120 0 66 67.
108840 120 0 67 68.
108960 120 0 69 69.
108960 120 0 82 81.
109080 120 0 69 70.
109200 120 0 64 72.
109200 120 0 77 84.
109320 120 0 64 73.
109440 120 0 69 72.
109440 120 0 82 84.
109680 180 0 70 77.
109680 180 0 83 89.
109860 60 0 63 75.
109860 60 0 75 87.
109920 120 0 71 75.
109920 120 0 84 87.
110100 60 0 66 87.
110160 180 0 70 73.
110160 180 0 83 85.
110340 60 0 64 72.
110400 120 0 70 70.
110640 180 0 64 70.
110640 180 0 77 82.
110820 60 0 64 72.
110880 240 0 68 73.
110880 240 0 81 85.
111120 180 0 67 75.
111120 180 0 79 85.
111300 60 0 63 72.
111360 240 0 69 70.
111360 240 0 82 82.
111600 180 0 67 68.
111600 180 0 79 80.
111780 60 0 62 66.
111840 120 0 66 73.
111840 120 0 66 65.
112080 60 0 64 45.
112140 60 0 64 46.
112200 60 0 66 48.
112260 60 0 67 49.
112320 60 0 67 51.
112380 60 0 68 53.
112440 60 0 69 55.
112500 60 0 69 57.
112560 60 0 70 58.
112620 60 0 71 60.
112680 60 0 71 61.
112740 60 0 72 63.
112800 60 0 73 65.
112860 60 0 73 67.
112920 60 0 74 69.
112980 60 0 74 70.
113040 60 0 75 72.
113100 60 0 77 73.
113160 60 0 77 75.
113220 60 0 78 77.
113280 60 0 77 79.
113340 60 0 77 81.
113400 60 0 78 82.
113460 60 0 79 84.
113520 60 0 80 85.
113580 60 0 80 87.
113640 60 0 81 89.
113700 90 0 82 91.
113790 90 0 83 93.
113880 120 0 92 94.
114060 60 0 85 96.
114120 120 0 77 85.
114120 120 0 91 91.
114240 120 0 85 90.
114240 120 0 85 93.
114360 240 0 75 85.
114360 240 0 90 94.
114600 240 0 72 84.
114600 240 0 85 96.
114840 240 0 74 80.
114840 240 0 88 92.
115080 240 0 72 75.
115080 240 0 85 87.
115320 120 0 72 77.
115320 120 0 85 89.
115560 180 0 67 61.
115560 480 0 67 63.
115740 60 0 67 61.
115800 480 0 72 61.
116280 240 0 56 56.
116280 240 0 67 68.
116670 480 0 75 56.
116730 420 0 83 64.
117150 480 0 75 56.
117210 420 0 83 64.
117630 480 0 74 56.
117690 420 0 81 64.
118110 480 0 75 56.
118170 420 0 83 64.
118590 480 0 75 56.
118650 420 0 83 64.
119070 570 0 75 56.
119130 510 0 84 64.
119640 60 0 73 56.
119640 60 0 83 64.
122520 960 0 52 56.
123480 360 0 49 57.
123840 120 0 51 57.
123960 360 0 51 56.
124320 120 0 49 56.
124440 480 0 54 56.
124440 480 0 64 68.
124920 480 0 47 57.
124920 480 0 56 66.
125400 360 0 49 56.
125760 120 0 48 56.
125880 240 0 51 56.
125880 240 0 61 68.
126240 120 0 47 57.
126360 240 0 48 56.
126600 240 0 49 56.
126600 240 0 58 68.
126840 240 0 54 59.
126840 240 0 64 71.
127080 60 0 55 61.
127080 60 0 65 73.
127200 60 0 56 63.
127200 60 0 67 75.
127320 120 0 59 64.
127320 120 0 70 76.
127560 120 0 53 59.
127560 120 0 63 71.
127800 480 0 62 68.
127800 480 0 73 80.
128280 720 0 56 59.
128280 720 0 56 69.
129000 60 0 57 59.
129000 60 0 68 71.
129120 60 0 57 59.
129120 60 0 68 71.
129240 120 0 59 59.
129240 120 0 70 71.
129480 120 0 56 59.
129480 120 0 67 71.
129720 360 0 61 59.
129720 360 0 72 71.
130080 120 0 57 64.
130080 120 0 68 76.
130200 480 0 61 64.
130200 480 0 72 76.
130680 480 0 56 59.
130680 480 0 67 68.
131160 240 0 62 57.
131160 720 0 73 66.
131400 60 0 71 59.
131520 60 0 60 57.
131640 120 0 74 59.
131880 240 0 61 57.
131880 240 0 72 66.
132120 60 0 60 57.
132120 60 0 71 68.
132240 60 0 59 57.
132240 60 0 70 66.
132360 60 0 58 57.
132360 60 0 69 64.
132480 60 0 56 63.
132480 60 0 56 59.
132600 360 0 71 56.
132600 840 0 71 68.
132960 120 0 69 61.
133080 960 0 73 59.
133440 120 0 70 71.
133560 480 0 70 71.
134040 720 0 61 56.
134760 60 0 60 55.
134880 60 0 60 56.
135000 120 0 62 57.
135240 60 0 59 57.
135360 60 0 62 57.
135480 360 0 64 56.
135840 120 0 61 56.
135960 480 0 63 56.
135960 480 0 76 68.
136440 480 0 64 57.
136440 480 0 76 66.
136920 360 0 66 56.
137280 120 0 69 56.
137400 240 0 71 56.
137400 240 0 83 68.
137760 120 0 67 57.
137880 240 0 68 56.
138120 240 0 70 56.
138120 240 0 83 68.
138360 480 0 72 59.
138360 480 0 85 71.
138840 120 0 65 61.
138840 120 0 77 73.
138960 120 0 67 63.
138960 120 0 79 75.
139080 120 0 68 64.
139080 120 0 81 76.
139200 120 0 71 66.
139200 120 0 85 78.
139320 360 0 88 71.
139320 480 0 74 76.
139800 720 0 74 75.
140520 240 0 72 58.
140520 480 0 86 70.
140760 240 0 76 67.
141000 240 0 81 70.
141240 360 0 85 70.
141240 360 0 101 82.
141600 120 0 83 75.
141600 840 0 99 87.
141720 360 0 100 79.
142080 120 0 81 67.
142200 240 0 81 67.
142440 120 0 78 72.
142440 120 0 78 79.
142680 480 0 85 70.
142680 480 0 102 82.
143400 60 0 83 58.
143520 60 0 83 58.
143640 120 0 89 58.
143640 120 0 89 68.
143880 120 0 86 65.
143880 120 0 86 70.
144120 120 0 94 63.
144120 120 0 111 75.
144270 240 0 70 51.
144330 180 0 74 59.
144510 240 0 72 51.
144570 180 0 78 59.
144750 240 0 74 51.
144810 180 0 80 59.
144990 240 0 77 51.
145050 180 0 82 59.
145230 330 0 80 51.
145290 270 0 85 59.
145560 120 0 84 52.
145560 120 0 99 64.
145950 480 0 79 56.
146010 420 0 88 64.
146430 480 0 78 56.
146490 420 0 86 64.
146910 480 0 79 56.
146970 420 0 88 64.
147390 480 0 79 56.
147450 420 0 88 64.
147870 570 0 79 56.
147930 510 0 89 64.
148440 60 0 73 56.
148440 60 0 83 64.
151320 960 0 52 56.
152280 360 0 49 57.
152640 120 0 51 57.
152760 360 0 51 56.
153120 120 0 49 56.
153240 480 0 54 56.
153240 480 0 64 68.
153720 480 0 47 57.
153720 480 0 56 66.
154200 360 0 49 56.
154560 120 0 48 56.
154680 240 0 51 56.
154680 240 0 61 68.
155040 120 0 47 57.
155160 240 0 48 56.
155400 240 0 49 56.
155400 240 0 58 68.
155640 240 0 54 59.
155640 240 0 64 71.
155880 60 0 55 61.
155880 60 0 65 73.
156000 60 0 56 63.
156000 60 0 67 75.
156120 120 0 59 64.
156120 120 0 70 76.
156360 120 0 53 59.
156360 120 0 63 71.
156600 480 0 62 68.
156600 480 0 73 80.
157080 720 0 56 59.
157080 720 0 56 69.
157800 60 0 57 59.
157800 60 0 68 71.
157920 60 0 57 59.
157920 60 0 68 71.
158040 120 0 59 59.
158040 120 0 70 71.
158280 120 0 56 59.
158280 120 0 67 71.
158520 360 0 61 59.
158520 360 0 72 71.
158880 120 0 57 64.
158880 120 0 68 76.
159000 480 0 61 64.
159000 480 0 72 76.
159480 480 0 56 59.
159480 480 0 67 68.
159960 240 0 62 57.
159960 720 0 73 66.
160200 60 0 71 59.
160320 60 0 60 57.
160440 120 0 74 59.
160680 240 0 61 57.
160680 240 0 72 66.
160920 60 0 60 57.
160920 60 0 71 68.
161040 60 0 59 57.
161040 60 0 70 66.
161160 60 0 58 57.
161160 60 0 69 64.
161280 60 0 56 63.
161280 60 0 56 59.
161400 360 0 71 56.
161400 840 0 71 68.
161760 120 0 69 61.
161880 960 0 73 59.
162240 120 0 70 71.
162360 480 0 70 71.
162840 720 0 61 56.
163560 60 0 60 55.
163680 60 0 60 56.
163800 120 0 62 57.
164040 60 0 59 57.
164160 60 0 62 57.
164280 360 0 64 56.
164640 120 0 61 56.
164760 480 0 63 56.
164760 480 0 76 68.
165240 480 0 64 57.
165240 480 0 76 66.
165720 360 0 66 56.
166080 120 0 69 56.
166200 240 0 71 56.
166200 240 0 83 68.
166560 120 0 67 57.
166680 240 0 68 56.
166920 240 0 70 56.
166920 240 0 83 68.
167160 480 0 72 59.
167160 480 0 85 71.
167640 120 0 65 61.
167640 120 0 77 73.
167760 120 0 67 63.
167760 120 0 79 75.
167880 120 0 68 64.
167880 120 0 81 76.
168000 120 0 71 66.
168000 120 0 85 78.
168120 360 0 88 71.
168120 480 0 74 76.
168600 720 0 74 75.
169320 240 0 72 58.
169320 480 0 86 70.
169560 240 0 76 67.
169800 240 0 81 70.
170040 360 0 85 70.
170040 360 0 101 82.
170400 120 0 83 75.
170400 840 0 99 87.
170520 360 0 100 79.
170880 120 0 81 67.
171000 240 0 81 67.
171240 120 0 78 72.
171240 120 0 78 79.
171480 480 0 85 70.
171480 480 0 102 82.
172200 60 0 83 58.
172320 60 0 83 58.
172440 120 0 89 58.
172440 120 0 89 68.
172680 120 0 86 65.
172680 120 0 86 70.
172920 120 0 83 63.
172920 120 0 111 75.
173160 60 0 79 63.
173280 60 0 75 63.
173400 240 0 81 63.
173640 60 0 78 63.
173760 60 0 73 63.
173880 240 0 79 63.
174120 60 0 74 63.
174240 60 0 71 63.
174360 240 0 60 61.
174360 480 0 96 75.
174840 240 0 64 63.
175320 240 0 69 60.
175320 240 0 81 72.
175560 120 0 66 66.
175680 120 0 64 66.
175800 240 0 68 65.
176040 60 0 64 65.
176160 60 0 58 65.
176280 240 0 62 65.
176760 240 0 64 60.
176760 480 0 76 72.
177000 120 0 64 64.
177120 120 0 63 64.
177240 240 0 68 65.
177240 120 0 80 70.
177360 120 0 76 68.
177480 60 0 64 60.
177600 60 0 58 60.
177720 240 0 62 60.
177960 120 0 59 62.
178080 120 0 59 62.
178200 240 0 64 59.
178200 480 0 76 67.
178440 120 0 60 62.
178560 120 0 59 62.
178680 240 0 56 60.
178920 120 0 58 59.
179040 120 0 58 60.
179160 60 0 66 65.
179400 120 0 58 60.
0 480 0 63 27.
720 120 0 45 49.
720 120 0 53 57.
840 120 0 47 50.
840 120 0 56 58.
960 120 0 50 54.
1080 120 0 52 55.
1200 120 0 55 56.
1320 120 0 68 57.
1920 120 0 56 46.
2400 480 0 47 59.
2880 240 0 40 58.
3360 130 0 42 59.
3480 130 0 39 58.
3600 130 0 40 52.
3720 130 0 42 51.
3840 130 0 47 59.
3960 130 0 45 58.
4080 130 0 47 52.
4200 130 0 47 51.
4320 130 0 53 59.
4440 130 0 50 58.
4560 130 0 53 52.
4680 130 0 55 51.
4800 130 0 61 59.
4920 130 0 58 58.
5040 130 0 59 52.
5160 130 0 61 51.
5280 130 0 70 59.
5400 130 0 64 58.
5520 130 0 66 52.
5640 120 0 68 51.
5760 480 0 63 39.
6480 120 0 45 53.
6600 120 0 47 54.
6720 120 0 50 55.
6840 120 0 52 56.
6960 120 0 55 57.
7080 120 0 68 58.
7680 120 0 56 47.
8160 480 0 40 55.
8640 240 0 34 59.
9120 130 0 42 61.
9240 130 0 39 59.
9360 130 0 40 54.
9480 130 0 42 52.
9600 130 0 47 61.
9720 130 0 45 59.
9840 130 0 47 54.
9960 130 0 47 52.
10080 130 0 53 61.
10200 130 0 50 59.
10320 130 0 53 54.
10440 130 0 55 52.
10560 130 0 61 61.
10680 130 0 58 59.
10800 130 0 59 54.
10920 130 0 61 52.
11040 130 0 70 61.
11160 130 0 64 59.
11280 130 0 66 54.
11400 120 0 68 52.
11520 480 0 63 39.
13440 120 0 64 51.
13920 480 0 67 57.
13920 480 0 67 63.
14400 240 0 52 27.
15120 120 0 49 56.
15240 120 0 51 57.
15360 120 0 55 58.
15480 120 0 57 59.
15600 120 0 60 60.
15720 120 0 62 61.
15840 120 0 71 62.
16320 120 0 54 39.
16800 480 0 58 58.
16800 480 0 58 56.
17280 240 0 54 27.
17760 120 0 54 34.
18000 60 0 46 39.
18120 60 0 49 41.
18240 60 0 51 43.
18360 60 0 52 44.
18480 60 0 55 46.
18600 60 0 56 48.
18720 60 0 59 49.
19200 60 0 54 39.
19680 480 0 59 55.
20280 120 0 53 61.
20400 120 0 53 58.
20520 120 0 54 51.
20640 120 0 63 67.
20760 120 0 58 61.
20880 120 0 58 58.
21000 120 0 58 51.
21120 120 0 63 67.
21240 120 0 58 61.
21360 120 0 58 58.
21480 120 0 59 51.
21600 120 0 68 67.
21720 120 0 60 61.
21840 120 0 61 58.
21960 120 0 62 51.
22080 120 0 70 61.
22200 120 0 63 55.
22320 120 0 63 51.
22440 120 0 63 46.
22560 120 0 72 55.
22680 120 0 66 49.
22800 120 0 65 46.
22920 120 0 66 39.
23040 120 0 61 32.
23280 240 0 61 51.
23520 240 0 70 68.
23520 240 0 59 56.
23760 60 0 78 51.
24000 120 0 79 56.
24240 240 0 67 39.
24480 240 0 72 44.
24720 240 0 67 63.
24960 240 0 69 68.
24960 240 0 58 56.
25200 60 0 73 51.
25440 120 0 79 56.
25680 240 0 67 39.
25920 240 0 72 44.
26160 240 0 67 63.
26400 240 0 69 68.
26400 240 0 58 56.
26640 120 0 56 39.
26880 120 0 59 44.
27060 210 0 57 39.
27120 150 0 68 54.
27300 300 0 57 48.
27360 150 0 68 57.
27540 210 0 56 53.
27750 330 0 58 46.
27780 300 0 58 53.
27840 240 0 69 61.
28080 240 0 65 42.
28320 240 0 65 41.
28560 240 0 63 49.
28800 120 0 72 46.
29040 240 0 61 53.
29280 240 0 70 70.
29280 240 0 59 58.
29520 60 0 78 53.
29760 120 0 79 58.
30000 240 0 67 41.
30240 240 0 72 46.
30480 240 0 67 65.
30720 240 0 69 70.
30720 240 0 58 58.
30960 60 0 73 53.
31200 120 0 79 58.
31440 240 0 67 46.
31680 120 0 72 39.
31920 120 0 55 61.
31920 120 0 55 63.
32160 120 0 59 39.
32400 120 0 53 60.
32640 120 0 57 39.
32880 120 0 51 58.
33120 120 0 54 34.
33360 120 0 50 56.
33360 120 0 50 58.
33600 120 0 56 39.
33840 120 0 52 55.
34080 240 0 57 41.
34560 240 0 57 37.
34800 240 0 50 53.
35040 240 0 58 36.
35280 240 0 52 52.
35280 240 0 52 58.
35520 240 0 71 41.
35760 240 0 67 53.
35760 240 0 67 60.
36000 120 0 70 51.
36240 240 0 55 51.
36480 240 0 55 44.
36480 240 0 65 56.
37200 240 0 56 44.
37440 240 0 57 37.
37680 240 0 50 53.
37920 240 0 58 36.
38160 240 0 52 58.
38160 240 0 52 60.
38400 240 0 71 41.
38640 240 0 67 56.
38640 240 0 67 65.
38880 120 0 70 51.
39120 240 0 55 58.
39120 240 0 55 63.
39360 120 0 55 56.
39360 120 0 65 68.
39600 180 0 64 68.
39600 180 0 64 62.
39780 60 0 58 68.
39780 60 0 58 72.
39840 120 0 65 68.
39840 120 0 65 60.
40020 240 0 56 53.
40080 180 0 66 69.
40260 240 0 60 46.
40320 180 0 71 61.
40530 210 0 56 46.
40770 240 0 52 41.
41040 180 0 62 39.
41220 240 0 52 34.
41250 210 0 52 41.
41490 210 0 51 46.
41730 210 0 56 41.
43560 120 0 62 27.
43800 120 0 56 39.
44040 240 0 61 51.
44280 240 0 70 65.
44280 240 0 59 53.
44520 240 0 56 48.
44520 240 0 66 60.
44760 240 0 61 49.
44760 240 0 72 61.
45000 240 0 56 41.
45240 240 0 60 46.
45240 240 0 72 58.
45480 240 0 69 46.
45720 240 0 77 51.
45960 240 0 60 27.
46200 120 0 67 32.
46440 240 0 67 60.
46440 240 0 79 63.
46680 240 0 77 68.
46680 240 0 64 56.
46920 60 0 72 39.
47160 120 0 73 44.
47400 240 0 61 27.
47640 240 0 67 32.
47880 240 0 61 60.
47880 240 0 61 51.
48120 240 0 75 68.
48120 240 0 63 56.
48360 60 0 80 51.
48600 120 0 73 44.
48840 240 0 61 27.
49080 240 0 67 32.
49320 240 0 61 60.
49320 240 0 61 51.
49560 240 0 75 68.
49560 240 0 63 56.
49800 120 0 61 39.
50040 120 0 64 44.
50220 210 0 62 39.
50280 150 0 74 54.
50460 300 0 62 48.
50520 150 0 74 57.
50700 210 0 61 60.
50940 300 0 63 46.
51000 240 0 75 61.
51240 240 0 60 42.
51480 240 0 60 41.
51720 240 0 58 37.
51960 120 0 67 34.
52200 240 0 79 61.
52200 240 0 79 65.
52440 240 0 77 70.
52440 240 0 64 58.
52680 60 0 85 53.
52920 120 0 73 46.
53160 240 0 61 29.
53400 240 0 67 34.
53640 240 0 61 61.
53640 240 0 61 53.
53880 240 0 75 70.
53880 240 0 63 58.
54120 60 0 80 53.
54360 120 0 73 46.
54600 240 0 61 34.
54840 120 0 67 27.
55080 240 0 60 67.
55080 120 0 72 72.
55320 120 0 75 51.
55560 240 0 58 60.
55800 120 0 73 51.
56040 240 0 56 58.
56280 120 0 70 46.
56520 240 0 55 56.
56520 240 0 55 58.
56640 120 0 70 65.
56760 120 0 72 51.
57000 240 0 57 55.
57240 240 0 62 41.
57480 240 0 68 56.
57600 120 0 70 60.
57720 240 0 62 37.
57960 240 0 55 53.
58200 240 0 63 36.
58440 240 0 57 52.
58440 240 0 57 58.
58680 240 0 78 41.
58920 240 0 73 53.
58920 240 0 73 60.
59160 120 0 77 51.
59400 240 0 60 51.
59640 240 0 60 44.
59640 240 0 71 56.
60360 240 0 61 44.
60600 240 0 62 37.
60840 240 0 55 53.
61080 240 0 63 36.
61320 240 0 57 58.
61320 240 0 57 60.
61560 240 0 78 41.
61800 240 0 73 56.
61800 240 0 73 65.
62040 120 0 77 51.
62280 240 0 60 58.
62280 240 0 60 63.
62520 120 0 60 56.
62520 120 0 71 68.
62760 180 0 70 68.
62760 180 0 70 62.
62940 60 0 63 68.
62940 60 0 63 72.
63000 120 0 71 68.
63000 120 0 71 60.
63150 270 0 61 53.
63210 210 0 61 63.
63420 240 0 66 46.
63480 180 0 78 61.
63690 210 0 61 58.
63930 210 0 57 53.
64170 210 0 57 46.
64410 210 0 57 41.
64650 210 0 56 46.
64890 210 0 61 53.
67200 120 0 68 27.
67440 120 0 61 51.
67680 240 0 67 72.
67680 240 0 67 63.
67920 240 0 77 77.
67920 240 0 64 65.
68160 240 0 61 60.
68160 240 0 72 72.
68400 120 0 61 61.
68400 120 0 72 73.
68640 480 0 58 39.
69120 120 0 51 27.
69360 120 0 51 32.
69840 120 0 47 24.
70080 120 0 41 36.
70260 60 0 39 36.
70320 240 0 52 40.
70560 120 0 42 28.
70740 60 0 43 40.
70800 240 0 48 41.
71040 120 0 47 29.
71220 60 0 44 41.
71280 240 0 52 43.
71520 120 0 47 31.
71700 60 0 46 43.
71760 240 0 61 44.
72000 120 0 50 32.
72180 60 0 51 44.
72240 240 0 57 44.
72480 120 0 56 32.
72660 60 0 53 44.
72720 240 0 55 43.
72960 60 0 62 55.
73080 60 0 64 55.
73200 120 0 71 57.
73320 120 0 66 55.
73440 60 0 66 55.
73560 60 0 66 55.
73680 120 0 77 55.
73920 240 0 63 62.
73920 240 0 63 67.
74160 240 0 58 60.
74160 240 0 58 72.
75120 240 0 69 73.
75360 240 0 62 62.
75600 120 0 65 63.
75840 120 0 41 39.
76020 60 0 39 39.
76080 240 0 52 43.
76320 120 0 42 31.
76500 60 0 43 43.
76560 240 0 48 44.
76800 120 0 47 32.
76980 60 0 44 44.
77040 240 0 52 46.
77280 120 0 47 34.
77460 60 0 45 46.
77520 240 0 61 47.
77760 120 0 50 35.
77940 60 0 51 47.
78000 240 0 57 47.
78240 120 0 56 35.
78420 60 0 53 47.
78480 240 0 55 46.
78720 60 0 62 58.
78840 60 0 64 58.
78960 120 0 71 60.
79080 120 0 66 58.
79200 60 0 66 58.
79320 60 0 66 58.
79440 120 0 77 58.
79590 330 0 63 58.
79650 270 0 63 68.
79920 240 0 58 63.
79920 240 0 58 75.
80160 240 0 48 59.
80400 240 0 45 58.
80640 240 0 48 47.
80880 240 0 45 46.
81120 120 0 54 39.
81360 120 0 58 25.
81600 120 0 45 53.
81720 120 0 47 53.
81840 240 0 49 53.
82080 240 0 45 53.
82320 240 0 45 53.
82560 240 0 45 53.
82800 240 0 53 36.
83040 120 0 56 55.
83160 120 0 56 55.
83280 240 0 59 55.
83520 240 0 54 55.
83760 240 0 65 46.
84000 240 0 54 55.
84240 240 0 53 36.
84480 120 0 56 55.
84600 120 0 56 55.
84720 240 0 50 52.
84960 240 0 54 55.
85200 240 0 65 46.
85440 240 0 45 53.
85680 240 0 63 48.
85920 120 0 56 60.
85920 120 0 47 58.
86040 120 0 47 55.
86040 120 0 56 60.
86160 240 0 50 55.
86160 240 0 59 60.
86400 240 0 45 58.
86400 240 0 54 60.
86640 240 0 55 41.
86880 240 0 54 60.
87120 240 0 58 37.
87360 120 0 45 58.
87360 120 0 54 65.
87480 120 0 47 55.
87480 120 0 47 58.
87600 240 0 49 58.
87600 240 0 58 65.
87840 240 0 45 55.
87840 240 0 54 65.
88080 240 0 54 65.
88320 240 0 54 65.
88560 240 0 53 36.
88800 120 0 56 64.
88920 120 0 56 64.
89040 240 0 59 64.
89280 240 0 45 55.
89520 240 0 55 34.
89760 240 0 45 56.
89760 240 0 54 65.
90000 240 0 53 36.
90240 120 0 56 64.
90360 120 0 56 64.
90480 240 0 59 64.
90720 240 0 45 55.
90960 240 0 55 34.
91200 240 0 45 56.
91200 240 0 45 53.
91440 240 0 55 34.
91680 240 0 46 56.
91680 240 0 55 68.
91920 240 0 68 39.
92160 240 0 49 61.
92160 240 0 58 63.
92400 240 0 61 58.
92400 240 0 61 63.
92640 480 0 51 61.
92640 480 0 51 67.
93120 120 0 67 32.
93360 240 0 67 60.
93360 240 0 79 63.
93600 240 0 77 68.
93600 240 0 64 56.
93840 60 0 72 39.
94080 120 0 73 44.
94320 240 0 61 27.
94560 240 0 67 32.
94800 240 0 61 60.
94800 240 0 61 51.
95040 240 0 75 68.
95040 240 0 63 56.
95280 60 0 80 51.
95520 120 0 73 44.
95760 240 0 61 27.
96000 240 0 67 32.
96240 240 0 61 60.
96240 240 0 61 51.
96480 240 0 75 68.
96480 240 0 63 56.
96720 120 0 61 39.
96960 120 0 64 44.
97140 210 0 62 39.
97200 150 0 74 54.
97380 300 0 62 48.
97440 150 0 74 57.
97620 210 0 61 60.
97860 300 0 63 46.
97920 240 0 75 61.
98160 240 0 60 42.
98400 240 0 60 41.
98640 240 0 58 37.
98880 120 0 67 34.
99120 240 0 79 61.
99120 240 0 79 65.
99360 240 0 77 70.
99360 240 0 64 58.
99600 60 0 85 53.
99840 120 0 73 46.
100080 240 0 61 29.
100320 240 0 67 34.
100560 240 0 61 61.
100560 240 0 61 53.
100800 240 0 75 70.
100800 240 0 63 58.
101040 60 0 80 53.
101280 120 0 73 46.
101520 240 0 61 34.
101760 120 0 67 27.
102000 240 0 60 67.
102000 120 0 72 72.
102240 120 0 75 51.
102480 240 0 58 60.
102720 120 0 73 51.
102960 240 0 56 58.
103200 120 0 70 46.
103440 240 0 55 56.
103440 240 0 55 58.
103560 120 0 70 65.
103680 120 0 72 51.
103920 240 0 57 55.
104160 240 0 62 41.
104400 240 0 68 56.
104520 120 0 70 60.
104640 240 0 62 37.
104880 240 0 55 53.
105120 240 0 63 36.
105360 240 0 57 52.
105360 240 0 57 58.
105600 240 0 78 41.
105840 240 0 73 53.
105840 240 0 73 60.
106080 120 0 77 51.
106320 240 0 60 51.
106560 240 0 60 44.
106560 240 0 71 56.
107280 240 0 61 44.
107520 240 0 62 37.
107760 240 0 55 53.
108000 240 0 63 36.
108240 240 0 57 58.
108240 240 0 57 60.
108480 240 0 78 41.
108720 240 0 73 56.
108720 240 0 73 65.
108960 120 0 77 51.
109200 240 0 60 58.
109200 240 0 60 63.
109440 120 0 60 56.
109440 120 0 71 68.
109680 180 0 70 68.
109680 180 0 70 62.
109860 60 0 63 68.
109860 60 0 63 72.
109920 120 0 71 68.
109920 120 0 71 60.
110070 270 0 61 53.
110130 210 0 61 63.
110340 240 0 66 46.
110400 180 0 78 61.
110610 210 0 61 58.
110850 210 0 57 53.
111090 210 0 57 46.
111330 210 0 57 41.
111570 210 0 56 46.
111810 210 0 61 53.
114120 120 0 68 27.
114360 120 0 61 51.
114600 240 0 67 72.
114600 240 0 67 63.
114840 240 0 77 77.
114840 240 0 64 65.
115080 240 0 61 60.
115080 240 0 72 72.
115320 120 0 61 61.
115320 120 0 72 73.
115560 480 0 58 39.
116040 120 0 51 27.
116280 120 0 51 32.
116700 450 0 59 40.
116730 420 0 63 47.
117210 420 0 63 47.
117690 420 0 63 47.
118170 420 0 63 47.
118650 420 0 63 47.
119130 510 0 63 47.
119640 60 0 59 47.
119760 60 0 34 39.
119880 60 0 34 37.
120000 60 0 34 35.
120120 60 0 41 40.
120240 60 0 38 39.
120360 60 0 34 37.
120480 60 0 34 35.
120600 60 0 41 40.
120720 60 0 34 39.
120840 60 0 34 37.
120960 60 0 34 35.
121080 60 0 41 40.
121200 60 0 34 39.
121320 60 0 34 37.
121440 60 0 34 35.
121560 60 0 41 40.
121680 60 0 38 39.
121800 60 0 34 37.
121920 60 0 34 35.
122040 60 0 41 40.
122160 60 0 34 39.
122280 60 0 34 37.
122400 60 0 34 35.
122520 60 0 43 40.
122640 60 0 35 39.
122760 60 0 35 37.
122880 60 0 35 35.
123000 60 0 43 40.
123120 60 0 39 39.
123240 60 0 35 37.
123360 60 0 35 35.
123480 60 0 43 40.
123600 60 0 35 39.
123720 60 0 36 37.
123840 60 0 36 35.
123960 60 0 43 40.
124080 60 0 36 39.
124200 60 0 36 37.
124320 60 0 36 35.
124440 60 0 43 40.
124560 60 0 40 39.
124680 60 0 36 37.
124800 60 0 36 35.
124920 60 0 43 40.
125040 60 0 36 39.
125160 60 0 36 37.
125280 60 0 36 35.
125400 60 0 43 40.
125520 60 0 36 39.
125640 60 0 36 37.
125760 60 0 36 35.
125880 60 0 44 40.
126000 60 0 42 39.
126120 60 0 37 37.
126240 60 0 37 35.
126360 60 0 46 40.
126480 60 0 38 39.
126600 60 0 38 37.
126720 60 0 39 35.
126840 60 0 48 40.
126960 60 0 39 39.
127080 60 0 39 37.
127200 60 0 40 35.
127320 60 0 49 40.
127440 60 0 44 39.
127560 60 0 40 37.
127680 60 0 40 35.
127800 60 0 49 40.
127920 60 0 40 39.
128040 60 0 40 37.
128160 60 0 40 35.
128280 60 0 49 40.
128400 60 0 40 39.
128520 60 0 40 37.
128640 60 0 40 35.
128760 60 0 49 40.
128880 60 0 45 39.
129000 60 0 40 37.
129120 60 0 40 35.
129240 60 0 49 40.
129360 60 0 40 39.
129480 60 0 41 37.
129600 60 0 41 35.
129720 60 0 49 40.
129840 60 0 41 39.
129960 60 0 41 37.
130080 60 0 41 35.
130200 60 0 49 40.
130320 60 0 45 39.
130440 60 0 41 37.
130560 60 0 41 35.
130680 60 0 50 40.
130800 60 0 41 39.
130920 60 0 41 37.
131040 60 0 41 35.
131160 60 0 50 40.
131280 60 0 41 39.
131400 60 0 41 37.
131520 60 0 41 35.
131640 60 0 50 40.
131760 60 0 45 39.
131880 60 0 41 37.
132000 60 0 41 35.
132120 60 0 50 40.
132240 60 0 41 39.
132360 60 0 41 37.
132480 60 0 41 35.
132600 60 0 50 40.
132720 60 0 41 39.
132840 60 0 41 37.
132960 60 0 41 35.
133080 60 0 51 40.
133200 60 0 46 39.
133320 60 0 42 37.
133440 60 0 42 35.
133560 60 0 51 40.
133680 60 0 42 39.
133800 60 0 42 37.
133920 60 0 42 35.
134040 60 0 51 40.
134160 60 0 42 39.
134280 60 0 42 37.
134400 60 0 42 35.
134520 60 0 51 40.
134640 60 0 47 39.
134760 60 0 42 37.
134880 60 0 42 35.
135000 60 0 52 40.
135120 60 0 43 39.
135240 60 0 43 37.
135360 60 0 44 35.
135480 60 0 54 40.
135600 60 0 44 39.
135720 60 0 45 37.
135840 60 0 46 35.
135960 60 0 55 40.
136080 60 0 50 39.
136200 60 0 46 37.
136320 60 0 46 35.
136440 60 0 57 40.
136560 60 0 46 39.
136680 60 0 47 37.
136800 60 0 48 35.
136920 60 0 59 40.
137040 60 0 48 39.
137160 60 0 48 37.
137280 60 0 49 35.
137400 60 0 60 40.
137520 60 0 55 39.
137640 60 0 50 37.
137760 60 0 51 35.
137880 60 0 63 40.
138000 60 0 51 39.
138120 60 0 51 37.
138240 60 0 52 35.
138360 60 0 64 40.
138480 60 0 52 39.
138600 60 0 52 37.
138720 60 0 52 35.
138840 60 0 66 40.
138960 60 0 59 39.
139080 60 0 55 37.
139200 60 0 55 35.
139320 60 0 67 40.
139440 60 0 56 39.
139560 60 0 56 40.
139680 60 0 57 38.
139800 60 0 66 39.
139920 60 0 54 38.
140040 60 0 54 36.
140160 60 0 54 34.
140280 60 0 67 39.
140400 60 0 62 38.
140520 60 0 58 36.
140640 60 0 58 34.
140760 60 0 69 39.
140880 60 0 58 38.
141000 60 0 59 36.
141120 60 0 61 34.
141240 60 0 71 39.
141360 60 0 57 38.
141480 60 0 58 36.
141600 60 0 58 34.
141720 60 0 72 39.
141840 60 0 64 38.
141960 60 0 60 36.
142080 60 0 60 34.
142200 60 0 73 39.
142320 60 0 60 38.
142440 60 0 60 36.
142560 60 0 62 34.
142680 60 0 73 39.
142800 60 0 59 38.
142920 60 0 59 36.
143040 60 0 59 34.
143160 60 0 74 39.
143280 60 0 66 38.
143400 60 0 62 36.
143520 60 0 62 34.
143640 60 0 75 39.
143760 60 0 62 38.
143880 60 0 62 36.
144000 60 0 63 34.
144120 60 0 76 39.
144300 240 0 58 35.
144360 180 0 63 47.
144540 240 0 60 35.
144600 180 0 66 47.
144780 240 0 63 35.
144840 180 0 69 47.
145020 240 0 64 35.
145080 180 0 71 47.
145260 300 0 66 35.
145320 240 0 73 47.
145560 120 0 59 28.
145980 450 0 63 40.
146040 390 0 71 52.
146460 450 0 63 40.
146520 390 0 71 52.
146940 450 0 63 40.
147000 390 0 71 52.
147420 450 0 63 40.
147480 390 0 71 52.
147900 540 0 63 40.
147960 480 0 71 52.
148440 60 0 59 40.
148440 60 0 70 52.
148560 60 0 34 39.
148680 60 0 34 37.
148800 60 0 34 35.
148920 60 0 41 40.
149040 60 0 38 39.
149160 60 0 34 37.
149280 60 0 34 35.
149400 60 0 41 40.
149520 60 0 34 39.
149640 60 0 34 37.
149760 60 0 34 35.
149880 60 0 41 40.
150000 60 0 34 39.
150120 60 0 34 37.
150240 60 0 34 35.
150360 60 0 41 40.
150480 60 0 38 39.
150600 60 0 34 37.
150720 60 0 34 35.
150840 60 0 41 40.
150960 60 0 34 39.
151080 60 0 34 37.
151200 60 0 34 35.
151320 60 0 43 40.
151440 60 0 35 39.
151560 60 0 35 37.
151680 60 0 35 35.
151800 60 0 43 40.
151920 60 0 39 39.
152040 60 0 35 37.
152160 60 0 35 35.
152280 60 0 43 40.
152400 60 0 35 39.
152520 60 0 36 37.
152640 60 0 36 35.
152760 60 0 43 40.
152880 60 0 36 39.
153000 60 0 36 37.
153120 60 0 36 35.
153240 60 0 43 40.
153360 60 0 40 39.
153480 60 0 36 37.
153600 60 0 36 35.
153720 60 0 43 40.
153840 60 0 36 39.
153960 60 0 36 37.
154080 60 0 36 35.
154200 60 0 43 40.
154320 60 0 36 39.
154440 60 0 36 37.
154560 60 0 36 35.
154680 60 0 44 40.
154800 60 0 42 39.
154920 60 0 37 37.
155040 60 0 37 35.
155160 60 0 46 40.
155280 60 0 38 39.
155400 60 0 38 37.
155520 60 0 39 35.
155640 60 0 48 40.
155760 60 0 39 39.
155880 60 0 39 37.
156000 60 0 40 35.
156120 60 0 49 40.
156240 60 0 44 39.
156360 60 0 40 37.
156480 60 0 40 35.
156600 60 0 49 40.
156720 60 0 40 39.
156840 60 0 40 37.
156960 60 0 40 35.
157080 60 0 49 40.
157200 60 0 40 39.
157320 60 0 40 37.
157440 60 0 40 35.
157560 60 0 49 40.
157680 60 0 45 39.
157800 60 0 40 37.
157920 60 0 40 35.
158040 60 0 49 40.
158160 60 0 40 39.
158280 60 0 41 37.
158400 60 0 41 35.
158520 60 0 49 40.
158640 60 0 41 39.
158760 60 0 41 37.
158880 60 0 41 35.
159000 60 0 49 40.
159120 60 0 45 39.
159240 60 0 41 37.
159360 60 0 41 35.
159480 60 0 50 40.
159600 60 0 41 39.
159720 60 0 41 37.
159840 60 0 41 35.
159960 60 0 50 40.
160080 60 0 41 39.
160200 60 0 41 37.
160320 60 0 41 35.
160440 60 0 50 40.
160560 60 0 45 39.
160680 60 0 41 37.
160800 60 0 41 35.
160920 60 0 50 40.
161040 60 0 41 39.
161160 60 0 41 37.
161280 60 0 41 35.
161400 60 0 50 40.
161520 60 0 41 39.
161640 60 0 41 37.
161760 60 0 41 35.
161880 60 0 51 40.
162000 60 0 46 39.
162120 60 0 42 37.
162240 60 0 42 35.
162360 60 0 51 40.
162480 60 0 42 39.
162600 60 0 42 37.
162720 60 0 42 35.
162840 60 0 51 40.
162960 60 0 42 39.
163080 60 0 42 37.
163200 60 0 42 35.
163320 60 0 51 40.
163440 60 0 47 39.
163560 60 0 42 37.
163680 60 0 42 35.
163800 60 0 52 40.
163920 60 0 43 39.
164040 60 0 43 37.
164160 60 0 44 35.
164280 60 0 54 40.
164400 60 0 44 39.
164520 60 0 45 37.
164640 60 0 46 35.
164760 60 0 55 40.
164880 60 0 50 39.
165000 60 0 46 37.
165120 60 0 46 35.
165240 60 0 57 40.
165360 60 0 46 39.
165480 60 0 47 37.
165600 60 0 48 35.
165720 60 0 59 40.
165840 60 0 48 39.
165960 60 0 48 37.
166080 60 0 49 35.
166200 60 0 60 40.
166320 60 0 55 39.

