360 18 0 56 41.
391 34 0 55 48.
422 26 0 60 56.
452 25 0 58 48.
481 28 0 61 67.
511 22 0 55 48.
599 20 0 56 60.
660 27 0 63 70.
689 29 0 54 48.
779 25 0 62 60.
783 31 0 67 72.
809 29 0 62 48.
842 26 0 73 73.
901 15 0 70 41.
957 23 0 80 80.
961 16 0 72 56.
1021 21 0 85 79.
1079 22 0 77 41.
1134 33 0 87 72.
1170 28 0 73 48.
1198 31 0 86 73.
1229 37 0 71 48.
1261 26 0 86 72.
1320 25 0 84 68.
1382 23 0 74 60.
1446 276 0 85 60.
1471 31 0 75 48.
1502 24 0 74 55.
1531 29 0 72 48.
1681 17 0 69 58.
1802 20 0 50 41.
1831 32 0 45 48.
1862 24 0 53 56.
1921 24 0 54 58.
2011 30 0 49 48.
2041 22 0 55 60.
2101 21 0 56 61.
2191 25 0 61 48.
2221 27 0 61 60.
2342 29 0 76 72.
2401 29 0 81 84.
2403 27 0 63 56.
2461 27 0 82 80.
2462 19 0 67 60.
2489 17 0 67 48.
2521 25 0 74 41.
2551 37 0 79 48.
2583 31 0 86 72.
2642 29 0 67 55.
2672 31 0 76 48.
2701 35 0 86 72.
2732 40 0 76 48.
2760 33 0 83 67.
2791 37 0 76 48.
2822 29 0 54 55.
2851 22 0 68 48.
2883 37 0 72 41.
2915 38 0 88 67.
2949 222 0 96 68.
2972 26 0 82 47.
3000 12 0 85 61.
3032 34 0 85 47.
3063 15 0 90 41.
3181 13 0 78 61.
3209 20 0 69 47.
3241 25 0 57 41.
3301 26 0 63 56.
3330 31 0 60 48.
3358 30 0 72 67.
3361 24 0 59 58.
3421 13 0 55 41.
3484 37 0 67 68.
3511 19 0 56 48.
3544 30 0 73 70.
3602 7 0 57 41.
3662 41 0 73 72.
3691 32 0 62 48.
3721 25 0 62 58.
3725 33 0 79 73.
3784 34 0 79 72.
3842 26 0 66 56.
3901 27 0 68 58.
3961 29 0 63 41.
4024 36 0 76 72.
4051 29 0 64 48.
4081 35 0 79 73.
4141 35 0 83 72.
4173 35 0 67 48.
4202 44 0 83 68.
4231 34 0 65 48.
4262 27 0 71 60.
4267 34 0 79 65.
4322 30 0 75 41.
4383 27 0 79 55.
4442 27 0 76 56.
4562 29 0 75 58.
4743 40 0 61 65.
4771 24 0 56 48.
4802 34 0 63 67.
4829 39 0 57 48.
4922 26 0 52 60.
4928 34 0 59 68.
4951 37 0 55 48.
4983 23 0 54 61.
5072 26 0 56 48.
5102 23 0 58 60.
5161 35 0 65 73.
5220 32 0 71 72.
5284 31 0 75 84.
5311 31 0 69 48.
5341 31 0 84 80.
5369 20 0 75 48.
5399 35 0 90 79.
5461 27 0 79 58.
5551 33 0 71 48.
5577 30 0 86 72.
5642 15 0 83 58.
5701 33 0 89 60.
5762 289 0 100 65.
5822 31 0 73 56.
5851 33 0 79 48.
5881 29 0 72 60.
5941 18 0 77 41.
5971 35 0 76 48.
6029 34 0 70 48.
6061 28 0 65 60.
6121 34 0 57 41.
6152 35 0 57 50.
6182 28 0 58 56.
6290 14 0 67 70.
6302 27 0 56 41.
6361 96 0 81 67.
6391 35 0 61 46.
6422 32 0 63 58.
6448 41 0 76 68.
6451 24 0 64 46.
6482 32 0 64 39.
6542 27 0 69 54.
6571 36 0 69 46.
6632 30 0 76 46.
6663 33 0 77 39.
6692 34 0 76 44.
6722 26 0 75 54.
6840 29 0 87 37.
6849 28 0 91 73.
6870 35 0 87 44.
6902 29 0 85 53.
6906 29 0 89 68.
6931 28 0 89 44.
6962 30 0 87 70.
7022 26 0 89 37.
7052 35 0 83 44.
7081 25 0 82 53.
7141 33 0 81 56.
7142 22 0 86 61.
7171 16 0 84 44.
7200 25 0 85 36.
7322 27 0 82 56.
7501 26 0 77 56.
7529 23 0 69 44.
7561 27 0 66 35.
7622 18 0 66 51.
7711 34 0 66 42.
7738 19 0 69 77.
7741 20 0 64 35.
7771 29 0 64 42.
7801 30 0 66 51.
7861 30 0 60 54.
7863 67 0 78 75.
7889 24 0 61 42.
7920 31 0 61 35.
7982 26 0 65 49.
8011 3 0 70 44.
8042 34 0 69 56.
8071 15 0 69 44.
8101 31 0 69 34.
8161 32 0 65 49.
8222 27 0 65 54.
8281 32 0 70 34.
8312 26 0 71 42.
8342 36 0 73 49.
8399 40 0 75 75.
8433 31 0 74 42.
8460 31 0 78 73.
8518 33 0 78 70.
8577 29 0 78 66.
8583 20 0 78 54.
8613 19 0 81 42.
8641 33 0 84 61.
8701 39 0 85 73.
8762 22 0 85 53.
8791 27 0 85 41.
8817 42 0 84 73.
8881 37 0 87 68.
8969 16 0 90 40.
9001 35 0 98 61.
9065 49 0 89 73.
9091 26 0 84 40.
9121 22 0 81 52.
9124 27 0 92 63.
9152 22 0 80 40.
9181 27 0 97 34.
9211 33 0 79 43.
9242 22 0 92 64.
9299 10 0 91 66.
9361 26 0 100 35.
9391 32 0 83 43.
9424 49 0 95 79.
9481 44 0 95 81.
9482 27 0 95 69.
9509 23 0 87 43.
9571 29 0 81 43.
9607 49 0 91 82.
9631 34 0 80 43.
9662 33 0 89 55.
9665 23 0 95 84.
9691 23 0 82 43.
9725 52 0 93 85.
9781 33 0 83 58.
9784 29 0 93 75.
9812 44 0 80 49.
9841 51 0 94 88.
9843 34 0 94 76.
9901 30 0 82 61.
9906 24 0 91 78.
9931 24 0 83 52.
9962 25 0 105 46.
10021 31 0 86 64.
10025 32 0 94 81.
10051 22 0 80 55.
10081 27 0 100 49.
10082 21 0 105 94.
10111 40 0 104 96.
10113 11 0 104 84.
10142 95 0 106 97.
10143 101 0 106 85.
10292 29 0 75 61.
10352 30 0 83 61.
10381 34 0 74 70.
10411 12 0 84 61.
10440 35 0 90 85.
10472 38 0 76 56.
10500 33 0 92 85.
10502 32 0 70 65.
10560 29 0 90 85.
10562 32 0 70 68.
10591 22 0 75 56.
10620 110 0 92 85.
10622 25 0 79 48.
10651 32 0 75 55.
10711 31 0 70 55.
10740 18 0 88 72.
10741 32 0 73 67.
10771 25 0 72 55.
10800 29 0 71 73.
10950 37 0 60 56.
10980 131 0 70 73.
11012 33 0 63 55.
11101 32 0 55 67.
11161 63 0 97 82.
11162 27 0 97 70.
11219 27 0 92 68.
11249 32 0 82 53.
11276 73 0 92 82.
11341 127 0 92 72.
11342 114 0 92 84.
11431 23 0 74 55.
11462 27 0 70 67.
11522 26 0 63 48.
11580 66 0 68 68.
11639 62 0 69 70.
11643 22 0 66 65.
11703 24 0 62 48.
11732 26 0 62 55.
11763 26 0 62 64.
11792 28 0 64 55.
11822 30 0 67 67.
11851 17 0 69 55.
11887 18 0 89 97.
11925 15 0 90 97.
11959 13 0 93 97.
11991 13 0 90 97.
12001 27 0 65 68.
12022 15 0 94 85.
12061 32 0 79 48.
12063 130 0 83 73.
12180 24 0 73 72.
12181 29 0 71 67.
12211 19 0 68 55.
12252 19 0 70 85.
12287 17 0 68 85.
12302 33 0 52 65.
12324 17 0 69 85.
12359 21 0 72 85.
12389 16 0 73 73.
12420 28 0 61 48.
12480 30 0 52 64.
12540 29 0 53 67.
12573 17 0 67 55.
12602 42 0 90 82.
12603 30 0 81 48.
12633 29 0 70 53.
12673 23 0 83 70.
12706 24 0 82 68.
12722 25 0 72 65.
12740 24 0 81 70.
12779 136 0 81 72.
12811 30 0 76 55.
12841 29 0 76 64.
12961 31 0 59 48.
12991 28 0 58 53.
13001 42 0 65 72.
13035 32 0 65 70.
13099 35 0 60 70.
13141 25 0 56 48.
13201 28 0 51 64.
13229 33 0 54 55.
13289 16 0 54 55.
13383 28 0 54 56.
13386 33 0 62 65.
13412 33 0 54 48.
13442 30 0 55 58.
13445 30 0 63 67.
13472 42 0 57 48.
13500 13 0 55 41.
13562 29 0 55 60.
13592 23 0 53 48.
13622 31 0 55 61.
13741 43 0 73 72.
13743 22 0 55 60.
13771 33 0 59 48.
13801 28 0 61 58.
13807 54 0 73 73.
13858 50 0 76 72.
13922 25 0 62 56.
13951 28 0 62 48.
13983 28 0 82 79.
14042 20 0 76 41.
14101 31 0 90 72.
14130 27 0 77 48.
14142 11 0 87 73.
14159 21 0 78 58.
14189 29 0 75 48.
14217 31 0 86 72.
14221 17 0 77 41.
14283 26 0 84 68.
14308 28 0 71 48.
14343 29 0 84 65.
14369 19 0 68 48.
14400 33 0 83 41.
14432 32 0 61 48.
14461 31 0 68 55.
14491 32 0 60 48.
14521 29 0 76 56.
14549 35 0 70 48.
14580 24 0 75 41.
14672 30 0 61 48.
14702 37 0 68 55.
14732 24 0 55 48.
14823 34 0 61 65.
14851 29 0 56 48.
14883 34 0 64 67.
14941 18 0 61 41.
15002 28 0 59 60.
15005 33 0 58 68.
15031 28 0 63 48.
15064 32 0 62 70.
15182 28 0 60 60.
15211 34 0 62 48.
15244 60 0 76 73.
15298 40 0 76 72.
15364 32 0 72 84.
15422 25 0 75 60.
15451 22 0 77 48.
15480 29 0 86 79.
15512 38 0 78 48.
15546 31 0 85 72.
15602 29 0 75 55.
15663 24 0 81 41.
15665 29 0 81 72.
15693 37 0 80 48.
15720 28 0 83 67.
15782 28 0 78 55.
15784 30 0 82 60.
15841 27 0 83 41.
15871 36 0 79 47.
15931 20 0 76 47.
15962 15 0 93 61.
15991 39 0 84 47.
16021 21 0 90 41.
16082 20 0 85 56.
16142 14 0 81 61.
16171 15 0 73 47.
16260 24 0 73 56.
16266 35 0 64 65.
16325 49 0 70 79.
16382 18 0 73 41.
16412 31 0 73 48.
16447 34 0 68 68.
16471 29 0 75 48.
16501 25 0 75 61.
16531 39 0 75 48.
16562 12 0 73 41.
16621 25 0 84 60.
16623 41 0 71 84.
16649 36 0 84 48.
16681 34 0 74 85.
16682 21 0 69 73.
16738 22 0 78 84.

