357 56 0 115 56.
358 60 0 113 68.
385 38 0 103 78.
473 37 0 112 49.
475 25 0 119 37.
531 37 0 106 72.
591 30 0 106 69.
678 30 0 98 75.
706 30 0 94 68.
707 30 0 97 64.
792 33 0 99 76.
822 35 0 103 78.
852 26 0 93 80.
881 36 0 95 76.
942 77 0 109 64.
1003 29 0 118 80.
1033 32 0 113 85.
1063 60 0 101 66.
1065 60 0 99 61.
1093 24 0 104 80.
1150 38 0 109 85.
1180 37 0 114 76.
1181 60 0 100 61.
1211 31 0 108 78.
1241 28 0 110 76.
1271 38 0 108 85.
1302 30 0 121 75.
1303 60 0 103 61.
1332 25 0 102 76.
1418 51 0 100 56.
1425 60 0 115 73.
1535 60 0 93 54.
1545 60 0 117 72.
1575 59 0 102 78.
1635 30 0 97 80.
1660 60 0 115 49.
1662 60 0 116 68.
1693 60 0 101 76.
1781 60 0 117 68.
1838 30 0 103 84.
1901 56 0 112 73.
1903 14 0 125 37.
1965 31 0 115 69.
1967 30 0 120 45.
2027 42 0 124 68.
2028 34 0 124 44.
2090 30 0 99 55.
2150 60 0 112 56.
2152 30 0 120 44.
2217 18 0 125 37.
2220 30 0 121 61.
2243 30 0 104 73.
2282 62 0 118 75.
2283 63 0 107 67.
2283 64 0 100 70.
2313 25 0 97 49.
2402 22 0 107 59.
2403 26 0 98 71.
2403 35 0 95 63.
2460 25 0 91 43.
2488 28 0 98 44.
2517 60 0 91 63.
2577 27 0 91 44.
2606 28 0 98 46.
2636 60 0 98 68.
2637 25 0 94 47.
2695 24 0 100 46.
2723 30 0 95 47.
2755 60 0 89 68.
2755 60 0 92 64.
2816 21 0 94 47.
2842 32 0 92 49.
2875 65 0 93 68.
2875 30 0 97 51.
2905 18 0 94 52.
2962 25 0 94 56.
2991 60 0 89 68.
2992 60 0 95 64.
3080 21 0 91 56.
3110 60 0 94 68.
3112 25 0 97 47.
3140 25 0 100 49.
3168 19 0 95 47.
3193 22 0 91 56.
3225 60 0 88 70.
3227 60 0 72 61.
3282 25 0 95 46.
3310 22 0 95 55.
3340 60 0 93 71.
3342 60 0 92 68.
3342 40 0 91 59.
3402 60 0 105 59.
3463 105 0 118 75.
3526 60 0 99 58.
3553 30 0 99 51.
3586 60 0 105 83.
3615 30 0 100 52.
3702 90 0 124 75.
3702 23 0 98 43.
3762 60 0 99 58.
3825 60 0 93 44.
3827 60 0 89 56.
3893 43 0 106 64.
3925 30 0 89 67.
3955 30 0 79 59.
3985 30 0 88 68.
4045 38 0 89 70.
4075 30 0 91 66.
4101 30 0 91 71.
4135 62 0 109 69.
4163 36 0 102 72.
4193 30 0 93 64.
4220 30 0 101 73.
4251 30 0 99 66.
4252 38 0 114 72.
4313 66 0 112 64.
4435 60 0 75 66.
4463 24 0 93 76.
4492 30 0 86 73.
4553 60 0 80 64.
4583 26 0 79 78.
4643 32 0 90 76.
4678 60 0 70 63.
4735 33 0 80 76.
4800 60 0 74 64.
4830 25 0 95 81.
4858 33 0 102 80.
4923 26 0 90 78.
4923 60 0 71 66.
5036 60 0 82 64.
5037 60 0 74 61.
5155 60 0 79 63.
5157 60 0 73 54.
5183 30 0 95 76.
5273 66 0 103 56.
5286 60 0 111 64.
5307 60 0 104 80.
5337 60 0 106 88.
5363 37 0 111 81.
5377 60 0 100 44.
5395 60 0 122 60.
5425 61 0 102 78.
5455 60 0 117 87.
5502 60 0 98 52.
5512 60 0 108 69.
5543 60 0 99 75.
5597 60 0 97 76.
5628 66 0 117 65.
5630 60 0 122 68.
5630 63 0 122 53.
5657 60 0 101 73.
5686 60 0 107 83.
5745 60 0 120 66.
5747 60 0 106 57.
5775 37 0 111 73.
5803 30 0 113 50.
5862 30 0 117 61.
5863 30 0 127 49.
5888 30 0 109 85.
5920 30 0 114 57.
5921 30 0 120 93.
5947 35 0 104 90.
5977 30 0 124 42.
6033 30 0 120 37.
6093 45 0 125 50.
6095 30 0 106 69.
6183 30 0 109 57.
6218 60 0 101 41.
6220 150 0 102 68.
6281 27 0 91 40.
6342 28 0 97 42.
6372 38 0 94 44.
6470 25 0 94 44.
6497 31 0 96 45.
6530 30 0 89 42.
6558 29 0 93 44.
6592 30 0 90 45.
6593 80 0 82 57.
6625 30 0 84 47.
6683 32 0 95 47.
6718 301 0 105 62.
6718 361 0 106 59.
6777 30 0 90 40.
6840 25 0 91 42.
6867 30 0 90 44.
6900 27 0 91 41.
6930 27 0 94 42.
6952 122 0 91 65.
6985 30 0 94 45.
7043 30 0 91 44.
7075 120 0 91 66.
7076 31 0 90 45.
7201 131 0 110 75.
7202 297 0 103 69.
7350 23 0 94 51.
7378 26 0 93 48.
7406 33 0 104 49.
7435 121 0 103 72.
7462 32 0 97 52.
7555 25 0 100 52.
7555 82 0 86 64.
7582 35 0 85 54.
7673 211 0 95 63.
7673 30 0 100 54.
7705 28 0 97 56.
7735 27 0 100 52.
7762 35 0 101 54.
7793 117 0 100 72.
7795 30 0 100 56.
7882 26 0 92 54.
7910 97 0 104 73.
7912 82 0 96 64.
8025 120 0 96 64.
8026 67 0 124 85.
8027 30 0 106 45.
8055 35 0 111 44.
8083 21 0 94 42.
8108 36 0 94 40.
8143 35 0 104 39.
8145 32 0 106 67.
8236 31 0 100 67.
8265 40 0 79 63.
8298 21 0 85 70.
8353 31 0 95 68.
8383 35 0 79 61.
8385 30 0 89 70.
8415 25 0 95 71.
8472 30 0 89 70.
8501 45 0 79 56.
8502 30 0 94 71.
8590 35 0 96 71.
8622 52 0 63 58.
8623 50 0 87 55.
8710 25 0 101 82.
8738 30 0 82 59.
8740 26 0 70 51.
8797 30 0 100 71.
8826 31 0 104 80.
8857 30 0 94 70.
8858 34 0 72 61.
8860 38 0 74 58.
8918 31 0 100 70.
8945 26 0 96 79.
8976 86 0 111 52.
9008 36 0 106 70.
9040 37 0 95 68.
9065 30 0 104 80.
9103 67 0 94 73.
9107 65 0 57 64.
9132 25 0 100 44.
9162 28 0 89 42.
9222 65 0 93 63.
9225 26 0 95 44.
9255 30 0 89 46.
9287 23 0 84 43.
9343 60 0 82 70.
9345 26 0 89 46.
9345 60 0 83 67.
9375 30 0 90 47.
9405 27 0 91 44.
9463 51 0 88 63.
9465 60 0 75 59.
9492 30 0 85 49.
9585 90 0 88 64.
9585 30 0 86 49.
9648 60 0 82 49.
9677 30 0 98 58.
9710 28 0 93 47.
9712 90 0 69 59.
9740 28 0 89 49.
9772 45 0 92 47.
9830 22 0 94 46.
9832 90 0 77 61.
9922 60 0 96 55.
9953 149 0 96 63.
9953 66 0 119 87.
10011 45 0 108 45.
10043 44 0 91 54.
10080 60 0 76 53.
10086 60 0 81 41.
10143 24 0 90 68.
10198 60 0 75 61.
10312 30 0 90 72.
10315 60 0 75 63.
10342 22 0 85 73.
10398 35 0 88 72.
10427 60 0 79 58.
10430 30 0 98 73.
10458 23 0 94 75.
10488 31 0 86 72.
10518 34 0 84 73.
10548 60 0 70 60.
10550 25 0 94 75.
10553 60 0 69 53.
10578 20 0 100 77.
10608 24 0 91 75.
10667 60 0 72 61.
10668 60 0 74 53.
10670 28 0 91 73.
10755 30 0 94 82.
10788 60 0 85 60.
10790 60 0 78 53.
10845 30 0 100 72.
10875 30 0 98 81.
10908 60 0 92 54.
10938 31 0 106 72.
10965 30 0 95 70.
10994 30 0 102 82.
11030 59 0 83 75.
11147 25 0 94 46.
11148 89 0 85 65.
11175 24 0 94 48.
11205 26 0 95 45.
11236 26 0 91 46.
11265 89 0 79 63.
11265 89 0 79 72.
11295 25 0 91 49.
11322 27 0 94 46.
11353 30 0 93 48.
11381 29 0 90 49.
11381 89 0 83 65.
11412 26 0 93 51.
11440 27 0 95 48.
11471 31 0 97 49.
11504 89 0 76 59.
11504 89 0 88 68.
11535 29 0 94 51.
11568 30 0 92 49.
11630 89 0 75 58.
11630 89 0 91 66.
11662 26 0 97 53.
11692 26 0 94 50.
11752 89 0 85 58.
11752 89 0 86 61.
11753 24 0 95 53.
11781 24 0 92 54.
11811 28 0 101 52.
11840 31 0 103 53.
11872 59 0 84 58.
11872 59 0 98 64.
11901 28 0 97 56.
11930 27 0 97 53.
11957 22 0 98 54.
11985 37 0 81 57.
11985 37 0 95 65.
12085 32 0 99 65.
12115 30 0 73 61.
12116 30 0 107 66.
12147 30 0 93 68.
12175 37 0 100 65.
12205 34 0 109 66.
12235 30 0 68 61.
12238 33 0 74 58.
12269 30 0 109 68.
12299 25 0 111 66.
12360 32 0 113 68.
12360 90 0 100 44.
12423 30 0 99 67.
12480 23 0 84 60.
12540 34 0 100 67.
12600 60 0 76 61.
12602 60 0 80 55.
12627 27 0 100 70.
12716 60 0 79 54.
12717 60 0 80 64.
12835 36 0 109 71.
12867 30 0 108 72.
12895 32 0 111 70.
12921 68 0 109 71.
12955 65 0 77 66.
12955 64 0 84 63.
12985 30 0 88 72.
13013 27 0 94 70.
13043 28 0 92 71.
13075 60 0 79 59.
13077 60 0 81 64.
13107 25 0 91 73.
13132 33 0 94 71.
13192 60 0 77 65.
13192 60 0 63 68.
13248 34 0 94 72.
13307 60 0 79 69.
13335 30 0 94 75.
13430 70 0 87 59.
13430 34 0 109 75.
13462 22 0 103 76.
13491 32 0 100 74.
13552 60 0 83 68.
13553 60 0 85 59.
13582 28 0 109 77.
13670 60 0 89 69.
13698 38 0 106 78.
13728 32 0 110 76.
13756 30 0 117 77.
13787 31 0 107 78.
13817 33 0 104 79.
13908 90 0 90 59.
13910 28 0 109 75.
13938 37 0 106 76.
13970 33 0 107 74.
14033 85 0 98 71.
14061 35 0 108 78.
14090 60 0 109 75.
14120 45 0 107 76.
14150 31 0 109 81.
14151 84 0 98 60.
14237 30 0 109 81.
14270 85 0 102 69.
14298 31 0 105 76.
14327 31 0 108 73.
14355 35 0 103 57.
14388 60 0 111 79.
14388 90 0 101 59.
14421 31 0 104 81.
14512 26 0 108 72.
14513 31 0 103 64.
14538 34 0 101 74.
14568 25 0 104 64.
14596 30 0 99 72.
14626 90 0 108 73.
14656 49 0 101 79.
14715 30 0 109 78.
14748 25 0 99 63.
14775 29 0 105 72.
14802 34 0 97 63.
14830 37 0 93 54.
14831 15 0 104 71.
14861 120 0 112 76.
14863 67 0 95 55.
14892 29 0 90 57.
14922 33 0 97 69.
14951 30 0 99 71.
14980 92 0 109 74.
15037 27 0 87 52.
15067 30 0 89 54.
15097 80 0 106 72.
15098 26 0 93 52.
15127 22 0 91 54.
15156 25 0 98 50.
15185 30 0 93 52.
15215 27 0 113 66.
15245 18 0 98 67.
15276 36 0 100 64.
15307 20 0 99 66.
15335 30 0 110 48.
15335 120 0 116 69.
15368 21 0 95 50.
15401 35 0 99 62.
15433 17 0 96 48.
15463 91 0 110 67.
15490 30 0 101 64.
15521 30 0 96 45.
15552 30 0 91 47.
15583 91 0 114 66.
15615 56 0 100 62.
15648 29 0 92 59.
15678 30 0 91 45.
15708 87 0 119 64.
15708 25 0 95 43.
15740 30 0 98 45.
15770 26 0 103 57.
15771 25 0 84 42.
15804 22 0 96 59.
15840 90 0 112 68.
15840 90 0 113 59.
15960 180 0 111 71.
15962 23 0 104 49.
15987 20 0 103 50.
16017 28 0 103 48.
16075 27 0 107 49.
16132 27 0 105 48.
16192 187 0 123 80.
16193 24 0 112 49.
16248 30 0 99 48.
16312 27 0 115 49.
16370 29 0 102 48.
16432 60 0 120 71.
16433 22 0 116 49.
16460 20 0 98 50.
16487 22 0 106 48.
16545 137 0 119 80.
16547 25 0 116 49.
16573 20 0 106 50.
16601 26 0 107 48.
16655 30 0 115 49.
16685 20 0 106 50.
16712 30 0 102 83.
16713 30 0 109 78.
16741 35 0 106 49.
16772 102 0 126 89.
16773 101 0 120 77.
16907 28 0 108 80.
16937 28 0 95 74.
16965 25 0 106 83.
16990 30 0 106 92.
16991 30 0 98 65.
17022 31 0 124 80.
17050 30 0 91 71.
17078 30 0 94 68.
17106 30 0 99 89.
17135 40 0 109 74.
17162 35 0 95 68.
17191 30 0 90 65.
17217 30 0 88 59.
17273 29 0 112 76.
17300 27 0 80 62.
17330 30 0 99 56.
17365 36 0 116 71.
17395 35 0 96 62.
17425 27 0 104 71.
17456 30 0 94 53.
17487 37 0 121 68.
17518 30 0 93 59.
17546 29 0 99 68.
17576 60 0 98 77.
17607 31 0 119 65.
17635 38 0 101 56.
17666 30 0 92 53.
17697 30 0 98 47.
17731 90 0 106 70.
17733 90 0 106 43.
17866 202 0 119 73.
17867 27 0 109 51.
17897 27 0 100 52.
17927 30 0 99 50.
17988 28 0 113 51.
18018 28 0 103 52.
18048 26 0 105 50.
18111 188 0 116 70.
18112 27 0 113 51.
18142 23 0 104 52.
18172 26 0 101 50.
18200 8 0 103 51.
18230 30 0 113 51.
18261 28 0 109 52.
18290 29 0 103 50.
18355 60 0 124 85.
18357 23 0 116 51.
18385 20 0 104 52.
18415 20 0 100 50.
18472 148 0 121 82.
18473 25 0 115 51.
18502 28 0 106 52.
18558 9 0 114 51.
18590 29 0 117 51.
18620 21 0 108 52.
18650 52 0 122 92.
18651 45 0 107 85.
18683 41 0 110 51.
18715 110 0 120 91.
18716 101 0 112 79.
18845 35 0 127 85.
18873 31 0 91 73.
18903 27 0 116 85.
18929 30 0 109 94.
18956 41 0 105 76.
18985 27 0 109 84.
19012 30 0 85 67.
19040 30 0 99 91.
19070 34 0 113 79.
19098 33 0 92 67.
19127 30 0 92 79.
19155 18 0 89 58.
19183 60 0 90 70.
19213 30 0 96 64.
19240 30 0 95 76.
19272 30 0 87 55.
19300 32 0 106 73.
19330 31 0 95 61.
19358 31 0 99 73.
19385 30 0 92 52.
19415 34 0 110 64.
19445 30 0 101 58.
19471 30 0 90 55.
19500 30 0 83 49.
19533 31 0 114 67.
19561 36 0 94 55.
19588 29 0 89 52.
19617 30 0 81 46.
19653 44 0 103 47.
19683 26 0 101 51.
19710 30 0 109 76.
19713 31 0 93 55.
19772 28 0 109 73.
19805 30 0 101 59.
19835 25 0 83 61.
19863 24 0 93 63.
19895 50 0 101 64.
19926 29 0 110 68.
19955 29 0 103 67.
19984 30 0 95 76.
20017 33 0 117 64.
20045 32 0 108 66.
20073 31 0 90 64.
20107 30 0 92 73.
20140 60 0 105 47.
20173 29 0 100 51.
20205 31 0 98 55.
20235 32 0 102 56.
20268 28 0 111 58.
20295 25 0 99 59.
20325 30 0 104 70.
20355 30 0 95 63.
20387 87 0 113 66.
20418 31 0 117 70.
20447 27 0 88 57.
20478 30 0 82 51.
20510 57 0 113 63.
20540 48 0 100 57.
20571 34 0 103 66.
20599 30 0 93 75.
20632 29 0 108 49.
20668 26 0 106 53.
20695 35 0 110 78.
20722 27 0 108 58.
20752 40 0 114 75.
20781 34 0 103 61.
20809 32 0 101 63.
20835 30 0 100 65.
20867 38 0 107 68.
20898 34 0 111 73.
20928 26 0 103 71.
20952 60 0 103 80.
20985 32 0 123 68.
21016 28 0 103 70.
21040 27 0 94 68.
21072 60 0 102 77.
21130 36 0 114 73.
21162 30 0 106 72.
21190 60 0 100 81.
21218 42 0 118 66.
21245 33 0 117 70.
21275 28 0 82 57.
21302 30 0 94 51.
21336 35 0 126 73.
21367 31 0 102 64.
21395 30 0 91 61.
21422 60 0 94 82.
21452 63 0 113 67.
21481 37 0 101 72.
21510 30 0 102 70.
21542 60 0 100 79.
21581 60 0 125 72.
21581 360 0 92 66.
21581 360 0 113 56.
21645 30 0 110 78.
21670 30 0 99 81.
21700 68 0 124 84.
21733 49 0 121 87.
21788 31 0 110 93.
21818 60 0 109 96.
21848 36 0 118 87.
21881 27 0 115 88.
21908 37 0 110 92.
21938 37 0 102 90.
21967 38 0 104 84.
22001 31 0 119 85.
22030 38 0 106 88.
22065 30 0 124 87.
22098 36 0 104 78.
22127 27 0 88 68.
22157 37 0 86 71.
22188 22 0 103 69.
22221 30 0 91 60.
22280 29 0 99 64.
22310 31 0 113 63.
22345 33 0 98 54.
22375 23 0 94 56.
22402 35 0 92 59.
22432 35 0 114 69.
22462 30 0 98 54.
22522 37 0 99 49.
22560 67 0 111 66.
22560 60 0 122 56.
22560 60 0 126 36.
22637 22 0 113 63.
22663 25 0 88 64.
22691 23 0 107 65.
22716 22 0 98 66.
22745 25 0 102 65.
22771 25 0 100 66.
22940 30 0 94 69.
22991 24 0 102 64.
23012 15 0 95 51.
23021 8 0 102 54.
23025 7 0 118 60.
23050 30 0 109 66.
23111 26 0 100 65.
23233 30 0 98 66.
23263 35 0 102 67.
23298 25 0 84 68.
23385 36 0 106 68.
23420 25 0 97 69.
23471 31 0 112 64.
23475 30 0 103 44.
23500 35 0 93 54.
23506 30 0 120 60.
23536 36 0 118 66.
23570 37 0 106 64.
23602 35 0 109 65.
23632 36 0 122 66.
23727 33 0 114 66.
23760 37 0 114 67.
23790 30 0 107 68.
23818 36 0 116 66.
23850 40 0 103 67.
23881 38 0 120 68.
23915 20 0 106 69.
23970 35 0 113 68.
24001 34 0 124 69.
24032 27 0 108 70.
24058 35 0 113 68.
24090 33 0 118 69.
24117 35 0 126 70.
24148 23 0 108 71.
24205 33 0 111 70.
24232 31 0 119 71.
24263 27 0 100 72.
24290 31 0 106 70.
24321 31 0 108 71.
24347 32 0 123 72.
24377 36 0 121 73.
24408 38 0 106 40.
24438 34 0 113 39.
24471 36 0 125 73.
24502 25 0 107 75.
24560 36 0 113 73.
24590 35 0 113 75.
24590 32 0 120 66.
24680 33 0 109 75.
24710 32 0 120 76.
24711 30 0 98 68.
24800 35 0 113 76.
24830 25 0 102 66.
24830 38 0 111 78.
24860 23 0 102 80.
24913 42 0 103 78.
24947 42 0 104 61.
24948 31 0 116 80.
24975 26 0 112 81.
25037 40 0 113 85.
25065 30 0 110 66.
25065 36 0 125 78.
25097 22 0 100 80.
25183 30 0 100 64.
25183 32 0 115 76.
25212 28 0 98 78.
25301 27 0 114 75.
25302 30 0 101 61.
25388 32 0 108 85.
25426 43 0 120 64.
25426 60 0 95 49.
25458 56 0 102 80.
25543 33 0 109 72.
25543 30 0 98 54.
25572 55 0 102 78.
25657 30 0 112 49.
25657 30 0 116 68.
25716 30 0 107 85.
25777 38 0 107 68.
25777 30 0 114 56.
25842 30 0 103 84.
25900 60 0 116 49.
25901 120 0 120 73.
25965 30 0 122 69.
25965 30 0 119 45.
25997 30 0 99 81.
26025 47 0 127 68.
26056 30 0 116 80.
26088 30 0 110 43.
26118 30 0 96 79.
26152 30 0 119 56.
26181 30 0 117 80.
26213 30 0 112 37.
26243 30 0 104 73.
26278 68 0 113 61.
26278 61 0 116 63.
26280 57 0 101 70.
26308 25 0 101 49.
26367 31 0 109 46.
26397 28 0 101 44.
26397 22 0 106 71.
26398 30 0 109 63.
26427 23 0 106 46.
26485 30 0 106 44.
26515 60 0 110 61.
26516 60 0 104 63.
26517 25 0 104 46.
26546 28 0 98 47.

