0 64 0 45 54.
64 64 0 45 53.
128 64 0 45 54.
192 64 0 45 55.
256 64 0 46 56.
320 64 0 47 57.
384 64 0 48 56.
448 64 0 49 55.
512 64 0 50 56.
576 64 0 51 57.
640 64 0 52 58.
704 64 0 53 59.
768 64 0 54 58.
832 64 0 55 57.
896 64 0 56 58.
960 64 0 57 59.
1024 64 0 58 60.
1088 64 0 59 61.
1152 64 0 60 60.
1216 64 0 61 59.
1280 64 0 62 60.
1344 64 0 63 61.
1408 64 0 64 62.
1472 64 0 65 63.
1536 64 0 66 62.
1600 64 0 67 63.
1664 64 0 95 64.
1728 64 0 69 63.
1792 64 0 70 64.
1856 64 0 99 65.
1920 64 0 72 64.
1984 64 0 74 65.
2048 64 0 106 66.
2112 64 0 78 65.
2176 64 0 80 66.
2240 64 0 114 67.
2304 64 0 84 66.
2368 64 0 86 67.
2432 64 0 123 68.
2496 64 0 90 67.
2560 64 0 92 68.
2624 64 0 127 69.
2688 64 0 96 67.
2752 64 0 98 68.
2816 64 0 127 69.
2880 64 0 102 68.
2944 64 0 104 69.
3008 64 0 127 70.
3072 64 0 127 71.
3072 64 0 127 83.
3136 64 0 108 82.
3200 64 0 108 83.
3264 64 0 108 82.
3328 64 0 108 81.
3392 64 0 108 80.
3456 64 0 127 69.
3456 64 0 127 81.
3520 64 0 108 80.
3584 64 0 108 81.
3648 64 0 108 80.
3712 64 0 108 79.
3776 64 0 108 78.
3840 64 0 127 67.
3840 64 0 127 79.
3904 64 0 107 78.
3968 64 0 106 79.
4032 64 0 127 66.
4032 64 0 127 78.
4096 64 0 104 77.
4160 64 0 103 76.
4224 64 0 127 63.
4224 64 0 127 75.
4288 64 0 101 74.
4352 64 0 100 73.
4416 192 0 127 59.
4416 192 0 127 71.
4608 64 0 127 59.
4608 64 0 127 71.
4672 64 0 92 70.
4736 64 0 92 71.
4800 64 0 92 73.
4864 64 0 92 74.
4928 64 0 92 76.
4992 64 0 92 62.
4992 64 0 92 74.
5056 64 0 92 73.
5120 64 0 92 71.
5184 64 0 92 58.
5248 64 0 92 59.
5312 64 0 92 61.
5376 64 0 127 59.
5376 64 0 127 71.
5440 64 0 92 70.
5504 64 0 92 71.
5568 64 0 92 73.
5632 64 0 92 74.
5696 64 0 92 76.
5760 64 0 92 62.
5760 64 0 92 74.
5824 64 0 92 73.
5888 64 0 92 71.
5952 64 0 92 58.
6016 64 0 92 59.
6080 64 0 92 61.
6144 64 0 127 62.
6144 64 0 127 74.
6208 64 0 92 73.
6272 64 0 92 74.
6336 64 0 92 76.
6400 64 0 92 77.
6464 64 0 92 79.
6528 64 0 92 65.
6528 64 0 92 77.
6592 64 0 92 76.
6656 64 0 92 74.
6720 64 0 92 61.
6784 64 0 92 62.
6848 64 0 92 64.
6912 64 0 127 62.
6912 64 0 127 74.
6976 64 0 92 73.
7040 64 0 92 74.
7104 64 0 92 76.
7168 64 0 92 77.
7232 64 0 92 79.
7296 64 0 92 65.
7296 64 0 92 77.
7360 64 0 92 76.
7424 64 0 92 74.
7488 64 0 92 61.
7552 64 0 92 62.
7616 64 0 92 64.
7680 64 0 127 64.
7680 192 0 127 73.
7744 64 0 92 63.
7808 64 0 92 64.
7872 64 0 92 65.
7936 64 0 92 66.
8000 64 0 92 67.
8064 64 0 127 66.
8064 192 0 127 75.
8128 64 0 92 65.
8192 64 0 92 66.
8256 64 0 93 67.
8320 64 0 94 68.
8384 64 0 95 69.
8448 64 0 127 70.
8448 192 0 127 79.
8512 64 0 97 71.
8576 64 0 98 72.
8640 64 0 127 73.
8640 192 0 127 82.
8704 64 0 100 74.
8768 64 0 101 75.
8832 64 0 127 76.
8832 192 0 127 85.
8896 64 0 103 77.
8960 64 0 104 78.
9024 64 0 127 79.
9024 192 0 127 88.
9088 64 0 106 79.
9152 64 0 107 78.
9216 64 0 127 83.
9216 64 0 127 95.
9280 64 0 108 94.
9344 64 0 108 95.
9408 64 0 108 94.
9472 64 0 108 93.
9536 64 0 108 92.
9600 64 0 127 81.
9600 64 0 127 93.
9664 64 0 108 92.
9728 64 0 108 93.
9792 64 0 108 92.
9856 64 0 108 91.
9920 64 0 108 90.
9984 64 0 127 79.
9984 64 0 127 91.
10048 64 0 107 90.
10112 64 0 106 91.
10176 64 0 127 78.
10176 64 0 127 90.
10240 64 0 104 89.
10304 64 0 103 88.
10368 64 0 127 75.
10368 64 0 127 87.
10432 64 0 101 86.
10496 64 0 100 85.
10560 192 0 127 71.
10560 192 0 127 83.
10752 64 0 127 71.
10752 64 0 127 83.
10816 64 0 92 82.
10880 64 0 92 83.
10944 64 0 92 85.
11008 64 0 92 86.
11072 64 0 92 88.
11136 64 0 92 74.
11136 64 0 92 86.
11200 64 0 92 85.
11264 64 0 92 83.
11328 64 0 92 70.
11392 64 0 92 71.
11456 64 0 92 73.
11520 64 0 127 71.
11520 64 0 127 83.
11584 64 0 92 82.
11648 64 0 92 83.
11712 64 0 92 85.
11776 64 0 92 86.
11840 64 0 92 88.
11904 64 0 92 74.
11904 64 0 92 86.
11968 64 0 92 85.
12032 64 0 92 83.
12096 64 0 92 70.
12160 64 0 92 71.
12224 64 0 92 73.
12288 64 0 127 71.
12288 384 0 127 79.
12352 64 0 92 70.
12416 64 0 92 71.
12480 64 0 92 72.
12544 64 0 92 73.
12608 64 0 92 74.
12672 64 0 127 73.
12672 192 0 127 79.
12736 64 0 92 72.
12800 64 0 92 71.
12864 64 0 127 70.
12864 192 0 127 79.
12928 64 0 92 71.
12992 64 0 92 73.
13056 64 0 127 71.
13056 192 0 127 79.
13120 64 0 92 70.
13184 64 0 92 71.
13248 64 0 127 72.
13248 64 0 127 79.
13312 64 0 92 73.
13376 64 0 127 74.
13376 64 0 127 79.
13440 64 0 127 73.
13440 192 0 127 79.
13504 64 0 92 72.
13568 64 0 92 71.
13632 64 0 92 70.
13696 64 0 92 71.
13760 64 0 127 65.
13760 64 0 127 73.
13824 64 0 127 66.
13824 384 0 127 73.
13888 64 0 92 67.
13952 64 0 92 66.
14016 64 0 92 65.
14080 64 0 92 66.
14144 64 0 92 67.
14208 64 0 127 66.
14208 192 0 127 73.
14272 64 0 92 65.
14336 64 0 92 66.
14400 64 0 92 67.
14400 192 0 92 73.
14464 64 0 92 66.
14528 64 0 92 65.
14592 64 0 127 66.
14656 64 0 92 67.
14720 64 0 92 66.
14784 64 0 92 65.
14848 64 0 93 66.
14912 64 0 94 67.
14976 64 0 96 66.
15040 64 0 98 65.
15104 64 0 100 66.
15168 64 0 102 67.
15232 64 0 104 66.
15296 64 0 106 67.
15360 64 0 108 66.
15424 64 0 108 67.
15488 64 0 127 68.
15552 64 0 108 67.
15616 64 0 108 68.
15680 64 0 127 69.
15744 64 0 108 68.
15808 64 0 108 69.
15872 64 0 127 70.
15936 64 0 108 69.
16000 64 0 108 70.
16064 64 0 127 71.
16128 64 0 108 70.
16192 64 0 109 71.
16256 64 0 110 72.
16320 64 0 111 73.
16384 64 0 112 74.
16448 64 0 113 75.
16512 64 0 115 76.
16576 64 0 117 77.
16640 64 0 119 78.
16704 64 0 121 79.
16768 64 0 123 80.
16832 64 0 125 82.
16896 96 0 127 83.
16896 96 0 127 89.
16896 96 0 127 95.
16992 48 0 127 83.
17040 48 0 127 84.
17088 64 0 127 85.
17152 64 0 127 86.
17216 64 0 127 84.
17280 64 0 127 80.
17344 64 0 127 77.
17408 64 0 127 78.
17472 64 0 127 79.
17536 64 0 127 80.
17600 64 0 127 77.
17664 64 0 127 74.
17728 64 0 125 71.
17792 64 0 122 72.
17856 64 0 119 73.
17920 64 0 116 74.
17984 64 0 113 71.
18048 64 0 110 67.
18112 64 0 107 68.
18176 64 0 104 65.
18240 64 0 101 61.
18304 64 0 98 62.
18368 128 0 95 59.
18496 64 0 92 54.
18560 64 0 92 58.
18624 64 0 92 61.
18688 64 0 92 58.
18752 64 0 92 62.
18816 64 0 92 58.
18880 64 0 92 59.
18944 64 0 92 64.
19008 64 0 92 61.
19072 64 0 92 62.
19136 64 0 92 67.
19200 64 0 92 65.
19264 64 0 92 66.
19328 64 0 92 70.
19392 64 0 93 73.
19456 64 0 94 70.
19520 64 0 95 74.
19584 64 0 96 70.
19648 64 0 97 71.
19712 64 0 98 76.
19776 64 0 99 73.
19840 64 0 100 74.
19904 64 0 101 79.
19968 64 0 102 77.
20032 64 0 103 78.
20096 64 0 104 82.
20160 64 0 105 85.
20224 64 0 106 82.
20288 64 0 107 86.
20352 384 0 127 59.
20352 384 0 127 67.
20736 64 0 108 60.
20736 64 0 108 72.
20800 64 0 108 63.
20864 64 0 108 58.
20864 64 0 108 70.
20928 96 0 108 64.
21504 768 0 60 76.
22272 192 0 60 78.
22464 192 0 60 73.
22656 96 0 45 63.
22752 96 0 45 64.
22848 96 0 45 63.
22944 96 0 45 61.
23040 96 0 45 63.
23136 96 0 45 64.
23232 96 0 45 63.
23328 96 0 45 61.
23424 96 0 45 59.
23520 96 0 45 61.
23616 96 0 45 63.
23712 96 0 45 59.
23808 96 0 45 63.
23904 96 0 45 64.
24000 96 0 45 65.
24096 96 0 45 66.
24192 96 0 45 70.
24288 96 0 45 68.
24384 96 0 45 66.
24480 96 0 45 64.
24576 96 0 45 63.
24672 96 0 45 61.
24768 96 0 45 63.
24864 96 0 45 71.
24960 96 0 45 61.
25056 96 0 47 63.
25152 96 0 49 61.
25248 96 0 51 68.
25344 96 0 54 71.
25440 96 0 57 75.
25536 96 0 60 73.
25632 96 0 60 75.
25728 96 0 60 73.
25824 96 0 57 70.
25920 96 0 53 68.
26016 96 0 49 70.
26112 96 0 45 68.
26208 96 0 45 66.
26304 96 0 45 63.
26400 96 0 45 66.
26496 96 0 45 63.
26592 96 0 45 61.
26688 192 0 45 56.
26880 384 0 45 58.
26880 384 0 45 70.
27072 192 0 45 64.
27264 96 0 45 63.
27360 96 0 45 58.
27456 96 0 45 59.
27552 96 0 45 61.
27648 96 0 45 63.
27744 24 0 45 66.
27768 72 0 45 64.
27840 96 0 45 63.
27936 96 0 45 61.
28032 96 0 45 59.
28128 96 0 45 61.
28224 96 0 45 63.
28320 96 0 45 59.
28416 96 0 45 63.
28512 96 0 45 64.
28608 96 0 45 65.
28704 96 0 45 66.
28800 96 0 45 70.
28896 96 0 45 68.
28992 96 0 45 66.
29088 96 0 45 64.
29184 96 0 45 63.
29280 96 0 45 61.
29376 96 0 45 63.
29472 96 0 45 71.
29568 96 0 45 62.
29664 96 0 45 63.
29760 96 0 45 64.
29856 96 0 45 63.
29952 96 0 45 66.
30048 96 0 45 64.
30144 96 0 45 65.
30240 96 0 45 66.
30336 96 0 46 68.
30432 96 0 47 66.
30528 96 0 48 69.
30624 96 0 49 68.
30720 96 0 50 67.
30816 96 0 51 68.
30912 96 0 52 70.
31008 96 0 53 68.
31104 144 0 54 71.
31248 48 0 55 70.
31296 96 0 55 70.
31392 96 0 56 68.
31488 96 0 57 67.
31584 96 0 58 68.
31680 144 0 60 71.
31872 96 0 60 75.
31968 96 0 59 73.
32064 96 0 58 71.
32160 96 0 57 70.
32256 96 0 56 71.
32352 96 0 55 68.
32448 96 0 54 70.
32544 96 0 53 68.
32640 96 0 52 66.
32736 96 0 51 65.
32832 96 0 50 66.
32928 96 0 48 63.
33024 96 0 46 68.
33120 96 0 44 66.
33216 96 0 42 64.
33312 96 0 40 63.
33408 96 0 38 64.
33504 96 0 36 61.
33600 192 0 34 58.
33600 192 0 34 70.
33792 96 0 30 59.
33792 96 0 30 71.
33984 192 0 63 60.
34176 24 0 45 73.
34200 24 0 45 75.
34224 144 0 45 61.
34368 96 0 45 60.
34464 96 0 45 61.
34560 96 0 45 64.
34560 96 0 45 76.
34656 96 0 45 75.
34752 96 0 45 73.
34848 96 0 45 60.
34848 96 0 45 72.
34944 96 0 45 58.
35040 96 0 45 60.
35136 96 0 46 61.
35232 96 0 47 63.
35328 96 0 48 64.
35424 96 0 49 66.
35520 96 0 50 63.
35616 96 0 51 64.
35712 96 0 52 68.
35712 96 0 52 80.
35808 96 0 53 78.
35904 96 0 54 76.
36000 96 0 55 63.
36000 96 0 55 75.
36096 96 0 56 61.
36192 96 0 57 63.
36288 96 0 58 64.
36384 96 0 59 66.
36480 96 0 60 68.
36480 96 0 60 80.
36576 96 0 60 79.
36672 96 0 60 82.
36768 96 0 60 80.
36864 96 0 60 68.
36864 96 0 60 80.
36960 96 0 60 79.
37056 96 0 60 67.
37056 96 0 60 79.
37152 96 0 58 78.
37248 96 0 56 81.
37344 96 0 54 79.
37440 96 0 51 67.
37440 96 0 51 79.
37536 96 0 48 78.
37632 96 0 45 66.
37632 96 0 45 78.
37728 96 0 45 77.
37824 192 0 45 65.
37824 192 0 45 77.
37920 96 0 45 71.
38016 96 0 45 65.
38016 96 0 45 77.
38112 96 0 45 76.
38208 192 0 45 64.
38208 192 0 45 76.
38304 96 0 45 70.
38400 96 0 45 64.
38400 96 0 45 76.
38496 96 0 45 75.
38592 24 0 45 76.
38616 72 0 45 63.
38616 72 0 45 75.
38688 96 0 45 74.
38784 96 0 45 63.
38784 96 0 45 75.
38880 96 0 45 76.
38976 96 0 45 63.
38976 96 0 45 75.
39072 96 0 45 73.
39168 96 0 45 63.
39168 96 0 45 75.
39264 96 0 45 76.
39360 96 0 45 63.
39360 96 0 45 75.
39456 96 0 45 73.
39552 96 0 45 71.
39648 96 0 45 61.
39648 96 0 45 73.
39744 192 0 45 63.
39840 96 0 45 71.
39936 96 0 45 63.
40032 96 0 45 64.
40128 96 0 45 65.
40224 96 0 45 66.
40320 96 0 45 70.
40416 96 0 45 68.
40512 96 0 45 66.
40608 96 0 45 64.
40704 96 0 45 63.
40800 96 0 45 61.
40896 96 0 45 63.
40992 96 0 45 59.
41088 96 0 45 62.
41184 96 0 45 63.
41280 96 0 45 64.
41376 96 0 45 63.
41472 96 0 45 66.
41568 96 0 45 64.
41664 96 0 45 65.
41760 96 0 45 66.
41856 96 0 46 68.
41952 96 0 47 66.
42048 96 0 48 69.
42144 96 0 49 68.
42240 96 0 50 67.
42336 96 0 51 68.
42432 96 0 52 70.
42528 96 0 53 68.
42624 144 0 54 71.
42768 48 0 55 70.
42816 96 0 55 70.
42912 96 0 56 68.
43008 96 0 57 67.
43104 96 0 58 68.
43200 144 0 60 71.
43392 96 0 60 75.
43488 96 0 59 73.
43584 96 0 58 71.
43680 96 0 57 70.
43776 96 0 56 71.
43872 96 0 55 68.
43968 96 0 54 70.
44064 96 0 52 68.
44160 96 0 50 66.
44256 96 0 48 65.
44352 96 0 46 66.
44448 96 0 44 63.
44544 96 0 42 68.
44640 96 0 40 66.
44736 96 0 38 64.
44832 96 0 36 63.
44928 96 0 34 64.
45024 96 0 32 61.
45120 192 0 30 58.
45120 192 0 30 70.
45312 96 0 30 59.
45312 96 0 30 71.
45504 192 0 63 60.
45696 24 0 45 73.
45720 24 0 45 75.
45744 144 0 45 61.
45888 96 0 45 60.
45984 96 0 45 61.
46080 96 0 45 64.
46080 96 0 45 76.
46176 96 0 45 75.
46272 96 0 45 73.
46368 96 0 45 60.
46368 96 0 45 72.
46464 96 0 45 58.
46560 96 0 45 60.
46656 96 0 46 61.
46752 96 0 47 63.
46848 96 0 48 64.
46944 96 0 49 66.
47040 96 0 50 63.
47136 96 0 51 64.
47232 96 0 52 68.
47232 96 0 52 80.
47328 96 0 53 78.
47424 96 0 54 76.
47520 96 0 55 63.
47520 96 0 55 75.
47616 96 0 56 61.
47712 96 0 57 63.
47808 96 0 58 64.
47904 96 0 59 66.
0 64 0 45 30.
64 64 0 45 29.
128 64 0 45 30.
192 64 0 45 31.
256 64 0 46 32.
320 64 0 47 33.
384 64 0 48 32.
448 64 0 49 31.
512 64 0 50 32.
576 64 0 51 33.
640 64 0 52 34.
704 64 0 53 35.
768 64 0 54 34.
832 64 0 55 33.
896 64 0 56 34.
960 64 0 57 35.
1024 64 0 58 36.
1088 64 0 59 37.
1152 64 0 60 36.
1216 64 0 61 35.
1280 64 0 62 36.
1344 64 0 63 37.
1408 64 0 64 38.
1472 64 0 65 39.
1536 64 0 66 38.
1600 64 0 67 39.
1664 64 0 95 40.
1728 64 0 69 39.
1792 64 0 70 40.
1856 64 0 99 41.
1920 64 0 72 40.
1984 64 0 74 41.
2048 64 0 106 42.
2112 64 0 78 41.
2176 64 0 80 42.
2240 64 0 114 43.
2304 64 0 84 42.
2368 64 0 86 43.
2432 64 0 123 44.
2496 64 0 90 43.
2560 64 0 92 44.
2624 64 0 127 45.
2688 64 0 96 43.
2752 64 0 98 44.
2816 64 0 127 45.
2880 64 0 102 44.
2944 64 0 104 45.
3008 64 0 127 46.
3072 64 0 127 47.
3072 64 0 127 59.
3136 64 0 108 58.
3200 64 0 108 59.
3264 64 0 108 58.
3328 64 0 108 57.
3392 64 0 108 56.
3456 64 0 127 45.
3456 64 0 127 57.
3520 64 0 108 56.
3584 64 0 108 57.
3648 64 0 108 56.
3712 64 0 108 55.
3776 64 0 108 54.
3840 64 0 127 43.
3840 64 0 127 55.
3904 64 0 107 54.
3968 64 0 106 55.
4032 64 0 127 42.
4032 64 0 127 54.
4096 64 0 104 53.
4160 64 0 103 52.
4224 64 0 127 39.
4224 64 0 127 51.
4288 64 0 101 50.
4352 64 0 100 49.
4416 192 0 127 35.
4416 192 0 127 47.
4608 64 0 127 35.
4608 64 0 127 47.
4672 64 0 92 46.
4736 64 0 92 47.
4800 64 0 92 49.
4864 64 0 92 50.
4928 64 0 92 52.
4992 64 0 92 38.
4992 64 0 92 50.
5056 64 0 92 49.
5120 64 0 92 47.
5184 64 0 92 34.
5248 64 0 92 35.
5312 64 0 92 37.
5376 64 0 127 35.
5376 64 0 127 47.
5440 64 0 92 46.
5504 64 0 92 47.
5568 64 0 92 49.
5632 64 0 92 50.
5696 64 0 92 52.
5760 64 0 92 38.
5760 64 0 92 50.
5824 64 0 92 49.
5888 64 0 92 47.
5952 64 0 92 34.
6016 64 0 92 35.
6080 64 0 92 37.
6144 64 0 127 38.
6144 64 0 127 50.
6208 64 0 92 49.
6272 64 0 92 50.
6336 64 0 92 52.
6400 64 0 92 53.
6464 64 0 92 55.
6528 64 0 92 41.
6528 64 0 92 53.
6592 64 0 92 52.
6656 64 0 92 50.
6720 64 0 92 37.
6784 64 0 92 38.
6848 64 0 92 40.
6912 64 0 127 38.
6912 64 0 127 50.
6976 64 0 92 49.
7040 64 0 92 50.
7104 64 0 92 52.
7168 64 0 92 53.
7232 64 0 92 55.
7296 64 0 92 41.
7296 64 0 92 53.
7360 64 0 92 52.
7424 64 0 92 50.
7488 64 0 92 37.
7552 64 0 92 38.
7616 64 0 92 40.
7680 64 0 127 43.
7744 64 0 92 42.
7808 64 0 92 43.
7872 64 0 92 44.
7936 64 0 92 45.
8000 64 0 92 46.
8064 64 0 127 45.
8128 64 0 92 44.
8192 64 0 92 45.
8256 64 0 93 46.
8320 64 0 94 47.
8384 64 0 95 48.
8448 64 0 127 49.
8512 64 0 97 50.
8576 64 0 98 51.
8640 64 0 127 52.
8704 64 0 100 53.
8768 64 0 101 54.
8832 64 0 127 55.
8896 64 0 103 56.
8960 64 0 104 57.
9024 64 0 127 58.
9088 64 0 106 59.
9152 64 0 107 61.
9216 64 0 127 59.
9216 64 0 127 71.
9280 64 0 108 70.
9344 64 0 108 71.
9408 64 0 108 70.
9472 64 0 108 69.
9536 64 0 108 68.
9600 64 0 127 57.
9600 64 0 127 69.
9664 64 0 108 68.
9728 64 0 108 69.
9792 64 0 108 68.
9856 64 0 108 67.
9920 64 0 108 66.
9984 64 0 127 55.
9984 64 0 127 67.
10048 64 0 107 66.
10112 64 0 106 67.
10176 64 0 127 54.
10176 64 0 127 66.
10240 64 0 104 65.
10304 64 0 103 64.
10368 64 0 127 51.
10368 64 0 127 63.
10432 64 0 101 62.
10496 64 0 100 61.
10560 192 0 127 47.
10560 192 0 127 59.
10752 64 0 127 47.
10752 64 0 127 59.
10816 64 0 92 58.
10880 64 0 92 59.
10944 64 0 92 61.
11008 64 0 92 62.
11072 64 0 92 64.
11136 64 0 92 50.
11136 64 0 92 62.
11200 64 0 92 61.
11264 64 0 92 59.
11328 64 0 92 46.
11392 64 0 92 47.
11456 64 0 92 49.
11520 64 0 127 47.
11520 64 0 127 59.
11584 64 0 92 58.
11648 64 0 92 59.
11712 64 0 92 61.
11776 64 0 92 62.
11840 64 0 92 64.
11904 64 0 92 50.
11904 64 0 92 62.
11968 64 0 92 61.
12032 64 0 92 59.
12096 64 0 92 46.
12160 64 0 92 47.
12224 64 0 92 49.
12288 64 0 127 47.
12288 384 0 127 55.
12352 64 0 92 46.
12416 64 0 92 47.
12480 64 0 92 48.
12544 64 0 92 49.
12608 64 0 92 50.
12672 64 0 127 49.
12672 192 0 127 55.
12736 64 0 92 48.
12800 64 0 92 47.
12864 64 0 127 46.
12864 192 0 127 55.
12928 64 0 92 47.
12992 64 0 92 49.
13056 64 0 127 47.
13056 192 0 127 55.
13120 64 0 92 46.
13184 64 0 92 47.
13248 64 0 127 48.
13248 64 0 127 55.
13312 64 0 92 49.
13376 64 0 127 50.
13376 64 0 127 55.
13440 64 0 127 49.
13440 192 0 127 55.
13504 64 0 92 48.
13568 64 0 92 47.
13632 64 0 127 46.
13696 64 0 92 47.
13760 64 0 127 43.
13760 64 0 127 49.
13824 64 0 127 42.
13824 384 0 127 49.
13888 64 0 92 41.
13952 64 0 92 42.
14016 64 0 92 43.
14080 64 0 92 42.
14144 64 0 92 41.
14208 64 0 127 42.
14208 192 0 127 49.
14272 64 0 92 43.
14336 64 0 92 42.
14400 64 0 92 41.
14400 192 0 92 49.
14464 64 0 92 42.
14528 64 0 92 43.
14592 64 0 127 42.
14656 64 0 92 47.
14720 64 0 92 46.
14784 64 0 92 45.
14848 64 0 93 46.
14912 64 0 94 47.
14976 64 0 96 48.
15040 64 0 98 49.
15104 64 0 100 50.
15168 64 0 102 51.
15232 64 0 104 52.
15296 64 0 106 51.
15360 64 0 108 52.
15424 64 0 108 51.
15488 64 0 127 50.
15552 64 0 108 51.
15616 64 0 108 50.
15680 64 0 127 49.
15744 64 0 108 50.
15808 64 0 108 49.
15872 64 0 127 48.
15936 64 0 108 49.
16000 64 0 108 48.
16064 64 0 127 47.
16128 64 0 108 48.
16192 64 0 109 47.
16256 64 0 110 46.
16320 64 0 111 45.
16384 64 0 112 44.
16448 64 0 113 43.
16512 64 0 115 42.
16576 64 0 117 41.
16640 64 0 119 40.
16704 64 0 121 39.
16768 64 0 123 38.
16832 64 0 125 37.
16896 96 0 127 35.
16896 96 0 127 44.
16992 48 0 127 68.
17040 48 0 127 67.
17088 64 0 127 66.
17152 64 0 127 65.
17216 64 0 127 68.
17280 64 0 127 65.
17344 64 0 127 62.
17408 64 0 127 61.
17472 64 0 127 60.
17536 64 0 127 59.
17600 64 0 127 62.
17664 64 0 127 59.
17728 64 0 125 56.
17792 64 0 122 55.
17856 64 0 119 54.
17920 64 0 116 53.
17984 64 0 113 56.
18048 64 0 110 48.
18112 64 0 107 47.
18176 64 0 104 50.
18240 64 0 101 43.
18304 64 0 98 41.
18368 64 0 95 44.
18432 128 0 92 30.
18560 64 0 92 34.
18624 64 0 92 37.
18688 64 0 92 34.
18752 64 0 92 38.
18816 64 0 92 34.
18880 64 0 92 35.
18944 64 0 92 40.
19008 64 0 92 37.
19072 64 0 92 38.
19136 64 0 92 43.
19200 64 0 92 41.
19264 64 0 92 42.
19328 64 0 92 46.
19392 64 0 93 49.
19456 64 0 94 46.
19520 64 0 95 50.
19584 64 0 96 46.
19648 64 0 97 47.
19712 64 0 98 52.
19776 64 0 99 49.
19840 64 0 100 50.
19904 64 0 101 55.
19968 64 0 102 53.
20032 64 0 103 54.
20096 64 0 104 58.
20160 64 0 105 61.
20224 64 0 106 58.
20288 64 0 107 62.
20352 384 0 127 29.
20736 64 0 108 28.
20800 64 0 108 29.
20864 64 0 108 30.
20928 96 0 108 34.
21504 768 0 60 64.
22272 192 0 60 66.
22464 192 0 60 61.
22656 384 0 45 47.
23040 192 0 45 40.
23232 192 0 45 42.
23232 192 0 45 58.
23424 384 0 45 54.
23616 192 0 45 47.
24000 384 0 45 59.
24192 192 0 45 52.
24576 192 0 45 42.
24576 192 0 45 58.
24768 192 0 45 47.
24768 192 0 45 59.
24960 192 0 45 44.
24960 192 0 45 59.
25152 192 0 50 37.
25344 192 0 55 59.
25536 192 0 60 54.
25536 192 0 60 66.
25728 192 0 60 46.
25728 192 0 60 61.
25920 192 0 53 47.
25920 192 0 53 63.
26304 192 0 45 59.
26496 192 0 45 49.
26688 192 0 45 49.
26880 384 0 63 42.
27072 384 0 45 54.
27648 192 0 45 40.
27840 192 0 45 42.
27840 192 0 45 58.
28032 384 0 45 54.
28224 192 0 45 47.
28608 384 0 45 59.
28800 192 0 45 52.
29184 192 0 45 42.
29184 192 0 45 58.
29376 192 0 45 47.
29376 192 0 45 59.
29568 384 0 45 48.
29568 192 0 45 57.
29952 192 0 47 49.
30144 384 0 48 51.
30144 192 0 48 60.
30528 192 0 50 52.
30720 1104 0 51 53.
30720 192 0 51 62.
31872 192 0 60 64.
32064 96 0 57 63.
32160 96 0 56 62.
32256 96 0 55 63.
32352 96 0 54 59.
32448 192 0 53 61.
32640 96 0 50 58.
32736 96 0 49 57.
32832 96 0 48 58.
32928 96 0 47 54.
33024 192 0 46 48.
33024 192 0 46 63.
33216 192 0 42 61.
33408 192 0 38 52.
33600 192 0 34 42.
34560 192 0 45 42.
35136 192 0 46 49.
35328 192 0 48 48.
36288 192 0 58 52.
36480 384 0 60 52.
37248 192 0 56 51.
37632 480 0 45 50.
38400 768 0 45 54.
39168 192 0 45 40.
39360 192 0 45 42.
39360 192 0 45 58.
39552 384 0 45 54.
39744 192 0 45 47.
40128 384 0 45 59.
40320 192 0 45 52.
40704 192 0 45 42.
40704 192 0 45 58.
40896 192 0 45 47.
40896 192 0 45 59.
41088 384 0 45 48.
41088 192 0 45 57.
41472 192 0 47 49.
41664 384 0 48 51.
41664 192 0 48 60.
42048 192 0 50 52.
42240 1104 0 51 53.
42240 192 0 51 62.
43392 192 0 60 64.
43584 96 0 57 63.
43680 96 0 56 62.
43776 96 0 55 63.
43872 96 0 54 59.
43968 192 0 53 61.
44160 96 0 50 58.
44256 96 0 48 57.
44352 96 0 46 58.
44448 96 0 44 54.
44544 192 0 42 48.
44544 192 0 42 63.
44736 192 0 38 61.
44928 192 0 34 52.
45120 192 0 30 42.
46080 192 0 47 42.
46656 192 0 48 49.
46848 192 0 49 48.
47808 192 0 58 52.
48000 384 0 60 52.
48768 192 0 56 51.
49152 480 0 45 50.
49920 768 0 45 54.
50688 192 0 45 40.
50880 192 0 45 42.
50880 192 0 45 58.
51072 384 0 45 54.
51648 96 0 45 50.
51840 192 0 45 52.
52224 192 0 45 42.
52224 192 0 45 58.
52416 192 0 45 47.
52416 192 0 45 59.
52608 384 0 45 48.
52608 192 0 45 57.
52992 96 0 45 48.
53088 96 0 45 49.
53184 96 0 45 50.
53184 192 0 45 60.
53280 96 0 45 51.
53376 192 0 46 59.
53568 96 0 48 51.
53664 96 0 49 52.

