1320 113 0 58 66.
1440 682 0 56 51.
1441 69 0 34 58.
1501 68 0 36 59.
1561 70 0 35 57.
1621 71 0 34 59.
1681 64 0 35 58.
2041 69 0 58 65.
2161 348 0 63 70.
2221 56 0 37 61.
2339 73 0 31 61.
2399 71 0 29 59.
2459 77 0 32 56.
2521 81 0 32 59.
2581 57 0 31 61.
2699 74 0 36 61.
2759 62 0 34 59.
2819 688 0 58 65.
2879 690 0 59 50.
3359 76 0 37 55.
3479 63 0 33 56.
3599 703 0 66 49.
3601 76 0 33 55.
4321 483 0 82 75.
4441 61 0 38 54.
4501 71 0 39 56.
4560 54 0 41 55.
4679 70 0 40 56.
4799 67 0 44 55.
4859 71 0 44 58.
4919 178 0 42 56.
5039 348 0 70 46.
5041 298 0 49 62.
5219 90 0 41 58.
5279 66 0 45 56.
5339 65 0 63 65.
5399 75 0 43 54.
5459 64 0 41 56.
5519 73 0 41 53.
5579 86 0 41 56.
5639 60 0 39 54.
5699 65 0 37 51.
5759 378 0 65 64.
5761 376 0 44 59.
6119 75 0 49 54.
6121 293 0 67 63.
6360 120 0 48 54.
6479 335 0 48 58.
6479 660 0 61 46.
6481 69 0 40 53.
6512 305 0 56 62.
6541 60 0 41 54.
6599 70 0 41 52.
6659 77 0 38 54.
6719 60 0 40 53.
6841 149 0 43 59.
6899 63 0 37 57.
6959 145 0 55 64.
7019 70 0 37 58.
7079 68 0 46 61.
7080 102 0 58 65.
7141 81 0 46 62.
7199 78 0 44 58.
7201 617 0 58 66.
7559 79 0 28 58.
7619 63 0 33 59.
7679 69 0 30 57.
7739 89 0 35 59.
7799 80 0 34 58.
7861 725 0 59 63.
7921 372 0 65 70.
7921 708 0 57 53.
8100 75 0 38 61.
8160 61 0 36 59.
8281 305 0 60 68.
8341 50 0 34 61.
8460 70 0 36 61.
8519 62 0 33 59.
8579 688 0 58 65.
8641 717 0 57 50.
8879 69 0 34 56.
8939 78 0 35 53.
8999 76 0 34 56.
9059 70 0 37 58.
9119 85 0 34 55.
9179 81 0 37 58.
9239 74 0 39 56.
9361 656 0 50 64.
9361 61 0 36 55.
9421 71 0 33 56.
9481 61 0 34 54.
9541 73 0 36 56.
9601 61 0 33 55.
9661 68 0 32 52.
9722 54 0 36 55.
9841 63 0 38 54.
9899 68 0 39 56.
9961 172 0 37 55.
10019 719 0 73 63.
10081 467 0 78 75.
10139 69 0 49 56.
10199 71 0 41 54.
10259 81 0 45 56.
10320 58 0 43 55.
10441 64 0 47 56.
10501 70 0 47 58.
10561 59 0 48 55.
10681 73 0 76 68.
10801 328 0 49 62.
10801 348 0 63 46.
10921 59 0 45 55.
11041 61 0 42 56.
11101 71 0 38 53.
11161 59 0 47 54.
11219 73 0 36 56.
11281 62 0 36 53.
11341 82 0 39 56.
11401 60 0 39 54.
11461 44 0 37 51.
11521 359 0 69 64.
11521 65 0 34 56.
11579 71 0 44 58.
11640 67 0 44 55.
11699 61 0 47 58.
11759 63 0 42 56.
11819 48 0 46 52.
11879 66 0 43 53.
12181 95 0 50 46.
12242 336 0 60 63.
12242 337 0 52 39.
12361 70 0 41 45.
12421 89 0 41 48.
12481 63 0 41 46.
12541 51 0 41 42.
12601 75 0 52 39.
12961 333 0 58 65.
12961 68 0 41 58.
12961 325 0 56 34.
13019 67 0 35 59.
13081 55 0 38 57.
13139 86 0 39 59.
13319 296 0 57 46.
13321 68 0 37 58.
13322 224 0 45 62.
13379 70 0 41 59.
13441 56 0 40 57.
13561 74 0 50 61.
13619 122 0 41 53.
13679 344 0 55 41.
13681 322 0 52 56.
13681 320 0 39 67.
13919 64 0 44 53.
13979 58 0 43 48.
14040 64 0 44 47.
14041 338 0 50 65.
14041 338 0 44 62.
14401 331 0 56 67.
14401 324 0 56 36.
14521 64 0 32 61.
14641 60 0 34 62.
14700 50 0 34 55.
14759 256 0 61 67.
14761 67 0 44 60.
14821 68 0 41 62.
14881 67 0 41 59.
14941 64 0 42 62.
15001 69 0 62 69.
15001 56 0 50 60.
15121 332 0 67 70.
15121 338 0 58 43.
15122 319 0 51 62.
15182 65 0 41 57.
15361 63 0 43 55.
15421 56 0 43 50.
15481 207 0 58 58.
15482 301 0 48 64.
15482 70 0 53 49.
15721 66 0 52 49.
15722 58 0 64 70.
15781 50 0 48 43.
15841 64 0 56 64.
15842 338 0 79 71.
15962 68 0 47 63.
16021 81 0 47 66.
16201 265 0 68 69.
16202 57 0 55 64.
16261 68 0 48 66.
16381 83 0 49 66.
16441 64 0 47 64.
16499 67 0 45 59.
16560 70 0 57 61.
16561 337 0 44 64.
16561 324 0 60 30.
16621 67 0 50 63.
16681 61 0 48 60.
16741 71 0 48 63.
16802 66 0 49 61.
16921 238 0 41 64.
16922 58 0 51 61.
16922 216 0 56 44.
17042 59 0 52 60.
17161 98 0 58 45.
17162 60 0 49 61.
17281 335 0 64 69.
17282 327 0 64 47.
17341 71 0 55 63.
17402 57 0 55 60.
17521 66 0 53 61.
17641 212 0 47 63.
17641 68 0 55 59.
17701 66 0 46 61.
17761 60 0 51 57.
17881 90 0 43 63.
17881 56 0 50 59.
17939 51 0 51 54.
18001 260 0 43 63.
18001 66 0 50 59.
18001 692 0 60 40.
18240 59 0 37 59.
18241 83 0 41 64.
18359 326 0 37 64.
18360 54 0 47 59.
18479 61 0 45 57.
18659 62 0 42 56.
18720 350 0 54 68.
18721 67 0 43 63.
18721 316 0 60 36.
18781 67 0 42 64.
18841 67 0 41 62.
18901 86 0 42 64.
18961 67 0 43 63.
19081 214 0 54 68.
19081 66 0 44 61.
19081 342 0 61 49.
19139 62 0 45 63.
19199 79 0 46 60.
19261 65 0 46 63.
19320 102 0 59 68.
19321 73 0 47 61.
19381 60 0 49 56.
19441 354 0 62 68.
19441 686 0 60 44.
19561 61 0 49 62.
19619 89 0 47 64.
19681 68 0 46 63.
19801 234 0 53 68.
20161 329 0 44 66.
20161 321 0 52 48.
20220 63 0 47 64.
20280 68 0 51 62.
20340 71 0 40 64.
20399 70 0 47 63.
20460 82 0 49 56.
20519 218 0 62 68.
20521 65 0 55 61.
20521 307 0 62 49.
20639 69 0 52 60.
20759 84 0 54 64.
20879 341 0 68 76.
20880 657 0 71 32.
20881 70 0 48 68.
20941 67 0 43 69.
21001 65 0 44 67.
21061 77 0 40 69.
21121 67 0 42 68.
21241 322 0 56 75.
21481 69 0 35 68.
21540 46 0 32 63.
21601 334 0 52 68.
21601 309 0 50 48.
21661 64 0 41 64.
21721 62 0 43 62.
21779 71 0 42 64.
21839 69 0 44 63.
21899 55 0 41 56.
21961 202 0 53 71.
21961 326 0 54 51.
22081 71 0 37 64.
22141 72 0 36 66.
22199 99 0 42 68.
22201 65 0 47 65.
22261 47 0 49 59.
22321 209 0 58 71.
22321 61 0 52 65.
22321 303 0 57 38.
22561 94 0 42 68.
22561 60 0 52 65.
22619 63 0 52 58.
22679 57 0 49 67.
22681 314 0 61 53.
22799 67 0 52 66.
22859 71 0 52 68.
22919 92 0 64 73.
22919 66 0 52 67.
22979 57 0 52 61.
23039 220 0 41 70.
23041 320 0 65 52.
23159 68 0 54 66.
23219 83 0 53 68.
23279 89 0 40 70.
23281 93 0 70 72.
23339 52 0 57 60.
23399 219 0 66 55.
23400 213 0 66 43.
23459 71 0 59 70.
23521 64 0 59 68.
23579 76 0 60 70.
23639 101 0 76 75.
23639 58 0 62 69.
23642 99 0 69 42.
23699 79 0 63 63.
23761 338 0 51 72.
23761 664 0 78 51.
23940 93 0 59 70.
24000 68 0 60 69.
24061 56 0 60 66.
24121 294 0 54 72.
24122 66 0 60 69.
24479 68 0 52 65.
24481 316 0 70 70.
24481 331 0 57 38.
24539 62 0 48 66.
24599 62 0 47 64.
24659 85 0 50 66.
24719 60 0 49 65.
24779 67 0 51 58.
24839 212 0 67 70.
24839 63 0 46 64.
24841 350 0 72 37.
24899 72 0 52 66.
24960 72 0 52 63.
25019 83 0 51 66.
25079 102 0 64 70.
25081 63 0 49 64.
25139 56 0 52 58.

