3076 144 0 53 71.
3408 328 0 35 40.
3442 72 0 33 63.
3458 318 0 64 71.
3805 405 0 62 76.
3870 281 0 54 67.
4168 63 0 48 70.
4226 350 0 76 79.
4237 178 0 29 43.
4256 179 0 70 59.
4587 61 0 62 71.
4604 371 0 82 79.
4627 323 0 56 52.
4986 387 0 68 78.
5037 301 0 54 69.
5357 241 0 54 48.
5372 365 0 66 81.
5389 216 0 64 64.
5394 325 0 64 71.
5755 439 0 45 47.
5767 366 0 78 79.
5783 405 0 56 63.
6137 80 0 58 68.
6191 300 0 52 69.
6518 59 0 58 71.
6531 350 0 72 79.
6553 316 0 60 69.
6895 368 0 64 78.
6902 407 0 48 40.
6949 372 0 68 55.
7256 80 0 50 66.
7289 386 0 56 76.
7310 312 0 64 67.
7599 332 0 68 42.
7630 324 0 56 50.
7645 67 0 66 68.
7683 344 0 76 74.
8014 425 0 66 43.
8047 79 0 52 66.
8064 388 0 78 59.
8101 303 0 46 67.
8422 78 0 48 70.
8443 370 0 80 79.
8476 335 0 51 71.
8784 274 0 50 47.
8815 256 0 68 62.
8816 360 0 82 83.
8865 291 0 64 74.
9183 75 0 82 74.
9201 377 0 86 83.
9216 420 0 56 64.
9585 413 0 66 81.
9633 313 0 51 72.
9940 218 0 49 52.
9965 68 0 72 76.
9978 200 0 70 67.
10013 322 0 58 74.
10322 220 0 43 50.
10347 168 0 54 57.
10361 201 0 50 66.
10389 315 0 50 72.
10703 227 0 43 43.
10722 258 0 50 50.
10749 236 0 74 59.
10799 286 0 64 74.
11061 273 0 45 48.
11103 70 0 46 70.
11113 390 0 72 79.
11144 285 0 48 71.
11474 64 0 60 71.
11494 279 0 28 42.
11510 347 0 52 72.
11519 276 0 62 57.
11869 74 0 45 68.
11899 423 0 68 78.
12251 243 0 30 57.
12271 219 0 61 47.
12290 374 0 68 79.
12648 79 0 39 63.
12668 372 0 54 71.
12694 302 0 60 55.
13022 62 0 46 52.
13036 394 0 78 76.
13058 309 0 66 55.
13386 70 0 60 47.
13432 349 0 88 79.
13449 213 0 56 40.
13802 399 0 80 79.
13819 90 0 78 45.
13875 279 0 70 60.
14175 82 0 52 54.
14210 385 0 82 78.
14232 326 0 47 69.
14555 108 0 56 54.
14575 48 0 52 72.
14601 341 0 46 71.
14965 373 0 86 79.
14984 47 0 53 71.
15034 284 0 62 63.
15321 95 0 48 54.
15350 380 0 78 78.
15368 341 0 68 63.
15712 63 0 74 57.
15748 343 0 90 79.
15778 329 0 70 47.
16104 388 0 74 78.
16116 248 0 53 52.
16166 290 0 48 64.
16495 77 0 60 66.
16499 357 0 64 76.
16560 287 0 54 64.
16861 77 0 68 64.
16880 98 0 72 44.
16919 299 0 72 59.
17242 92 0 78 70.
17251 109 0 80 47.
17285 334 0 74 62.
17626 99 0 74 50.
17636 379 0 84 83.
17666 319 0 76 74.
18011 53 0 66 76.
18022 90 0 76 53.
18033 338 0 45 77.
18064 315 0 92 68.
18399 57 0 68 76.
18432 149 0 53 56.
18433 340 0 58 77.
18446 135 0 72 59.
18780 64 0 47 75.
18789 218 0 76 48.
18808 207 0 64 57.
18819 198 0 102 69.
19175 67 0 48 73.
19195 344 0 78 83.
19564 417 0 80 83.
19601 57 0 74 38.
19952 418 0 64 81.
19977 982 0 82 62.
19995 314 0 41 72.
20306 73 0 46 68.
20338 396 0 62 50.
20353 102 0 62 74.
20684 69 0 52 68.
20721 229 0 43 54.
20744 392 0 78 74.
21078 77 0 44 73.
21127 9 0 66 74.
21487 47 0 46 71.
21509 315 0 53 72.
21867 395 0 82 79.
21900 64 0 33 70.
21931 296 0 56 71.
22238 75 0 45 73.
22265 761 0 66 62.
22277 317 0 49 74.
22613 68 0 41 73.
22642 403 0 51 50.
23003 56 0 35 73.
23021 413 0 84 83.
23036 64 0 41 44.
23385 62 0 70 76.
23407 365 0 49 77.
23769 399 0 78 50.
23779 373 0 74 84.
23817 333 0 62 76.
24155 60 0 43 73.
24179 359 0 54 74.
24550 54 0 48 71.
24563 434 0 66 81.
24919 62 0 47 68.
24943 205 0 44 54.
24951 340 0 60 69.
25307 63 0 37 68.
25344 48 0 74 38.
25695 78 0 49 70.
25728 763 0 78 62.
26086 62 0 58 67.
26090 388 0 53 60.
26106 291 0 82 74.
26471 66 0 44 66.
26485 43 0 80 43.
26509 322 0 44 67.
26808 66 0 64 64.
26839 829 0 68 62.
26872 344 0 80 74.
26889 314 0 52 71.
27218 68 0 51 73.
27248 308 0 74 83.
27612 400 0 76 83.
27623 93 0 54 44.
27659 320 0 52 74.
27957 60 0 64 64.
27986 791 0 64 62.
28011 353 0 46 77.
28036 327 0 74 86.
28358 69 0 54 75.
28387 384 0 54 76.
28417 375 0 80 50.
28764 66 0 53 73.
28791 75 0 88 45.
28794 347 0 60 74.
29113 69 0 70 64.
29153 822 0 80 62.
29198 403 0 56 81.
29535 79 0 48 68.
29552 416 0 45 54.
29576 319 0 70 74.
29909 67 0 41 68.
29938 350 0 49 69.
29952 47 0 76 38.
30282 59 0 70 64.
30294 77 0 46 70.
30333 322 0 74 74.
30684 429 0 66 60.
30690 415 0 30 54.
30718 362 0 51 69.
31097 58 0 43 66.
31113 227 0 64 43.
31125 332 0 53 67.
31479 59 0 39 70.
31506 328 0 78 74.
31514 325 0 54 71.
31854 64 0 50 73.
31872 216 0 68 67.
31886 329 0 68 74.
32215 338 0 53 67.
32222 356 0 60 83.
32269 294 0 42 79.
32574 98 0 50 82.
32584 370 0 60 83.
32591 335 0 74 71.
32962 390 0 84 74.
32963 73 0 52 85.
33008 377 0 56 86.
33387 240 0 94 83.
33403 69 0 80 90.
33413 381 0 96 95.
33793 427 0 81 91.
33798 73 0 50 85.
34154 69 0 53 82.
34192 335 0 62 83.
34538 65 0 42 78.
34572 277 0 66 83.
34925 74 0 30 73.
34955 364 0 49 74.
35302 69 0 41 70.
35347 277 0 37 71.
35712 282 0 37 55.
35712 297 0 37 40.
35712 410 0 56 64.
35712 430 0 54 71.
36081 48 0 39 66.
36113 387 0 76 76.
36455 220 0 39 43.
36482 204 0 51 52.
36487 47 0 39 70.
36504 349 0 68 71.
36856 414 0 76 79.
36873 60 0 78 71.
36888 348 0 46 52.
37251 421 0 58 78.
37263 62 0 53 68.
37294 357 0 47 69.
37615 325 0 47 57.
37631 292 0 50 64.
37649 407 0 62 81.
37661 345 0 35 71.
38009 396 0 29 57.
38026 65 0 62 71.
38029 367 0 47 63.
38057 335 0 51 69.
38394 81 0 46 68.
38406 392 0 48 78.
38431 331 0 44 69.
38759 302 0 49 47.
38773 306 0 43 51.
38784 395 0 60 79.
39143 384 0 47 40.
39159 111 0 46 69.
39180 382 0 53 55.
39528 63 0 48 66.
39561 339 0 52 67.
39875 338 0 42 42.
39903 334 0 52 50.
39910 371 0 58 69.
40266 452 0 52 43.
40287 433 0 68 59.
40308 387 0 49 67.
40679 89 0 46 70.
40694 386 0 54 71.
41027 316 0 50 47.
41056 321 0 74 62.
41079 345 0 74 74.
41085 345 0 66 83.
41418 368 0 44 48.
41443 341 0 74 64.
41451 60 0 74 74.
41461 354 0 54 72.
41823 456 0 56 81.
41838 375 0 66 72.
42218 53 0 56 76.
42221 273 0 48 48.
42237 376 0 48 74.
42614 65 0 64 71.
42621 292 0 71 60.
42625 297 0 62 66.
42969 344 0 49 43.
42992 342 0 48 50.
43003 102 0 52 73.
43022 337 0 50 74.
43361 71 0 58 70.
43388 326 0 56 55.
43395 324 0 49 71.
43409 282 0 52 64.
43716 341 0 47 42.
43746 318 0 42 57.
43748 80 0 70 71.
43762 371 0 53 72.
44134 65 0 54 68.
44164 343 0 48 69.
44499 276 0 43 54.
44515 256 0 48 47.
44522 56 0 62 71.
44543 296 0 47 69.
44928 228 0 45 40.
44930 183 0 33 63.
45104 183 0 53 64.
45119 197 0 58 55.
45299 165 0 39 66.
45302 185 0 47 76.
45483 198 0 48 67.
45490 204 0 56 55.
45671 209 0 46 70.
45676 213 0 52 47.
45869 201 0 54 40.
46055 228 0 74 79.
46065 198 0 46 45.
46241 206 0 52 60.
46438 220 0 43 54.
46447 181 0 45 68.
46631 206 0 66 69.
46818 203 0 43 54.
46834 208 0 60 81.
47018 221 0 64 45.
47206 206 0 58 79.
47218 208 0 62 47.
47405 208 0 42 63.
47601 203 0 49 54.
47609 233 0 52 78.
47782 230 0 47 63.
47989 206 0 72 79.
47993 189 0 53 71.
48163 156 0 53 69.
48361 218 0 58 69.
48368 198 0 64 52.
48548 218 0 74 64.
48743 207 0 70 59.
48758 258 0 58 76.
48935 193 0 62 64.
49138 215 0 62 44.
49152 195 0 54 64.
49321 218 0 70 59.
49521 246 0 74 50.
49559 96 0 48 78.
49571 150 0 45 70.
49730 179 0 55 71.
49912 161 0 45 73.
49931 214 0 62 53.
50075 173 0 81 74.
50118 177 0 74 68.
50260 231 0 90 76.
50282 192 0 88 56.
50453 141 0 104 71.
50688 172 0 86 84.
50688 171 0 78 76.
50688 188 0 90 60.
50876 229 0 102 100.
51840 157 0 60 47.
51840 216 0 58 71.
51847 98 0 96 59.
52032 139 0 98 35.
52992 139 0 92 63.
52992 194 0 98 47.
52992 215 0 92 71.
53184 121 0 98 35.
53206 148 0 92 95.
54159 131 0 51 59.
54176 1131 0 46 52.
54282 114 0 52 71.
54407 130 0 54 68.
54535 115 0 54 71.
54657 136 0 47 76.
54779 138 0 46 80.
54890 377 0 86 61.
55046 133 0 47 95.
55166 149 0 47 92.
55279 986 0 46 54.
55283 829 0 82 61.
55433 125 0 58 95.
55554 160 0 47 90.
55697 81 0 60 83.
55819 133 0 52 83.
55939 146 0 56 78.
56068 84 0 60 71.
56207 132 0 52 63.
56324 111 0 62 66.
56457 361 0 54 49.
56458 135 0 43 56.
56578 111 0 29 68.
56587 102 0 33 68.
56598 105 0 20 61.
56687 78 0 51 64.
56798 393 0 64 56.
56805 52 0 53 66.
56935 121 0 43 80.
57054 76 0 58 76.
57168 386 0 66 57.
57313 146 0 37 85.
57445 147 0 64 88.
57572 802 0 76 57.
57593 129 0 64 81.
57723 141 0 49 84.
57845 138 0 52 87.
57970 93 0 49 81.
58106 142 0 28 72.
58230 129 0 48 75.
58349 89 0 52 69.
58374 396 0 76 56.
58485 141 0 46 68.
58616 107 0 33 63.
58738 390 0 72 52.
58760 10 0 49 56.
58877 128 0 52 57.
58997 104 0 51 61.
59103 428 0 78 51.
59128 132 0 58 64.
59258 110 0 53 76.
59375 95 0 62 73.
59502 141 0 64 76.
59640 123 0 64 88.
59762 135 0 60 85.
59890 597 0 78 47.
59905 137 0 62 88.
60036 125 0 50 92.
60149 100 0 82 95.
60273 420 0 78 52.
60426 139 0 54 88.
60556 148 0 49 92.
60668 425 0 72 56.
60693 110 0 60 83.
60818 132 0 43 92.
60937 126 0 56 88.
61060 779 0 46 51.
61065 110 0 51 80.
61185 123 0 22 80.
61295 124 0 74 83.
61406 434 0 72 63.
61421 115 0 51 75.
61553 120 0 33 75.
61671 135 0 41 80.
61799 401 0 78 61.
61807 137 0 70 67.
61951 144 0 42 80.
62072 101 0 53 75.
62100 865 0 64 44.
62208 153 0 31 68.
62325 121 0 42 80.
62445 109 0 45 75.
62569 152 0 54 63.
62700 120 0 35 68.
62814 94 0 53 71.
62940 430 0 72 57.
62945 149 0 62 59.
63085 139 0 39 63.
63207 493 0 82 40.
63344 364 0 88 56.
63375 131 0 51 59.
63498 114 0 52 71.
63623 130 0 54 68.
63751 115 0 54 71.
63753 591 0 86 59.
63873 136 0 47 76.
63995 138 0 46 80.
64130 130 0 56 83.
64262 133 0 47 95.
64316 192 0 74 61.
64382 149 0 47 92.
64521 137 0 56 83.
64531 960 0 33 51.
64649 125 0 58 95.
64770 160 0 47 90.
64913 81 0 60 83.
65035 133 0 52 83.
65155 146 0 56 78.
65279 349 0 70 59.
65284 84 0 60 71.
65423 132 0 52 63.
65540 111 0 62 66.
65653 390 0 64 49.
65674 135 0 43 56.
65794 111 0 29 68.
65803 102 0 33 68.
65814 105 0 20 61.
65903 78 0 51 64.
66018 568 0 56 56.
66021 52 0 53 66.
66151 121 0 43 80.
66270 76 0 58 76.
66399 136 0 72 81.
66530 136 0 58 93.
66565 206 0 78 57.
66661 147 0 64 88.
66787 810 0 80 57.
66809 129 0 64 81.
66939 141 0 49 84.
67061 138 0 52 87.
67186 93 0 49 81.
67322 142 0 28 72.
67446 129 0 48 75.
67563 428 0 80 56.
67701 141 0 46 68.
67832 107 0 33 63.
67890 486 0 76 37.
67970 767 0 86 52.
68115 134 0 49 61.
68233 109 0 47 58.
68349 396 0 94 51.
68372 34 0 37 62.
68498 157 0 31 68.
68628 92 0 30 73.
68737 395 0 92 49.
68753 129 0 60 76.
68874 137 0 39 80.
68991 123 0 68 85.
69115 152 0 72 75.
69127 764 0 92 35.
69246 128 0 54 87.
69360 143 0 84 83.
69488 98 0 56 75.
69626 135 0 82 68.
69638 91 0 20 76.
69744 121 0 76 71.
69857 409 0 102 49.
69861 153 0 49 63.
69993 146 0 46 73.
70121 138 0 45 70.
70244 818 0 94 51.
70250 150 0 64 61.
70378 101 0 54 73.
70510 118 0 48 71.
70629 135 0 70 59.
70750 265 0 41 63.
70877 143 0 62 68.
71003 173 0 52 58.
71040 378 0 100 39.
71150 143 0 56 70.
71278 144 0 84 67.
71393 1189 0 100 44.
71415 1167 0 106 32.
71539 134 0 72 70.
71665 156 0 48 63.
71796 149 0 58 56.
71924 146 0 43 68.
72051 151 0 45 63.
72184 152 0 50 56.
72311 141 0 51 68.
72437 154 0 44 63.
72576 1195 0 104 45.
72585 133 0 74 52.
72705 131 0 66 54.
72820 104 0 76 61.
72941 138 0 76 64.
73070 115 0 76 75.
73192 99 0 94 73.
73311 145 0 88 76.
73451 122 0 82 87.
73577 147 0 84 85.
73726 594 0 98 44.
73728 141 0 82 76.
73848 143 0 70 85.
73976 154 0 78 83.
74119 87 0 80 76.
74249 138 0 78 68.
74304 243 0 76 33.
74374 149 0 74 71.
74508 136 0 78 64.
74528 354 0 98 32.
74633 134 0 64 68.
74752 93 0 88 73.
74869 761 0 98 42.
74880 131 0 84 64.
75000 131 0 80 71.
75123 131 0 74 68.
75241 124 0 70 61.
75379 127 0 84 59.
75495 127 0 66 56.
75619 405 0 94 35.
75629 141 0 80 47.
75763 121 0 80 59.
75770 128 0 48 51.
75884 120 0 76 57.
76011 785 0 96 28.
76044 138 0 78 47.
76172 137 0 82 52.
76295 105 0 72 56.
76420 118 0 80 59.
76540 136 0 72 71.
76662 111 0 72 68.
76800 132 0 84 71.
76926 105 0 86 83.
77038 104 0 92 80.
77184 147 0 82 59.
77192 1163 0 90 57.
77303 116 0 68 63.
77430 122 0 78 61.
77567 140 0 74 64.
77696 146 0 60 66.
77834 102 0 56 73.
77977 128 0 60 76.
78096 132 0 58 78.
78218 121 0 53 85.
78339 497 0 98 44.
78341 138 0 84 88.
78465 142 0 60 97.
78590 139 0 70 95.
78717 90 0 76 88.
78822 292 0 72 45.
78849 139 0 74 85.
78912 291 0 88 57.
78970 135 0 78 83.
79087 401 0 90 44.
79094 145 0 76 76.
79235 132 0 35 80.
79352 142 0 70 85.
79472 775 0 94 54.
79479 113 0 76 76.
79604 131 0 72 83.
79729 138 0 58 80.
79853 120 0 71 73.
80003 130 0 60 71.
80119 136 0 64 68.
80235 393 0 90 47.
80366 139 0 52 63.
80491 119 0 66 69.
80609 777 0 88 40.
80613 775 0 92 52.
80640 134 0 57 59.
80764 137 0 57 69.
80885 126 0 59 68.
81012 142 0 59 71.
81144 139 0 64 76.
81270 134 0 53 80.
81395 110 0 68 71.
81534 127 0 67 69.
81648 114 0 57 68.
81792 155 0 94 56.
81818 249 0 108 47.
81917 144 0 72 62.
82043 130 0 84 65.
82151 339 0 70 56.
82165 311 0 62 62.
82173 305 0 72 65.
82238 38 0 48 90.
82297 130 0 76 95.
82410 109 0 88 89.
82491 314 0 43 55.
82519 398 0 48 61.
82537 160 0 100 79.
82673 138 0 68 94.
82794 131 0 90 88.
82901 424 0 96 47.
83063 147 0 52 94.
83189 114 0 86 88.
83312 142 0 94 79.
83320 381 0 94 61.
83446 146 0 76 82.
83570 128 0 80 76.
83677 377 0 52 63.
83679 375 0 80 54.
83699 143 0 88 66.
83828 140 0 72 72.
83954 144 0 82 75.
84084 136 0 98 66.
84096 147 0 100 35.
84213 142 0 80 81.
84341 116 0 88 75.
84419 425 0 98 54.
84449 370 0 92 63.
84466 331 0 102 69.
84619 134 0 78 93.
84740 147 0 96 87.
84826 307 0 80 53.
84852 328 0 84 59.
84869 319 0 84 68.
84997 141 0 70 92.
85123 127 0 92 86.
85239 259 0 92 47.
85374 135 0 82 92.
85492 100 0 90 86.
85608 384 0 72 62.
85610 334 0 78 53.
85748 132 0 70 80.
85866 122 0 88 74.
85991 149 0 86 64.
85993 377 0 58 61.
85995 369 0 76 52.
86123 138 0 86 79.
86247 106 0 94 73.
86421 389 0 80 55.
86423 4182 0 62 47.
86539 139 0 64 76.
86657 130 0 70 73.
86773 396 0 80 66.
86901 144 0 62 78.
87028 129 0 86 73.
87144 363 0 84 52.
87278 147 0 82 79.
87405 265 0 88 73.
87523 428 0 88 52.
87670 153 0 82 79.
87805 133 0 82 73.
87926 637 0 86 59.
88068 153 0 60 78.
88194 147 0 70 73.
88329 298 0 66 64.
88454 142 0 58 76.
88529 213 0 78 52.
88579 155 0 58 73.
88699 354 0 76 64.
88835 156 0 60 71.
88963 152 0 64 73.
89085 347 0 62 64.
89210 145 0 66 76.
89333 148 0 62 73.
89456 366 0 56 64.
89588 163 0 64 76.
89719 132 0 72 72.
89837 417 0 60 64.
89852 758 0 57 54.
89978 140 0 52 69.
90101 129 0 68 72.
90226 409 0 31 63.
90350 161 0 50 75.
90479 136 0 74 71.
90613 384 0 64 59.
90744 150 0 54 71.
90876 120 0 62 69.
91008 1552 0 70 40.
91014 188 0 76 56.
91200 195 0 51 71.
91202 222 0 51 64.
91402 178 0 54 68.
91580 188 0 72 71.
91768 214 0 58 76.
91820 801 0 72 59.
92164 158 0 74 83.
92351 222 0 56 95.
92546 694 0 88 61.
92733 202 0 50 83.
92925 206 0 54 95.
93109 235 0 45 92.
93299 1605 0 84 61.
93301 1557 0 51 51.
93503 211 0 41 87.
93688 214 0 49 90.
93881 214 0 58 83.
94071 210 0 42 75.
94249 214 0 50 78.
94438 119 0 64 71.
94640 206 0 53 71.
94831 217 0 46 66.
95022 205 0 75 59.
95212 230 0 28 63.
95419 166 0 42 66.
95472 1495 0 60 37.
95616 201 0 76 56.
95785 206 0 50 68.
95973 215 0 70 64.
96173 135 0 48 68.
96363 860 0 84 56.
96391 196 0 22 80.
96563 196 0 74 76.
96744 131 0 49 80.
96945 198 0 64 92.
97120 220 0 76 88.
97170 604 0 84 59.
97328 197 0 54 81.
97528 203 0 60 85.
97684 129 0 80 57.
97876 1696 0 86 57.
97909 215 0 70 81.
98116 203 0 66 93.
98300 208 0 56 87.
98487 117 0 56 81.
98698 194 0 58 81.
98881 204 0 68 75.
99068 105 0 68 69.
99269 188 0 54 69.
99444 207 0 54 63.
99634 221 0 80 56.
99838 205 0 74 68.
100014 154 0 45 63.
100223 879 0 74 45.
100224 194 0 62 56.
100401 190 0 58 57.
100573 205 0 53 61.
100773 214 0 52 64.
100973 217 0 74 69.
101004 872 0 84 51.
101172 189 0 52 73.
101356 209 0 54 76.
101560 183 0 66 81.
101759 215 0 76 85.
101947 230 0 74 88.
102160 182 0 66 100.
102347 200 0 66 97.
102529 206 0 72 88.
102574 1499 0 50 40.
102713 204 0 41 92.
102896 200 0 66 95.
103087 150 0 72 88.
103272 213 0 70 95.
103312 824 0 82 52.
103651 166 0 62 83.
103844 225 0 47 92.
104045 205 0 74 76.
104242 174 0 58 68.
104436 217 0 54 68.
104637 130 0 76 71.
104813 3555 0 44 51.
104822 846 0 80 59.
105013 216 0 56 87.
105200 204 0 76 83.
105391 174 0 68 75.
105577 894 0 74 63.
105585 201 0 66 83.
105771 220 0 49 80.
105977 164 0 56 71.
106178 524 0 70 80.
106364 237 0 30 75.
106378 847 0 80 61.
106556 170 0 37 67.

