2048 512 0 76 70.
2304 256 0 57 82.
2560 59 0 57 71.
2816 59 0 56 72.
3072 512 0 64 73.
3328 256 0 53 85.
3584 59 0 54 75.
3840 59 0 51 73.
4096 512 0 61 66.
4352 256 0 51 78.
4608 59 0 47 68.
4864 59 0 48 69.
5120 512 0 62 70.
5376 256 0 51 82.
5632 59 0 49 71.
5888 59 0 46 70.
6144 512 0 59 63.
6400 256 0 51 75.
6656 59 0 48 64.
6912 59 0 49 65.
7168 512 0 59 66.
7424 256 0 54 78.
7680 59 0 46 65.
7936 59 0 47 66.
8192 512 0 79 68.
8448 256 0 57 80.
8704 59 0 68 70.
8960 59 0 65 68.
9216 512 0 72 68.
9472 256 0 56 80.
9728 59 0 65 70.
9984 59 0 67 71.
10240 256 0 69 78.
10496 256 0 61 70.
10752 59 0 63 71.
11008 59 0 61 72.
11264 512 0 67 73.
11520 256 0 54 85.
11776 59 0 56 75.
12032 59 0 52 73.
12288 256 0 59 75.
12544 256 0 46 66.
12800 59 0 48 68.
13056 59 0 49 69.
13312 512 0 59 70.
13568 256 0 51 82.
13824 59 0 49 71.
14080 59 0 46 70.
14336 256 0 59 71.
14592 256 0 46 63.
14848 59 0 48 64.
15104 59 0 49 65.
15360 512 0 59 66.
15616 256 0 51 78.
15872 59 0 46 65.
16128 59 0 43 66.
16384 512 0 82 68.
16640 256 0 65 80.
16896 256 0 82 70.
16896 256 0 57 82.
17152 256 0 63 68.
17408 512 0 67 66.
17664 256 0 57 78.
17920 59 0 58 65.
18176 59 0 60 66.
18432 512 0 70 68.
18688 256 0 56 80.
18944 59 0 68 70.
19200 59 0 65 68.
19456 512 0 55 68.
19712 256 0 59 80.
19968 59 0 69 72.
20224 59 0 73 73.
20480 512 0 66 75.
20736 256 0 72 87.
20992 59 0 67 74.
21248 59 0 73 75.
21504 512 0 73 76.
21760 256 0 77 88.
22016 512 0 76 77.
22272 256 0 72 89.
22528 512 0 69 75.
22784 256 0 81 87.
23040 59 0 70 73.
23296 59 0 64 70.
23552 512 0 62 68.
23808 256 0 67 80.
24064 59 0 59 67.
24320 59 0 63 68.
24576 512 0 82 70.
24832 256 0 70 82.
25088 59 0 78 68.
25344 59 0 71 66.
25600 512 0 68 64.
25856 256 0 55 76.
26112 512 0 62 65.
26368 256 0 55 77.
26624 256 0 58 73.
26880 256 0 59 65.
27136 59 0 60 66.
27392 59 0 61 67.
27648 512 0 62 68.
27904 256 0 60 80.
28160 59 0 64 70.
28416 59 0 65 72.
28672 256 0 63 79.
28928 256 0 67 73.
29184 59 0 68 75.
29440 59 0 72 76.
29696 512 0 69 76.
29952 256 0 73 88.
30208 512 0 71 77.
30464 256 0 76 89.
30720 256 0 76 78.
30976 256 0 75 75.
31232 59 0 74 73.
31488 59 0 69 70.
31744 512 0 67 68.
32000 256 0 68 80.
32256 59 0 64 67.
32512 59 0 63 68.
32768 512 0 82 72.
33024 256 0 66 84.
33280 59 0 75 70.
33536 59 0 71 68.
33792 512 0 68 73.
34048 256 0 55 85.
34304 59 0 65 72.
34560 59 0 59 73.
34816 512 0 64 73.
35072 256 0 52 85.
35328 59 0 62 76.
35584 59 0 61 75.
35840 512 0 61 73.
36096 256 0 50 85.
36352 59 0 60 71.
36608 59 0 60 70.
36864 512 0 48 71.
37120 256 0 49 83.
37376 59 0 47 74.
37632 59 0 47 73.
37888 512 0 47 71.
38144 256 0 48 83.
38400 59 0 46 69.
38656 59 0 46 68.
38912 512 0 46 66.
39168 256 0 48 78.
39424 59 0 44 69.
39680 59 0 44 68.
39936 512 0 43 68.
40192 256 0 46 80.
40448 59 0 43 67.
40704 59 0 43 66.
40960 512 0 50 65.
41216 256 0 55 77.
41472 59 0 50 66.
41728 59 0 50 67.
41984 512 0 50 68.
42240 256 0 55 80.
42496 512 0 49 73.
42752 256 0 49 85.
43008 256 0 50 94.
43264 256 0 62 85.
43520 59 0 65 88.
43776 59 0 62 87.
44032 256 0 55 92.
44288 256 0 57 85.
44544 59 0 55 83.
44800 59 0 54 82.
45056 256 0 50 89.
45312 256 0 59 83.
45568 59 0 58 86.
45824 59 0 56 85.
46080 256 0 49 90.
46336 256 0 53 83.
46592 59 0 53 81.
46848 59 0 52 80.
47104 256 0 45 87.
47360 256 0 45 78.
47616 59 0 54 81.
47872 59 0 51 80.
48128 512 0 50 80.
48384 256 0 53 92.
48640 59 0 46 79.
48896 59 0 43 78.
49152 512 0 46 78.
49408 256 0 52 90.
49664 59 0 46 77.
49920 59 0 46 75.
50176 512 0 59 74.
50432 256 0 52 86.
50688 59 0 57 70.
50944 59 0 65 68.
51200 512 0 112 70.
51456 256 0 91 82.
51712 59 0 86 71.
51968 59 0 86 72.
52224 512 0 112 73.
52480 256 0 91 85.
52736 59 0 86 75.
52992 59 0 86 73.
53248 512 0 86 66.
53504 256 0 91 78.
53760 59 0 86 68.
54016 59 0 86 69.
54272 512 0 86 70.
54528 256 0 91 82.
54784 59 0 86 71.
55040 59 0 86 70.
55296 512 0 86 63.
55552 256 0 90 75.
55808 59 0 86 64.
56064 59 0 86 65.
56320 512 0 86 66.
56576 256 0 90 78.
56832 59 0 86 65.
57088 59 0 86 66.
57344 512 0 86 68.
57600 256 0 90 80.
57856 59 0 86 70.
58112 59 0 86 68.
58368 512 0 86 68.
58624 256 0 90 80.
58880 59 0 86 70.
2048 230 1 57 54.
2560 77 1 43 58.
2560 230 1 45 66.
3072 230 1 55 53.
3584 77 1 43 56.
3584 230 1 43 68.
4096 230 1 53 51.
4608 77 1 42 54.
4608 230 1 42 63.
5120 230 1 53 49.
5632 77 1 42 53.
5632 230 1 42 65.
6144 230 1 53 47.
6656 118 1 40 54.
7168 230 1 53 46.
7680 77 1 42 49.
7680 230 1 42 61.
8192 230 1 53 48.
8704 77 1 42 54.
8704 230 1 42 63.
9216 230 1 53 49.
9728 77 1 40 59.
9728 230 1 41 65.
10240 230 1 55 54.
10752 118 1 44 58.
11264 230 1 54 53.
11776 77 1 42 56.
11776 230 1 42 68.
12288 230 1 53 51.
12800 77 1 42 54.
12800 230 1 42 63.
13312 230 1 53 49.
13824 77 1 42 53.
13824 230 1 42 65.
14336 230 1 53 47.
14848 118 1 40 54.
15360 230 1 53 46.
15872 77 1 42 49.
15872 230 1 42 61.
16230 666 1 50 48.
16434 462 1 55 63.
16794 614 1 48 56.
16946 462 1 52 65.
17408 512 1 52 54.
18432 230 1 55 49.
18944 77 1 45 56.
18944 230 1 45 65.
19456 230 1 58 48.
19968 77 1 48 56.
19968 230 1 48 66.
20480 230 1 63 44.
20992 77 1 50 56.
20992 230 1 50 66.
21504 230 1 66 49.
22016 77 1 54 56.
22016 230 1 54 65.
22528 230 1 71 43.
23040 77 1 54 52.
23040 230 1 48 61.
23552 230 1 65 44.
24064 77 1 50 53.
24064 230 1 50 61.
24576 230 1 66 44.
25088 77 1 49 51.
25088 230 1 49 60.
25600 230 1 57 49.
26112 118 1 41 56.
26624 230 1 55 49.
27136 118 1 44 56.
27648 230 1 60 48.
28160 118 1 46 56.
28672 230 1 65 46.
29184 77 1 53 58.
29184 230 1 53 67.
29696 230 1 70 44.
30208 77 1 56 56.
30208 230 1 56 68.
30720 118 1 69 43.
31232 77 1 55 61.
31232 230 1 55 70.
31744 230 1 67 44.
32256 77 1 52 53.
32256 230 1 41 61.
32768 230 1 70 32.
33280 77 1 50 51.
33280 230 1 50 60.
33792 230 1 58 37.
34304 77 1 44 56.
34304 230 1 44 65.
34816 230 1 55 49.
35328 118 1 40 58.
35840 230 1 54 49.
36352 118 1 40 59.
36864 230 1 53 49.
37376 118 1 40 56.
37888 230 1 53 49.
38400 118 1 40 57.
38912 230 1 53 37.
39424 118 1 38 51.
39936 230 1 52 37.
40448 118 1 37 51.
40960 230 1 57 37.
41472 118 1 42 53.
41984 230 1 57 49.
42496 118 1 42 56.
43008 230 1 55 49.
43520 118 1 41 58.
44032 230 1 54 49.
44544 118 1 40 59.
45056 230 1 53 49.
45568 118 1 40 56.
46080 230 1 53 49.
46592 118 1 40 57.
47104 230 1 53 37.
47616 77 1 40 57.
47616 230 1 42 66.
48128 230 1 53 49.
48640 77 1 40 56.
48640 230 1 42 66.
49152 230 1 51 49.
49664 77 1 40 56.
49664 230 1 40 66.
50176 230 1 51 49.
50688 77 1 40 56.
50688 230 1 40 65.
51200 118 1 84 42.
51712 77 1 78 58.
51712 230 1 80 66.
52224 118 1 84 41.
52736 77 1 78 56.
52736 230 1 80 68.
53248 118 1 84 39.
53760 77 1 78 54.
53760 230 1 80 63.
54272 118 1 84 37.
54784 77 1 78 53.
54784 230 1 80 65.
55296 118 1 84 35.
55808 77 1 82 51.
55808 230 1 80 59.
56320 118 1 84 34.
56832 77 1 78 49.
56832 230 1 80 61.
57344 118 1 84 36.
57856 77 1 78 54.
57856 230 1 80 63.
58368 118 1 88 37.
58880 77 1 78 56.
58880 230 1 80 65.
59392 118 1 84 42.
59904 77 1 78 58.
59904 230 1 80 66.
60416 118 1 88 41.
60928 77 1 78 56.
60928 230 1 80 68.
61440 118 1 84 44.

