33792 164 0 88 100.
33984 188 0 70 95.
34176 176 0 76 94.
34368 177 0 58 95.
34560 245 0 74 94.
34752 226 0 80 88.
34944 175 0 74 91.
35136 216 0 80 88.
35328 194 0 54 87.
35520 185 0 49 82.
35712 207 0 50 80.
35904 204 0 70 79.
36096 219 0 68 80.
36288 191 0 70 79.
36480 174 0 60 73.
36672 165 0 66 71.
46849 186 0 92 99.
47029 214 0 30 97.
47216 93 0 64 99.
47405 218 0 49 94.
47603 211 0 47 92.
47797 217 0 53 94.
47996 65 0 72 95.
48191 231 0 44 90.
48396 208 0 48 92.
48581 208 0 49 90.
48759 108 0 52 92.
48945 210 0 43 87.
49133 214 0 47 85.
49322 219 0 48 90.
49510 79 0 76 88.
49706 216 0 58 83.
49901 217 0 50 82.
50098 201 0 76 83.
50284 214 0 47 82.
50474 212 0 78 83.
50498 195 0 42 80.
50669 214 0 50 78.
50859 201 0 72 83.
51048 93 0 53 82.
51245 212 0 48 76.
51429 222 0 45 75.
51624 222 0 48 80.
51814 82 0 48 78.
52003 150 0 45 73.
70656 210 0 74 74.
70847 229 0 66 79.
71050 213 0 62 77.
71240 236 0 70 76.
71449 203 0 70 77.
71629 210 0 70 76.
71814 201 0 70 77.
71993 206 0 74 76.
72173 222 0 64 77.
72367 206 0 74 76.
72548 212 0 68 77.
72739 223 0 70 76.
72936 220 0 62 77.
73136 205 0 68 79.
73324 211 0 58 77.
73513 221 0 70 76.
73710 217 0 68 74.
73904 211 0 68 76.
74097 253 0 62 77.
74290 222 0 45 73.
74487 225 0 70 77.
74687 204 0 66 76.
74873 214 0 68 77.
75056 221 0 47 73.
75252 218 0 70 77.
75444 214 0 76 76.
75636 225 0 64 77.
75828 210 0 46 73.
76014 223 0 72 77.
76213 215 0 78 79.
76398 206 0 58 77.
76575 230 0 43 73.
76783 213 0 68 77.
76973 220 0 72 75.
77172 205 0 76 79.
77356 224 0 70 77.
77552 219 0 58 78.
77751 213 0 58 79.
77934 214 0 78 83.
78123 209 0 68 84.
78311 217 0 74 82.
78507 205 0 80 86.
78692 217 0 62 87.
78886 220 0 49 85.
79079 214 0 74 89.
79271 202 0 72 90.
79455 210 0 80 91.
79644 220 0 70 92.
79843 214 0 78 93.
80037 197 0 72 94.
80227 225 0 80 95.
80234 213 0 58 92.
80426 210 0 68 96.
80616 218 0 78 94.
80812 203 0 84 98.
80998 219 0 82 99.
81189 204 0 76 97.
81399 163 0 98 98.
82960 208 0 58 101.
83160 202 0 56 95.
83352 197 0 68 100.
83532 211 0 50 93.
83716 193 0 53 98.
83899 204 0 60 88.
84083 194 0 58 96.
84267 210 0 54 86.
84450 220 0 56 91.
84642 216 0 53 84.
84840 203 0 50 93.
85026 213 0 58 86.
85217 201 0 60 91.
85407 222 0 49 84.
85604 198 0 54 89.
85797 211 0 52 83.
85989 217 0 50 84.
86179 220 0 50 81.
86375 216 0 48 83.
86563 225 0 49 79.
86759 218 0 52 84.
86953 226 0 46 77.
87157 212 0 53 79.
87344 214 0 48 76.
87536 201 0 56 81.
87731 203 0 49 71.
87921 206 0 48 76.
88104 211 0 48 69.
88295 200 0 53 77.
88487 196 0 49 67.
88683 93 0 60 76.
89088 208 0 82 96.
89282 205 0 62 93.
89471 221 0 48 94.
89663 213 0 37 87.
89841 198 0 54 93.
90020 201 0 74 89.
90206 207 0 47 94.
90392 217 0 46 87.
90588 202 0 64 93.
90793 237 0 44 82.
90992 191 0 70 91.
91187 383 0 54 81.
91383 187 0 64 89.
91570 221 0 44 82.
91763 203 0 37 87.
91941 221 0 53 81.
92137 232 0 50 82.
92331 238 0 26 75.
92526 209 0 56 81.
92706 224 0 48 77.
92913 213 0 46 82.
93098 229 0 47 75.
93300 176 0 56 81.
93483 210 0 44 74.
93676 181 0 64 79.
93862 214 0 66 72.
94056 192 0 60 74.
94234 236 0 49 70.
94441 222 0 47 75.
94632 792 0 78 69.
94833 211 0 88 74.
95224 227 0 74 73.
95643 195 0 98 94.
95822 198 0 92 91.
96002 198 0 98 94.
96182 207 0 90 91.
96372 197 0 84 93.
96555 208 0 76 90.
96741 216 0 76 92.
96929 214 0 90 89.
97124 210 0 88 91.
97320 221 0 88 88.
97522 213 0 76 90.
97713 207 0 66 87.
97907 202 0 88 89.
98091 204 0 84 86.
98279 200 0 80 88.
98464 211 0 72 85.
98652 207 0 80 90.
98844 215 0 86 84.
99039 199 0 80 89.
99226 219 0 84 83.
99426 218 0 60 85.
99618 215 0 60 82.
99812 207 0 84 84.
100001 223 0 53 78.
100192 195 0 84 83.
100372 226 0 72 77.
100570 218 0 88 82.
100765 215 0 84 79.
100961 231 0 82 81.
100980 203 0 84 84.
101170 161 0 72 78.
119808 230 0 50 75.
120005 230 0 52 80.
120206 207 0 52 75.
120388 209 0 54 80.
120565 204 0 44 75.
120739 211 0 50 80.
120920 232 0 50 75.
121128 234 0 54 80.
121331 223 0 45 75.
121530 214 0 62 76.
121722 209 0 43 75.
121905 228 0 50 80.
122102 213 0 44 75.
122290 214 0 56 80.
122472 216 0 47 75.
122659 220 0 54 76.
122857 225 0 48 75.
123060 205 0 66 76.
123245 208 0 46 75.
123433 205 0 68 77.
123620 214 0 49 75.
123811 209 0 52 76.
123999 228 0 45 75.
124197 212 0 60 77.
124394 222 0 49 75.
124589 220 0 50 80.
124778 212 0 52 75.
124968 213 0 68 77.
125161 223 0 45 78.
125357 213 0 64 80.
125379 182 0 68 76.
125541 215 0 51 75.
125735 173 0 45 77.
125922 222 0 68 75.
126124 211 0 70 76.
126309 216 0 68 80.
126504 209 0 60 78.
126692 225 0 49 82.
126895 218 0 49 80.
127089 211 0 68 84.
127279 211 0 54 82.
127470 201 0 80 86.
127655 237 0 54 87.
127867 205 0 72 88.
128052 210 0 60 89.
128239 208 0 58 87.
128428 210 0 66 88.
128617 219 0 52 92.
128812 113 0 58 90.
129033 105 0 84 99.
132109 222 0 60 97.
132296 222 0 62 95.
132491 193 0 62 100.
3097 197 0 68 75.
3275 208 0 44 73.
3460 210 0 45 75.
3641 202 0 37 73.
3822 207 0 41 75.
4003 208 0 37 73.
4183 227 0 43 75.
4384 227 0 42 73.
4594 224 0 46 75.
4794 216 0 39 73.
4990 208 0 45 75.
5176 218 0 41 73.
5364 212 0 41 75.
5371 202 0 45 71.
5551 210 0 42 73.
5737 215 0 44 75.
5926 226 0 41 73.
6128 219 0 41 75.
6321 205 0 31 73.
6504 209 0 43 75.
6690 231 0 37 73.
6899 214 0 42 75.
7086 204 0 60 76.
7271 201 0 43 75.
7450 205 0 35 73.
7638 210 0 51 71.
7826 213 0 41 73.
8019 213 0 41 75.
8207 219 0 35 73.
8404 218 0 41 75.
8596 226 0 41 73.
8798 215 0 43 75.
8989 220 0 35 73.
9189 221 0 37 75.
9386 209 0 35 73.
9571 219 0 44 75.
9767 211 0 35 73.
9955 236 0 39 75.
10163 213 0 31 73.
10347 202 0 31 75.
10521 220 0 37 73.
10717 213 0 42 75.
10904 213 0 45 73.
11093 210 0 46 75.
11278 220 0 45 73.
11467 228 0 47 75.
11668 228 0 47 73.
11866 214 0 46 75.
12057 227 0 64 76.
12259 225 0 68 71.
12456 196 0 70 76.
12650 210 0 44 75.
12656 187 0 68 71.
12824 216 0 49 70.
13019 233 0 41 75.
13027 227 0 66 71.
13227 190 0 74 76.
13416 207 0 47 75.
13423 198 0 72 71.
13594 213 0 60 70.
13789 215 0 66 75.
13980 222 0 72 76.
14174 225 0 52 75.
14363 212 0 56 70.
14552 212 0 47 75.
14560 203 0 70 71.
14740 206 0 42 73.
14924 199 0 47 75.
15120 174 0 50 70.
15123 213 0 68 74.
15315 228 0 72 71.
15519 222 0 56 73.
15721 214 0 74 77.
15917 204 0 76 75.
16101 202 0 72 76.
16282 221 0 74 80.
16483 217 0 58 78.
16680 192 0 66 82.
16854 240 0 82 83.
17064 216 0 74 84.
17262 211 0 84 82.
17453 206 0 80 86.
17639 209 0 84 84.
17828 215 0 68 85.
18022 205 0 80 89.
18208 221 0 69 87.
18227 201 0 76 90.
18409 211 0 86 91.
18600 208 0 94 92.
18781 225 0 90 90.
18983 186 0 94 94.
19177 109 0 102 92.
21525 173 0 60 80.
21703 196 0 48 81.
21893 223 0 43 80.
22090 214 0 39 78.
22278 212 0 41 80.
22463 203 0 43 78.
22652 213 0 42 80.
22837 194 0 35 78.
23012 236 0 41 80.
23221 207 0 39 78.
23408 211 0 39 80.
23593 213 0 33 78.
23784 209 0 43 76.
23972 219 0 33 78.
24159 211 0 53 76.
24348 228 0 42 78.
24528 236 0 26 80.
24734 214 0 39 78.
24931 225 0 41 80.
25122 216 0 35 75.
25314 220 0 43 80.
25509 217 0 44 78.
25704 223 0 39 80.
25894 213 0 37 75.
26087 221 0 47 80.
26277 213 0 43 78.
26468 223 0 39 80.
26475 210 0 54 76.
26664 211 0 43 75.
26855 216 0 51 80.
26861 204 0 62 76.
27043 209 0 43 78.
27232 205 0 41 80.
27237 195 0 58 76.
27425 172 0 31 75.
27433 208 0 68 79.
27622 222 0 58 76.
27816 209 0 68 81.
28025 199 0 39 82.
28204 225 0 44 80.
28409 210 0 70 84.
28601 216 0 58 82.
28793 194 0 80 86.
28970 207 0 47 87.
29154 228 0 47 85.
29355 214 0 72 89.
29549 209 0 68 87.
29738 209 0 76 91.
29927 214 0 64 92.
30117 212 0 58 90.
30309 214 0 66 94.
30504 209 0 52 92.
30688 218 0 66 96.
30889 216 0 82 94.
31086 200 0 86 98.
31269 189 0 84 96.
31468 170 0 86 97.
31473 14 0 70 99.
36874 172 0 49 70.
37035 212 0 47 75.
37233 198 0 54 70.
37421 197 0 53 75.
37608 202 0 60 76.
37799 200 0 41 75.
37983 210 0 45 73.
38182 229 0 43 75.
38390 196 0 64 74.
38579 218 0 46 75.
38775 196 0 51 70.
38960 220 0 46 75.
39165 204 0 51 70.
39354 204 0 47 68.
39543 209 0 45 73.
39734 153 0 56 71.
39938 187 0 88 85.
40109 209 0 46 87.
40299 193 0 86 85.
40478 204 0 49 80.
40667 190 0 72 79.
40863 210 0 66 76.
41061 154 0 78 78.
41255 217 0 31 73.
41455 196 0 62 71.
41639 148 0 80 73.
41828 186 0 54 71.
42002 218 0 62 70.
42189 222 0 58 64.
42398 219 0 66 66.
42603 213 0 68 64.
42803 177 0 54 63.
43029 206 0 53 62.
43211 223 0 50 59.
43413 204 0 43 61.
43596 188 0 56 65.
43774 211 0 44 66.
43959 207 0 53 64.
44141 213 0 47 68.
44324 210 0 60 66.
44511 218 0 47 70.
44704 215 0 46 68.
44896 214 0 66 72.
45088 216 0 70 73.
45284 222 0 82 74.
45485 223 0 66 75.
45678 233 0 78 76.
45872 190 0 74 77.
46073 141 0 40 75.
52224 205 0 49 75.
52386 203 0 50 73.
52571 210 0 64 74.
52758 215 0 51 75.
52948 217 0 74 79.
53142 230 0 72 77.
53347 221 0 56 78.
53547 220 0 60 82.
53745 228 0 48 80.
53942 216 0 60 79.
54133 224 0 43 78.
54315 226 0 42 80.
54515 198 0 56 76.
54690 213 0 50 78.
54878 208 0 54 74.
55061 214 0 37 73.
55250 230 0 44 75.
55451 213 0 46 71.
55636 220 0 46 73.
55832 226 0 58 69.
55850 205 0 58 72.
56032 201 0 62 71.
56216 222 0 53 69.
56412 220 0 49 70.
56608 216 0 74 74.
56801 227 0 52 75.
57000 221 0 68 76.
57190 217 0 72 77.
57384 214 0 66 75.
57570 220 0 72 79.
57762 218 0 46 75.
57959 220 0 62 74.
58151 175 0 33 73.
58369 196 0 45 75.
58553 224 0 30 73.
58748 218 0 42 75.
58942 222 0 39 73.
59137 209 0 37 75.
59323 216 0 43 73.
59513 205 0 47 71.
59700 222 0 39 73.
59895 201 0 47 71.
60077 229 0 41 73.
60278 206 0 43 75.
60459 220 0 43 73.
60654 211 0 31 75.
60842 212 0 39 73.
61031 222 0 41 75.
61228 224 0 43 73.
61429 211 0 48 75.
61616 197 0 43 73.
61798 219 0 41 75.
61991 219 0 41 70.
62193 221 0 41 75.
62387 218 0 41 73.
62582 212 0 37 75.
62769 211 0 42 70.
62964 235 0 44 75.
63176 213 0 33 73.
63368 210 0 42 75.
63550 205 0 49 70.
63734 208 0 46 75.
63919 203 0 39 73.
64099 198 0 43 75.
64104 203 0 49 71.
64280 204 0 39 70.
64473 218 0 46 75.
64669 228 0 43 73.
64877 222 0 68 74.
65079 209 0 58 75.
65268 201 0 72 79.
65451 208 0 43 80.
65640 210 0 51 78.
65832 219 0 64 79.
66024 219 0 51 80.
66223 205 0 64 84.
66409 210 0 66 82.
66599 202 0 74 86.
66784 220 0 60 87.
66981 217 0 52 85.
67179 211 0 64 89.
67367 220 0 64 87.
67569 210 0 70 88.
67756 210 0 78 89.
67943 221 0 74 90.
68139 198 0 76 94.
68345 126 0 90 92.
101384 196 0 92 83.
101569 203 0 84 77.
101762 191 0 86 79.
101942 203 0 88 76.
102129 201 0 66 78.
102308 208 0 64 75.
102499 213 0 84 77.
102694 218 0 88 74.
102893 205 0 84 76.
103082 216 0 70 70.
103277 214 0 90 75.
103473 213 0 82 72.
103667 212 0 80 75.
103856 212 0 76 72.
104044 202 0 72 75.
104223 212 0 78 72.
104418 217 0 84 74.
104612 211 0 70 71.
104802 203 0 66 76.
104986 227 0 47 68.
105184 208 0 58 76.
105378 234 0 50 68.
9173 422 0 48 44.
9955 246 0 54 59.
10343 386 0 66 43.
11086 423 0 37 51.
11465 231 0 58 59.
11860 411 0 54 39.
12626 441 0 51 51.
13023 232 0 76 59.
13398 404 0 56 49.
14155 435 0 60 51.
14551 238 0 68 59.
14929 234 0 86 39.
15309 235 0 90 44.
15691 295 0 54 68.
15697 271 0 70 59.
16116 279 0 62 63.
16120 268 0 84 59.
16465 308 0 70 63.
16470 320 0 80 59.
16863 267 0 51 63.
16866 410 0 54 66.
17231 277 0 74 59.
17233 280 0 39 56.
17634 289 0 88 59.
17635 421 0 80 64.
18027 245 0 78 59.
18028 275 0 46 63.
18392 286 0 62 63.
18394 189 0 53 56.
18766 307 0 48 61.
18770 304 0 64 51.
19153 424 0 76 61.
19157 273 0 78 51.
19539 360 0 48 51.
19577 304 0 84 59.
19976 301 0 58 56.
19978 249 0 56 51.
20340 295 0 60 51.
20343 303 0 58 49.
20711 307 0 53 51.
20713 284 0 64 49.
21108 280 0 62 56.
21110 276 0 48 47.
33805 194 0 84 51.
34182 289 0 31 61.
34186 281 0 35 63.
34547 407 0 78 71.
34550 1440 0 60 61.
35321 435 0 88 68.
35712 291 0 66 67.
36841 450 0 70 44.
37229 165 0 41 51.
37621 404 0 72 46.
38354 141 0 66 43.
38773 98 0 54 63.
39151 115 0 78 44.
39556 150 0 74 63.
39933 186 0 72 39.
40285 291 0 51 49.
40292 283 0 78 59.
40659 417 0 78 59.
40667 1460 0 52 51.
41433 419 0 51 56.
41808 319 0 54 55.
43014 491 0 86 44.
43416 109 0 42 51.
43823 403 0 66 46.
44508 402 0 76 43.
44868 127 0 72 53.
45247 482 0 74 45.
46037 276 0 54 42.
46487 211 0 76 54.
46866 612 0 49 75.
46868 564 0 68 83.
47605 563 0 66 82.
47606 555 0 82 76.
47974 417 0 82 66.
48364 664 0 45 80.
48368 695 0 72 71.
48781 299 0 76 66.
49144 186 0 49 78.
49146 183 0 48 70.
52224 1558 0 56 47.
52939 841 0 66 59.
53749 1543 0 74 49.
54136 1128 0 64 52.
54891 410 0 76 61.
55630 1182 0 49 56.
56418 407 0 50 63.
56787 1510 0 47 51.
57202 1101 0 58 55.
57917 384 0 40 63.
58370 414 0 62 44.
58722 447 0 45 51.
59115 275 0 58 59.
59493 440 0 70 43.
60257 433 0 50 51.
61013 433 0 84 39.
61784 414 0 44 51.
62567 435 0 49 49.
63346 437 0 60 51.
64105 411 0 74 39.
64869 339 0 56 68.
64873 319 0 76 59.
65268 437 0 64 68.
65273 335 0 62 59.
65644 316 0 72 63.
65648 320 0 66 59.
66002 420 0 51 63.
66007 333 0 68 59.
66400 361 0 68 64.
66403 351 0 70 59.
66784 409 0 68 64.
66793 377 0 56 56.
67156 14 0 56 56.
67160 366 0 53 63.
67317 24 0 24 56.
67570 375 0 64 59.
67578 315 0 62 56.
67938 348 0 46 56.
67942 341 0 37 51.
68320 425 0 82 61.
68329 330 0 56 56.
68716 382 0 54 56.
68721 366 0 70 51.
69113 402 0 49 56.
69122 340 0 68 51.
69487 356 0 52 51.
69490 353 0 50 49.
69866 412 0 66 58.
69870 341 0 48 51.
70246 304 0 58 56.
70252 295 0 46 47.
70656 938 0 78 44.
71043 421 0 64 50.
71810 392 0 68 43.
72521 451 0 53 50.
73311 423 0 76 38.
74080 432 0 64 50.
74838 451 0 58 49.
75625 427 0 68 50.
76389 427 0 88 38.
77169 306 0 76 65.
77170 285 0 76 62.
77521 432 0 84 71.
77532 335 0 58 65.
77918 328 0 80 70.
77922 324 0 49 65.
78297 439 0 80 70.
78307 423 0 64 65.
78686 340 0 86 68.
78691 314 0 78 59.
79061 436 0 82 68.
79071 278 0 78 59.
79451 345 0 76 59.
79456 342 0 68 66.
79836 426 0 84 66.
80176 1 0 62 59.
80226 330 0 62 56.
80230 314 0 70 59.
80592 256 0 56 56.
80600 419 0 62 59.
80974 352 0 82 64.
80983 324 0 60 53.
81364 437 0 78 64.
81369 347 0 76 53.
81757 436 0 76 62.
81778 335 0 66 53.
82160 423 0 56 60.
82174 304 0 52 53.
82536 265 0 68 59.
82539 263 0 49 55.
82960 110 0 76 43.
83360 77 0 66 69.
83364 71 0 62 59.
83723 1518 0 64 69.
21506 464 0 54 44.
22322 266 0 39 61.
22686 361 0 58 43.
23375 463 0 60 52.
23795 318 0 46 61.
24169 431 0 78 32.
24932 419 0 64 52.
25317 335 0 58 61.
25687 419 0 39 51.
26479 434 0 62 52.
26870 330 0 50 61.
27258 423 0 78 32.
28021 307 0 44 68.
28024 320 0 62 64.
28389 360 0 68 68.
28398 229 0 74 64.
28758 321 0 74 64.
28764 328 0 53 61.
29148 331 0 80 64.
29151 335 0 58 61.
29528 304 0 74 64.
29532 344 0 58 61.
29919 346 0 39 68.
29923 217 0 41 61.
30295 288 0 52 66.
30298 294 0 47 61.
30668 311 0 74 61.
30671 432 0 74 66.
31048 304 0 44 61.
31057 294 0 76 64.
31430 356 0 46 61.
31434 305 0 72 64.
31827 330 0 76 63.
31833 314 0 52 54.
32239 397 0 78 63.
32243 180 0 72 54.
32589 445 0 60 61.
32594 211 0 72 52.
32985 171 0 46 56.
32991 203 0 48 54.
33326 85 0 47 66.
33342 401 0 53 56.
49516 179 0 72 66.
49915 159 0 48 54.
50279 148 0 74 42.
50657 161 0 60 30.
51050 170 0 49 42.
51438 176 0 45 54.
51829 164 0 60 66.
132096 236 0 58 37.
132501 383 0 68 49.
133211 415 0 58 63.
133603 392 0 76 64.
133981 454 0 58 61.
134384 417 0 66 68.
134770 405 0 62 70.
135139 296 0 76 71.
135529 427 0 66 44.
136285 404 0 47 58.
136653 251 0 78 59.
138226 446 0 54 40.
139007 424 0 70 52.
139394 447 0 51 54.
139777 382 0 62 56.
140154 389 0 64 52.
140524 418 0 78 59.
140897 417 0 60 61.
141278 276 0 52 63.
141679 417 0 80 35.
142432 410 0 53 49.
142798 340 0 44 51.
144261 366 0 82 37.
150529 272 0 74 32.
150945 374 0 82 39.
151323 311 0 58 59.
151659 415 0 70 43.
152405 460 0 46 51.
152809 321 0 72 59.
153185 420 0 78 39.
153976 417 0 68 51.
154372 335 0 72 60.

