3264 384 0 45 76.
3648 144 0 45 75.
3792 48 0 45 73.
3840 192 0 45 73.
4032 192 0 45 72.
4224 192 0 45 73.
4416 192 0 45 75.
4608 304 0 45 68.
4944 48 0 45 68.
4992 192 0 45 68.
5184 192 0 45 73.
5376 192 0 45 71.
5568 192 0 45 71.
5760 192 0 45 69.
5952 192 0 45 68.
6144 192 0 45 68.
6336 192 0 45 66.
6528 96 0 45 66.
6624 96 0 45 64.
6720 96 0 45 64.
6816 94 0 45 63.
7872 384 0 45 76.
8256 144 0 45 75.
8400 48 0 45 73.
8448 384 0 45 73.
8832 192 0 45 71.
9024 336 0 45 71.
9408 144 0 45 71.
9552 48 0 45 71.
9600 192 0 45 71.
9792 1488 0 45 69.
11328 526 0 45 72.
11856 46 0 45 72.
11904 160 0 45 72.
12096 160 0 45 71.
13056 336 0 45 71.
13440 160 0 45 71.
13632 94 0 45 71.
14208 192 0 45 73.
14400 112 0 45 75.
14512 16 0 45 75.
14528 16 0 45 76.
14544 16 0 45 75.
14560 16 0 45 74.
14576 16 0 45 75.
14592 144 0 45 78.
14736 48 0 45 76.
14784 96 0 45 75.
14880 160 0 45 80.
15360 192 0 45 75.
15552 192 0 45 77.
15744 192 0 45 78.
15936 96 0 45 78.
16032 96 0 45 77.
16128 160 0 45 82.
16512 192 0 45 77.
16704 192 0 55 78.
16896 192 0 65 79.
17088 192 0 75 80.
17280 384 0 86 78.
17664 384 0 108 79.
18048 352 0 108 75.
18432 192 0 77 77.
18624 192 0 61 70.
18816 336 0 63 75.
19200 96 0 45 75.
19296 96 0 45 75.
19392 384 0 45 75.
19776 144 0 45 75.
19920 48 0 45 76.
19968 336 0 45 78.
20352 168 0 45 78.
20520 24 0 45 80.
20544 384 0 45 80.
20928 168 0 45 78.
21096 24 0 45 75.
21120 288 0 45 75.
21408 96 0 45 73.
21504 144 0 45 71.
21648 48 0 45 73.
21696 336 0 45 75.
22080 168 0 42 75.
22248 24 0 41 76.
22272 384 0 41 78.
22656 168 0 38 78.
22824 24 0 37 80.
22872 166 0 37 81.
23904 96 0 30 75.
24000 384 0 30 76.
24384 168 0 30 76.
24552 24 0 30 74.
24576 144 0 30 74.
24720 48 0 30 72.
24768 160 0 30 71.
24960 144 0 30 74.
25104 48 0 30 72.
25152 192 0 30 71.
25344 96 0 30 71.
25440 46 0 30 69.
2784 94 0 45 68.
2880 94 0 45 68.
2976 94 0 45 68.
3072 94 0 45 68.
3168 94 0 45 68.
3264 94 0 45 64.
3360 94 0 45 64.
3456 94 0 45 64.
3552 94 0 45 64.
3648 94 0 45 64.
3744 94 0 45 64.
3840 94 0 45 63.
3936 94 0 45 63.
4032 94 0 45 63.
4128 94 0 45 63.
4224 94 0 45 63.
4320 94 0 45 63.
4416 94 0 45 63.
4512 94 0 45 63.
4608 94 0 45 63.
4704 94 0 45 63.
4800 94 0 45 60.
4896 94 0 45 60.
5088 94 0 45 61.
5184 94 0 45 61.
5280 94 0 45 61.
5376 94 0 45 61.
5472 94 0 45 61.
5568 94 0 45 61.
5664 94 0 45 61.
5760 94 0 45 61.
5856 94 0 45 61.
5952 94 0 45 61.
6048 94 0 45 61.
6144 94 0 45 61.
6240 94 0 45 61.
6336 94 0 45 57.
6432 94 0 45 56.
6528 94 0 45 56.
6624 94 0 45 56.
6720 94 0 45 56.
6816 94 0 45 56.
6912 94 0 45 56.
7008 94 0 45 56.
7104 94 0 45 63.
7104 94 0 45 68.
7200 94 0 45 63.
7200 94 0 45 68.
7392 94 0 45 68.
7488 94 0 45 68.
7584 94 0 45 68.
7680 94 0 45 68.
7776 94 0 45 68.
7872 94 0 45 64.
7968 94 0 45 64.
8064 94 0 45 64.
8160 94 0 45 64.
8256 94 0 45 64.
8352 94 0 45 64.
8448 94 0 45 63.
8544 94 0 45 63.
8640 94 0 45 63.
8736 94 0 45 63.
8832 94 0 45 69.
8928 94 0 45 63.
9024 94 0 45 62.
9120 94 0 45 62.
9216 94 0 45 62.
9312 94 0 45 62.
9408 94 0 45 61.
9504 94 0 45 61.
9600 94 0 45 61.
9696 94 0 45 61.
9792 94 0 45 61.
9888 94 0 45 61.
9984 94 0 45 61.
10080 94 0 45 61.
10176 94 0 45 64.
10272 94 0 45 64.
10368 94 0 45 64.
10464 94 0 45 64.
10560 94 0 45 64.
10656 94 0 45 64.
10752 94 0 45 64.
10848 94 0 45 64.
10944 94 0 45 64.
11040 94 0 45 64.
11136 94 0 45 64.
11232 94 0 45 64.
11328 94 0 45 64.
11424 94 0 45 64.
11520 94 0 45 64.
11616 94 0 45 64.
11712 94 0 45 64.
11808 94 0 45 64.
11904 94 0 45 64.
12000 94 0 45 64.
12096 94 0 45 64.
12192 94 0 45 64.
12288 94 0 45 64.
12384 94 0 45 64.
12576 94 0 45 64.
12672 94 0 45 64.
12768 94 0 45 64.
12864 94 0 45 64.
12960 94 0 45 64.
13056 94 0 45 59.
13152 94 0 45 59.
13248 94 0 45 59.
13344 94 0 45 59.
13440 94 0 45 59.
13536 94 0 45 59.
13632 94 0 45 59.
13632 94 0 45 68.
13728 32 0 45 59.
13728 32 0 45 68.
13824 32 0 45 64.
13824 32 0 45 71.
13920 32 0 45 68.
13920 32 0 45 76.
14016 32 0 45 71.
14016 32 0 45 80.
14112 32 0 45 68.
14112 32 0 45 76.
14208 94 0 45 67.
14304 94 0 45 67.
14400 94 0 45 67.
14496 94 0 45 67.
14592 94 0 45 67.
14688 94 0 45 67.
14784 94 0 45 67.
14880 94 0 45 68.
14976 94 0 45 68.
15072 94 0 45 68.
15072 94 0 45 75.
15168 94 0 45 68.
15168 94 0 45 75.
15264 94 0 45 68.
15264 94 0 45 75.
15360 94 0 45 69.
15456 94 0 45 69.
15552 94 0 45 69.
15648 94 0 45 69.
15744 94 0 45 69.
15840 94 0 45 69.
15936 94 0 45 68.
16032 94 0 45 68.
16128 94 0 45 68.
16128 94 0 45 77.
16224 94 0 45 68.
16224 94 0 45 77.
16320 94 0 45 68.
16320 94 0 45 77.
16416 94 0 45 68.
16416 94 0 45 77.
16512 94 0 45 68.
16608 94 0 50 68.
16704 94 0 55 69.
16800 94 0 60 69.
16896 94 0 65 69.
16992 94 0 70 69.
17088 94 0 75 68.
17184 94 0 80 68.
17280 94 0 85 69.
17376 94 0 90 69.
17472 94 0 96 69.
17568 94 0 102 69.
17664 160 0 108 70.
17856 160 0 108 70.
18048 160 0 108 67.
18240 160 0 89 67.
18432 160 0 70 68.
18624 160 0 50 62.
18816 94 0 30 63.
18912 94 0 30 63.
19008 94 0 30 63.
19104 94 0 30 63.
19488 94 0 30 63.
19584 94 0 30 63.
19680 94 0 30 63.
19872 94 0 30 66.
20064 94 0 30 66.
20064 94 0 30 75.
20160 94 0 30 66.
20160 94 0 30 75.
20256 190 0 30 66.
20256 190 0 30 75.
20448 190 0 30 66.
20448 190 0 30 75.
20640 94 0 30 66.
20640 94 0 30 75.
20736 94 0 30 66.
20736 94 0 30 75.
20832 190 0 30 66.
20832 94 0 30 75.
21024 94 0 30 66.
21120 94 0 30 67.
21216 94 0 30 64.
21216 94 0 30 71.
21312 94 0 30 64.
21312 94 0 30 71.
21408 190 0 30 64.
21408 382 0 30 71.
21600 94 0 30 67.
21792 94 0 30 63.
21888 94 0 30 63.
21984 94 0 30 63.
22176 94 0 30 66.
22272 94 0 30 66.
22368 94 0 30 66.
22368 94 0 30 75.
22464 94 0 30 66.
22464 94 0 30 75.
22560 190 0 30 66.
22560 190 0 30 75.
22752 94 0 30 66.
22752 94 0 30 75.
22848 94 0 30 66.
22864 78 0 30 75.
22944 192 0 30 66.
22944 192 0 30 75.
23136 192 0 30 66.
23136 192 0 30 75.
23328 96 0 30 66.
23328 96 0 30 75.
23424 382 0 30 66.
23424 382 0 30 75.
23904 94 0 30 66.
24000 94 0 30 64.
24096 94 0 30 64.
24192 94 0 30 64.
24288 94 0 30 64.
24384 94 0 30 64.
24480 94 0 30 64.
24576 94 0 30 64.
24672 94 0 30 64.
24768 94 0 30 64.
24864 94 0 30 64.
24960 94 0 30 64.
25056 94 0 30 64.
25152 94 0 30 64.
25248 94 0 30 64.
25344 160 0 30 60.
26400 94 0 45 64.
26496 94 0 45 64.
26592 94 0 45 64.
26688 94 0 45 64.
26784 94 0 45 64.
26976 94 0 45 64.
27072 94 0 45 64.
27168 94 0 45 64.
27264 94 0 45 64.
27360 94 0 45 64.
27456 94 0 45 59.
27552 94 0 45 59.
27648 94 0 45 59.
27744 94 0 45 59.
27840 94 0 45 59.
27840 94 0 45 69.
27936 94 0 45 59.
27936 94 0 45 69.
28032 94 0 45 59.
28032 94 0 45 68.
28128 94 0 47 59.
28128 94 0 47 68.
28224 94 0 49 59.
28224 94 0 49 68.
28320 94 0 51 59.
28320 94 0 51 68.
28416 94 0 54 60.
28416 94 0 54 68.
28512 94 0 57 60.
28512 94 0 57 68.
28704 94 0 45 68.
28800 94 0 45 68.
28896 94 0 45 68.
28992 94 0 45 68.
29088 94 0 45 68.
29184 94 0 45 64.
29280 94 0 45 64.
29376 94 0 45 64.
29472 94 0 45 64.
29568 94 0 45 64.
29664 94 0 45 64.
768 192 0 45 44.
960 288 0 75 51.
1248 96 0 60 49.
1344 96 0 55 49.
1440 96 0 50 48.
1536 288 0 75 57.
1824 96 0 60 56.
1920 48 0 59 55.
1968 48 0 59 56.
2016 48 0 59 57.
2064 48 0 58 56.
2112 48 0 57 59.
2160 48 0 56 57.
2208 48 0 55 52.
2256 48 0 54 53.
2304 48 0 53 54.
2352 48 0 52 53.
2400 48 0 51 56.
2448 48 0 50 54.
2496 48 0 49 57.
2544 48 0 48 56.
2592 48 0 47 49.
2640 48 0 46 51.
2688 6 0 45 52.
2696 344 0 75 64.
3072 142 0 60 63.
3216 46 0 58 61.
3264 304 0 57 61.
3600 22 0 51 63.
3624 22 0 51 61.
3648 142 0 51 59.
3792 46 0 47 57.
3840 238 0 45 57.
4080 46 0 45 56.
4128 46 0 45 55.
4176 46 0 45 56.
4224 46 0 45 59.
4272 46 0 45 57.
4320 46 0 45 54.
4368 46 0 45 51.
4416 160 0 45 48.
4704 48 0 63 43.
4752 48 0 45 44.
4800 8 0 48 47.
4808 40 0 48 45.
4848 48 0 50 44.
4896 48 0 53 49.
4944 48 0 56 51.
4992 192 0 60 52.
5184 160 0 45 40.
5376 144 0 45 56.
5520 48 0 45 56.
5568 160 0 45 56.
5760 64 0 45 42.
5824 64 0 45 49.
5888 64 0 45 54.
5952 64 0 45 56.
6016 64 0 45 59.
6080 64 0 45 57.
6144 192 0 75 57.
6336 192 0 60 48.
6528 8 0 53 49.
6536 8 0 53 51.
6544 8 0 53 49.
6552 8 0 53 51.
6560 8 0 53 49.
6568 8 0 53 51.
6576 8 0 53 49.
6584 8 0 53 51.
6592 8 0 53 49.
6600 8 0 53 51.
6608 8 0 53 49.
6616 8 0 53 51.
6624 24 0 53 48.
6648 24 0 51 49.
6672 24 0 49 51.
6696 24 0 47 52.
6720 160 0 45 44.
6912 48 0 63 43.
6960 48 0 46 44.
7008 48 0 48 48.
7056 48 0 50 51.
7104 48 0 52 55.
7152 48 0 54 56.
7200 8 0 56 59.
7208 64 0 56 57.
7272 22 0 58 56.
7296 8 0 60 52.
7304 376 0 75 64.
7680 144 0 60 63.
7824 48 0 49 61.
7872 312 0 60 61.
8184 24 0 57 60.
8208 24 0 53 63.
8232 24 0 49 61.
8256 144 0 45 59.
8400 46 0 45 57.
8448 96 0 45 35.
8544 48 0 45 42.
8592 48 0 45 47.
8640 48 0 45 51.
8688 48 0 45 54.
8736 48 0 45 57.
8784 48 0 45 59.
8832 48 0 45 63.
8880 48 0 45 61.
8928 32 0 45 61.
8960 32 0 45 59.
8992 32 0 45 57.
9024 304 0 45 56.
9360 48 0 45 56.
9408 8 0 45 59.
9416 136 0 45 57.
9552 48 0 45 56.
9600 160 0 45 56.
9792 144 0 45 42.
9936 48 0 50 49.
9984 48 0 52 54.
10032 48 0 54 56.
10080 48 0 56 57.
10128 48 0 58 59.
10176 48 0 60 60.
10224 48 0 60 56.
10272 48 0 60 57.
10320 48 0 60 59.
10368 48 0 60 60.
10416 48 0 57 57.
10464 48 0 53 58.
10512 48 0 49 59.
10560 240 0 45 60.
10800 48 0 45 59.
10848 48 0 45 62.
10896 48 0 45 60.
10944 48 0 45 59.
10992 48 0 45 56.
11040 48 0 45 59.
11088 48 0 45 57.
11136 48 0 45 60.
11184 48 0 45 57.
11232 48 0 45 52.
11280 48 0 45 48.
11328 48 0 45 57.
11376 48 0 45 56.
11424 48 0 45 59.
11472 48 0 45 57.
11520 48 0 45 54.
11568 48 0 45 53.
11616 48 0 45 55.
11664 48 0 45 54.
11712 48 0 45 57.
11760 48 0 45 54.
11808 48 0 45 48.
11856 46 0 45 45.
11904 46 0 45 47.
11952 46 0 48 52.
12000 46 0 51 56.
12048 46 0 54 52.
12096 256 0 57 59.
12384 94 0 75 56.
12480 46 0 60 64.
12528 46 0 60 59.
12576 70 0 55 61.
12648 22 0 48 56.
12672 192 0 45 59.
12864 46 0 45 61.
12912 46 0 45 56.
12960 70 0 45 59.
13032 22 0 45 52.
13056 238 0 45 56.
13296 46 0 45 46.
13344 46 0 45 49.
13392 46 0 45 47.
13440 142 0 45 54.
13584 46 0 45 52.
13632 160 0 45 52.
14208 192 0 75 64.
14400 192 0 65 63.
14592 192 0 55 58.
14784 144 0 45 61.
14928 24 0 45 59.
14952 24 0 45 63.
14976 24 0 45 61.
15000 70 0 45 59.
15072 24 0 63 43.
15096 24 0 47 44.
15120 24 0 49 46.
15144 24 0 51 47.
15168 24 0 53 50.
15192 24 0 55 51.
15216 24 0 57 55.
15240 24 0 60 56.
15264 16 0 63 58.
15280 16 0 65 59.
15296 16 0 67 62.
15312 16 0 69 63.
15328 16 0 71 64.
15344 16 0 73 65.
15360 192 0 75 66.
15552 72 0 75 65.
15624 24 0 75 66.
15648 32 0 75 65.
15680 32 0 80 64.
15712 32 0 86 65.
15744 144 0 92 72.
15888 48 0 75 63.
15936 144 0 105 63.
16080 24 0 55 62.
16104 24 0 52 65.
16128 24 0 49 63.
16152 70 0 45 62.
16224 22 0 45 45.
16248 22 0 48 46.
16272 22 0 52 49.
16296 22 0 56 50.
16320 22 0 60 52.
16344 22 0 64 53.
16368 22 0 68 57.
16392 22 0 72 58.
16416 14 0 76 61.
16432 14 0 78 62.
16448 14 0 80 64.
16464 14 0 83 65.
16480 14 0 86 69.
16496 14 0 89 70.
16512 166 0 92 71.
16680 22 0 92 59.
16704 160 0 92 59.
16896 6 0 92 58.
16904 6 0 92 59.
16912 6 0 92 61.
16920 6 0 92 59.
16928 6 0 92 61.
16936 6 0 92 59.
16944 6 0 92 61.
16952 6 0 92 59.
16960 6 0 92 61.
16968 6 0 92 59.
16976 6 0 92 61.
16984 6 0 92 59.
16992 6 0 92 61.
17000 6 0 92 59.
17008 6 0 92 61.
17016 6 0 92 59.
17024 6 0 92 61.
17032 6 0 92 59.
17040 6 0 92 61.
17048 6 0 92 59.
17056 6 0 92 61.
17064 6 0 92 59.
17072 6 0 92 61.
17080 6 0 92 59.
17088 10 0 92 58.
17100 10 0 92 59.
17112 10 0 92 61.
17124 10 0 92 59.
17136 14 0 92 57.
17152 14 0 92 56.
17168 14 0 92 55.
17184 14 0 92 57.
17200 14 0 92 56.
17216 14 0 92 54.
17232 14 0 92 52.
17248 14 0 92 51.
17264 14 0 92 49.
17280 22 0 127 48.
17304 22 0 93 47.
17328 22 0 94 46.
17352 22 0 95 47.
17376 22 0 127 46.
17400 22 0 97 45.
17424 22 0 98 44.
17448 22 0 99 45.
17472 14 0 127 44.
17488 14 0 100 43.
17504 14 0 100 42.
17520 14 0 100 43.
17536 14 0 100 42.
17552 14 0 101 41.
17568 14 0 102 40.
17584 14 0 103 39.
17600 14 0 104 38.
17616 14 0 105 37.
17632 14 0 106 36.
17648 14 0 107 35.
17664 16 0 108 34.
17680 16 0 108 33.
17696 16 0 108 34.
17712 16 0 108 36.
17728 16 0 108 38.
17744 16 0 108 39.
17760 16 0 108 41.
17776 16 0 108 43.
17792 16 0 108 44.
17808 16 0 108 46.
17824 16 0 108 48.
17840 16 0 108 50.
17856 16 0 108 51.
17872 16 0 108 53.
17888 16 0 108 55.
17904 16 0 108 56.
17920 16 0 108 58.
17936 16 0 108 60.
17952 16 0 108 62.
17968 16 0 108 63.
17984 16 0 108 65.
18000 16 0 108 67.
18016 16 0 108 65.
18032 16 0 108 63.
18048 16 0 108 62.
18064 16 0 107 60.
18080 16 0 106 58.
18096 16 0 105 57.
18112 16 0 104 60.
18128 16 0 103 58.
18144 24 0 102 56.
18168 24 0 100 55.
18192 24 0 98 53.
18216 24 0 96 51.
18240 24 0 94 50.
18264 24 0 92 49.
18288 24 0 90 46.
18312 24 0 88 45.
18336 24 0 86 47.
18360 24 0 84 46.
18384 24 0 82 48.
18408 24 0 80 47.
18432 24 0 78 50.
18456 24 0 76 48.
18480 24 0 74 46.
18504 24 0 72 45.
18528 24 0 70 48.
18552 24 0 68 46.
18576 24 0 66 44.
18600 24 0 64 43.
18624 24 0 62 41.
18648 24 0 60 39.
18672 24 0 58 38.
18696 24 0 56 36.
18720 24 0 54 34.
18744 24 0 52 32.
18768 24 0 50 31.
18792 24 0 48 29.
18816 160 0 45 27.
19200 144 0 63 63.
19344 48 0 45 61.
19392 48 0 45 59.
19440 48 0 45 54.
19488 48 0 45 47.
19536 48 0 45 49.
19584 48 0 45 51.
19632 48 0 45 42.
19680 46 0 45 35.
19776 144 0 63 63.
19920 48 0 45 61.
19968 48 0 45 59.
20016 48 0 45 54.
20064 48 0 45 47.
20112 48 0 45 49.
20160 48 0 45 51.
20208 48 0 45 42.
20256 46 0 45 35.
20352 144 0 63 63.
20496 48 0 45 61.
20544 48 0 45 59.
20592 48 0 45 54.
20640 48 0 45 47.
20688 48 0 45 49.
20736 48 0 45 51.
20784 48 0 45 42.
20832 46 0 45 35.
20928 144 0 63 63.
21072 48 0 45 61.
21120 48 0 45 59.
21168 48 0 45 55.
21216 48 0 45 52.
21264 48 0 45 54.
21312 48 0 45 55.
21360 48 0 45 47.
21408 46 0 45 35.
21504 144 0 63 63.
21648 48 0 45 61.
21696 48 0 45 59.
21744 48 0 45 54.
21792 48 0 45 47.
21840 48 0 45 49.
21888 48 0 45 51.
21936 48 0 45 42.
21984 46 0 45 35.
22080 144 0 63 63.
22224 48 0 45 61.
22272 48 0 45 59.
22320 48 0 45 54.
22368 48 0 45 47.
22416 48 0 45 49.
22464 48 0 45 51.
22512 48 0 45 42.
22560 46 0 45 35.
22656 144 0 63 63.
22800 48 0 45 61.
22848 48 0 45 59.
22896 48 0 45 54.
22944 48 0 45 47.
22992 48 0 45 49.
23040 48 0 45 51.
23088 48 0 45 42.
23136 46 0 45 35.
23232 144 0 45 63.
23376 48 0 40 61.
23424 48 0 38 59.
23472 48 0 36 54.
23520 48 0 34 47.
23568 48 0 32 49.
23616 48 0 30 51.
23664 48 0 30 42.
23712 46 0 30 35.
23808 144 0 63 59.
23952 48 0 45 57.
24000 192 0 45 57.
24192 192 0 45 55.
24384 8 0 45 56.
24392 8 0 45 57.
24400 8 0 45 56.
24408 8 0 45 57.
24416 8 0 45 56.
24424 8 0 45 57.
24432 8 0 45 56.
24440 8 0 45 57.
24448 8 0 45 56.
24456 8 0 45 57.
24464 8 0 46 56.
24472 8 0 47 57.
24480 8 0 48 56.
24488 8 0 49 57.
24496 8 0 50 56.
24504 8 0 51 57.
24512 8 0 52 56.
24520 8 0 53 57.
24528 8 0 54 56.
24536 8 0 55 57.
24544 8 0 56 56.
24552 8 0 57 57.
24560 8 0 58 55.
24568 8 0 59 56.
24576 192 0 60 57.
24768 160 0 45 52.
24960 192 0 45 57.
25152 192 0 45 52.
25344 192 0 45 53.
25536 144 0 45 48.
25680 48 0 45 46.
25728 48 0 45 45.
25776 48 0 45 48.
25824 48 0 45 53.

