480 120 0 90 64.
600 120 0 77 60.
720 120 0 80 67.
840 120 0 78 72.
960 120 0 93 76.
1080 120 0 79 72.
1200 120 0 82 79.
1320 120 0 80 84.
1440 120 0 93 88.
1560 120 0 80 84.
1680 120 0 83 91.
1800 120 0 81 96.
1920 120 0 95 100.
2040 120 0 80 96.
2160 120 0 84 91.
2280 120 0 80 84.
2400 120 0 94 88.
2520 120 0 80 84.
2640 120 0 83 79.
2760 120 0 79 72.
2880 120 0 93 76.
3000 120 0 79 72.
3120 120 0 81 67.
3240 120 0 78 60.
3360 120 0 92 64.
3480 120 0 76 60.
4320 120 0 91 65.
4440 120 0 77 60.
4560 120 0 80 69.
4680 120 0 78 72.
4800 120 0 93 77.
4920 120 0 78 72.
5040 120 0 82 81.
5160 120 0 80 84.
5280 120 0 94 89.
5400 120 0 81 84.
5520 120 0 83 93.
5640 120 0 80 96.
5760 120 0 96 100.
5880 120 0 80 96.
6000 120 0 84 93.
6120 120 0 80 84.
6240 120 0 95 88.
6360 120 0 80 84.
6480 120 0 83 81.
6600 120 0 79 72.
6720 120 0 93 76.
6840 120 0 78 72.
6960 120 0 81 69.
7080 120 0 77 60.
7200 120 0 92 62.
7320 120 0 76 60.
8160 120 0 90 62.
8280 120 0 77 59.
8400 120 0 80 67.
8520 120 0 78 71.
8640 120 0 93 74.
8760 120 0 79 71.
8880 120 0 82 79.
9000 120 0 80 83.
9120 120 0 94 86.
9240 120 0 80 83.
9360 120 0 83 91.
9480 120 0 79 93.
9600 120 0 97 98.
9720 120 0 80 93.
9840 120 0 84 90.
9960 120 0 80 84.
10080 120 0 95 86.
10200 120 0 80 81.
10320 120 0 82 78.
10440 120 0 79 72.
10560 120 0 94 74.
10680 120 0 77 69.
10800 120 0 81 66.
10920 120 0 77 60.
11040 120 0 80 62.
12000 120 0 91 62.
12120 120 0 76 60.
12240 120 0 80 65.
12360 120 0 77 68.
12480 120 0 92 74.
12600 120 0 78 72.
12720 120 0 82 77.
12840 120 0 79 80.
12960 120 0 93 86.
13080 120 0 80 84.
13200 120 0 83 89.
13320 120 0 80 92.
13440 120 0 95 98.
13560 120 0 79 91.
13680 120 0 84 89.
13800 120 0 79 83.
13920 120 0 94 86.
14040 120 0 79 79.
14160 120 0 83 77.
14280 120 0 78 71.
14400 120 0 93 74.
14520 120 0 77 67.
14640 120 0 81 65.
14760 120 0 77 59.
14880 120 0 95 63.
15840 120 0 85 64.
15960 120 0 76 60.
16080 120 0 80 67.
16200 120 0 78 72.
16320 120 0 89 76.
16440 120 0 78 72.
16560 120 0 82 79.
16680 120 0 79 84.
16800 120 0 90 88.
16920 120 0 80 84.
17040 120 0 83 91.
17160 120 0 80 96.
17280 120 0 92 100.
17400 120 0 80 96.
17520 120 0 84 91.
17640 120 0 80 84.
17760 120 0 92 88.
17880 120 0 81 84.
18000 120 0 83 79.
18120 120 0 79 72.
18240 120 0 90 76.
18360 120 0 78 72.
18480 120 0 81 67.
18600 120 0 77 60.
18720 120 0 89 64.
18840 120 0 77 60.
19680 120 0 87 65.
19800 120 0 76 60.
19920 120 0 80 65.
20040 120 0 77 72.
20160 120 0 89 77.
20280 120 0 77 72.
20400 120 0 82 77.
20520 120 0 79 84.
20640 120 0 92 89.
20760 120 0 80 84.
20880 120 0 83 89.
21000 120 0 80 96.
21120 120 0 93 100.
21240 120 0 80 96.
21360 120 0 84 90.
21480 120 0 79 84.
21600 120 0 93 88.
21720 120 0 80 84.
21840 120 0 83 78.
21960 120 0 79 72.
22080 120 0 90 76.
22200 120 0 79 72.
22320 120 0 81 66.
22440 120 0 78 60.
22560 120 0 89 64.
22680 120 0 77 60.
23520 120 0 81 62.
23640 120 0 73 60.
23760 120 0 76 67.
23880 120 0 74 72.
24000 120 0 86 74.
24120 120 0 74 72.
24240 120 0 77 79.
24360 120 0 75 84.
24480 120 0 88 86.
24600 120 0 76 84.
24720 120 0 78 91.
24840 120 0 76 96.
24960 120 0 89 98.
25080 120 0 76 95.
25200 120 0 79 91.
25320 120 0 75 83.
25440 120 0 87 86.
25560 120 0 75 83.
25680 120 0 78 79.
25800 120 0 74 71.
25920 120 0 86 74.
26040 120 0 75 71.
26160 120 0 76 67.
26280 120 0 74 59.
26400 120 0 83 62.
26520 120 0 73 59.
27360 120 0 78 64.
27480 120 0 71 62.
27600 120 0 76 67.
27720 120 0 74 74.
27840 120 0 79 76.
27960 120 0 74 74.
28080 120 0 77 79.
28200 120 0 75 86.
28320 120 0 83 88.
28440 120 0 76 86.
28560 120 0 78 91.
28680 120 0 76 98.
28800 120 0 83 100.
28920 120 0 73 96.
29040 120 0 77 91.
29160 120 0 73 84.
29280 120 0 84 88.
29400 120 0 73 84.
29520 120 0 76 79.
29640 120 0 70 72.
29760 120 0 81 76.
29880 120 0 71 72.
30000 120 0 76 67.
30120 120 0 70 60.
30240 120 0 78 64.
30360 120 0 71 60.
31080 120 0 59 64.
31200 120 0 66 65.
31320 120 0 57 64.
31440 120 0 61 72.
31560 120 0 58 76.
31680 120 0 68 77.
31800 120 0 57 76.
31920 120 0 63 84.
32040 120 0 58 88.
32160 120 0 69 89.
32280 120 0 60 88.
32400 120 0 63 96.
32520 120 0 58 100.
32640 120 0 70 101.
32760 120 0 59 98.
32880 120 0 63 95.
33000 120 0 59 86.
33120 120 0 69 89.
33240 120 0 59 86.
33360 120 0 63 83.
33480 120 0 58 74.
33600 120 0 68 77.
33720 120 0 57 74.
33840 120 0 62 71.
33960 120 0 57 62.
34080 120 0 67 65.
34200 120 0 56 62.
34320 120 0 61 59.
35040 120 0 71 64.
35160 120 0 57 62.
35280 120 0 61 71.
35400 120 0 58 74.
35520 120 0 72 76.
35640 120 0 57 74.
35760 120 0 63 83.
35880 120 0 57 86.
36000 120 0 72 88.
36120 120 0 58 86.
36240 120 0 63 95.
36360 120 0 59 98.
36480 120 0 72 100.
36600 120 0 60 96.
36720 120 0 63 93.
36840 120 0 61 84.
36960 120 0 74 88.
37080 120 0 61 84.
37200 120 0 66 81.
37320 120 0 63 72.
37440 120 0 77 76.
37560 120 0 63 72.
37680 120 0 68 69.
37800 120 0 63 60.
37920 120 0 79 64.
38040 120 0 64 60.
38880 120 0 82 64.
39000 120 0 67 60.
39120 120 0 72 69.
39240 120 0 68 72.
39360 120 0 82 76.
39480 120 0 69 72.
39600 120 0 73 81.
39720 120 0 70 84.
39840 120 0 83 88.
39960 120 0 71 84.
40080 120 0 74 93.
40200 120 0 71 96.
40320 120 0 86 99.
40440 120 0 68 95.
40560 120 0 71 93.
40680 120 0 64 83.
40800 120 0 80 87.
40920 120 0 61 83.
41040 120 0 63 81.
41160 120 0 58 71.
41280 120 0 72 75.
41400 120 0 54 71.
41520 120 0 60 69.
41640 120 0 53 59.
41760 120 0 66 63.
42720 120 0 68 64.
42840 120 0 56 59.
42960 120 0 60 69.
43080 120 0 55 71.
43200 120 0 69 76.
43320 120 0 56 71.
43440 120 0 60 81.
43560 120 0 56 83.
43680 120 0 69 88.
43800 120 0 56 83.
43920 120 0 60 93.
44040 120 0 56 95.
44160 120 0 69 100.
44280 120 0 55 95.
44400 120 0 60 92.
44520 120 0 55 83.
44640 120 0 68 88.
44760 120 0 56 83.
44880 120 0 60 80.
45000 120 0 56 71.
45120 120 0 68 76.
45240 120 0 56 71.
45360 120 0 60 68.
45480 120 0 56 59.
45600 120 0 59 64.
45720 120 0 56 59.
46560 120 0 68 67.
46680 120 0 56 64.
46800 120 0 60 69.
46920 120 0 57 73.
47040 120 0 69 79.
47160 120 0 56 76.
47280 120 0 61 81.
47400 120 0 56 85.
47520 120 0 70 91.
47640 120 0 57 85.
47760 120 0 62 81.
47880 120 0 57 76.
48000 120 0 71 91.
48120 120 0 57 84.
48240 120 0 63 81.
48360 120 0 57 76.
48480 120 0 70 79.
48600 120 0 58 72.
48720 120 0 62 69.
48840 120 0 57 64.
48960 120 0 70 67.
49080 120 0 57 60.
49440 120 0 69 66.
49560 120 0 60 60.
50400 120 0 76 65.
50520 120 0 63 62.
50640 120 0 68 67.
50760 120 0 65 72.
50880 120 0 77 77.
51000 120 0 66 74.
51120 120 0 70 79.
51240 120 0 65 84.
51360 120 0 75 89.
51480 120 0 66 86.
51600 120 0 70 91.
51720 120 0 67 96.
51840 120 0 77 101.
51960 120 0 67 95.
52080 120 0 71 91.
52200 120 0 67 86.
52320 120 0 76 89.
52440 120 0 67 83.
52560 120 0 70 79.
52680 120 0 66 74.
52800 120 0 74 77.
52920 120 0 66 71.
53040 120 0 69 67.
53160 120 0 69 62.
53280 120 0 73 65.
54240 120 0 80 64.
54360 120 0 72 60.
54480 120 0 76 67.
54600 120 0 73 70.
54720 120 0 85 76.
54840 120 0 73 72.
54960 120 0 77 79.
55080 120 0 73 82.
55200 120 0 86 88.
55320 120 0 75 84.
55440 120 0 78 91.
55560 120 0 75 96.
55680 120 0 89 99.
55800 120 0 75 94.
55920 120 0 79 87.
56040 120 0 74 84.
56160 120 0 87 87.
56280 120 0 74 82.
56400 120 0 78 75.
56520 120 0 73 72.
56640 120 0 85 75.
56760 120 0 74 70.
56880 120 0 76 63.
57000 120 0 73 60.
57120 120 0 83 63.
57240 120 0 72 58.
58080 120 0 79 63.
58200 120 0 71 60.
58320 120 0 76 63.
58440 120 0 73 69.
58560 120 0 82 75.
58680 120 0 75 72.
58800 120 0 77 75.
58920 120 0 74 81.
59040 120 0 85 87.
59160 120 0 75 84.
59280 120 0 78 87.
59400 120 0 75 93.
59520 120 0 86 99.
59640 120 0 73 92.
59760 120 0 77 87.
59880 120 0 73 83.
60000 120 0 85 87.
60120 120 0 71 80.
60240 120 0 76 75.
60360 120 0 71 71.
60480 120 0 80 75.
60600 120 0 70 68.
60720 120 0 72 63.
60840 120 0 67 59.
60960 120 0 71 63.
61920 120 0 76 62.
62040 120 0 64 58.
62160 120 0 69 65.
62280 120 0 65 68.
62400 120 0 76 74.
62520 120 0 66 70.
62640 120 0 71 77.
62760 120 0 67 80.
62880 120 0 76 86.
63000 120 0 65 82.
63120 120 0 71 89.
63240 120 0 67 92.
63360 120 0 83 98.
63480 120 0 70 92.
63600 120 0 74 88.
63720 120 0 70 82.
63840 120 0 84 86.
63960 120 0 71 80.
64080 120 0 76 76.
64200 120 0 71 70.
64320 120 0 87 74.
64440 120 0 72 68.
64560 120 0 76 64.
64680 120 0 70 58.
64800 120 0 86 62.
65760 120 0 81 61.
65880 120 0 70 57.
66000 120 0 76 64.
66120 120 0 74 69.
66240 120 0 83 73.
66360 120 0 74 69.
66480 120 0 77 76.
66600 120 0 73 81.
66720 120 0 85 85.
66840 120 0 74 81.
66960 120 0 78 88.
67080 120 0 74 93.
67200 120 0 87 97.
67320 120 0 74 93.
67440 120 0 79 88.
67560 120 0 74 81.
67680 120 0 85 85.
67800 120 0 72 81.
67920 120 0 77 76.
68040 120 0 72 69.
68160 120 0 86 73.
68280 120 0 72 69.
68400 120 0 74 64.
68520 120 0 69 57.
68640 120 0 84 61.
69600 120 0 74 60.
69720 120 0 68 57.
69840 120 0 71 62.
69960 120 0 66 66.
70080 120 0 74 72.
70200 120 0 66 69.
70320 120 0 71 74.
70440 120 0 68 78.
70560 120 0 75 84.
70680 120 0 67 81.
70800 120 0 70 86.
70920 120 0 67 90.
71040 120 0 76 96.
71160 120 0 68 89.
71280 120 0 71 86.
71400 120 0 68 79.
71520 120 0 73 84.
71640 120 0 66 77.
71760 120 0 69 74.
71880 120 0 63 67.
72000 120 0 74 72.
72120 120 0 63 65.
72240 120 0 66 62.
73680 120 0 61 60.
73800 120 0 65 64.
73920 120 0 72 71.
74040 120 0 61 67.
74160 120 0 66 72.
74280 120 0 61 76.
74400 120 0 73 83.
74520 120 0 64 79.
74640 120 0 66 84.
74760 120 0 63 88.
74880 120 0 75 95.
75000 120 0 65 88.
75120 120 0 67 84.
75240 120 0 67 77.
75360 120 0 74 83.
75480 120 0 64 76.
75600 120 0 66 72.
75720 120 0 61 65.
75840 120 0 73 71.
75960 120 0 66 64.
76080 120 0 61 60.
77640 120 0 66 62.
77760 120 0 74 69.
77880 120 0 64 65.
78000 120 0 68 71.
78120 120 0 63 74.
78240 120 0 74 81.
78360 120 0 64 77.
78480 120 0 68 83.
78600 120 0 64 86.
78720 120 0 75 91.
78840 120 0 65 86.
78960 120 0 68 83.
79080 120 0 65 76.
79200 120 0 75 79.
79320 120 0 65 74.
79440 120 0 68 71.
79560 120 0 64 64.
79680 120 0 75 69.
79800 120 0 64 72.
79920 120 0 68 79.
80040 120 0 64 76.
80160 120 0 75 81.
80280 120 0 65 84.
80400 120 0 69 91.
80520 120 0 65 88.
80640 120 0 76 89.
80760 120 0 67 84.
80880 120 0 70 81.
81000 120 0 66 74.
81120 120 0 77 77.
81240 120 0 67 72.
81360 120 0 72 69.
81480 120 0 67 62.
81600 120 0 78 67.
81720 120 0 66 71.
81840 120 0 72 77.
81960 120 0 68 74.
82080 120 0 78 79.
82200 120 0 68 83.
82320 120 0 74 89.
82440 120 0 68 86.
82560 120 0 80 88.
82680 120 0 70 83.
82800 120 0 75 79.
82920 120 0 70 72.
83040 120 0 83 76.
83160 120 0 70 71.
83280 120 0 76 67.
83400 120 0 70 60.
83520 120 0 86 65.
83640 120 0 71 69.
83760 120 0 77 76.
83880 120 0 71 72.
84000 120 0 86 77.
84120 120 0 73 81.
84240 120 0 79 88.
84360 120 0 75 84.
84480 120 0 90 86.
84600 120 0 76 81.
84720 120 0 80 77.
84840 120 0 75 71.
84960 120 0 90 74.
85080 120 0 76 69.
85200 120 0 80 65.
85320 120 0 74 59.
85440 120 0 90 62.
86400 120 0 91 87.
86520 120 0 75 81.
86640 120 0 80 78.
86760 120 0 75 71.
86880 120 0 91 75.
87000 120 0 76 69.
87120 120 0 80 66.
87240 120 0 74 59.
87360 120 0 91 63.
88800 120 0 91 64.
88920 120 0 76 59.
89040 120 0 80 64.
89160 120 0 77 68.
89280 120 0 91 76.
89400 120 0 76 71.
89520 120 0 80 76.
89640 120 0 76 80.
89760 120 0 91 88.
89880 120 0 75 83.
90000 120 0 80 88.
90120 120 0 75 92.
90240 120 0 91 100.
90360 120 0 77 92.
90480 120 0 79 88.
90600 120 0 74 83.
90720 120 0 88 88.
90840 120 0 72 80.
90960 120 0 76 76.
91080 120 0 69 71.
91200 120 0 85 76.
91320 120 0 69 68.
91440 120 0 72 64.
91560 120 0 67 59.
91680 120 0 80 65.
91800 120 0 65 59.
92640 120 0 72 64.
92760 120 0 63 60.
92880 120 0 68 67.
93000 120 0 65 72.
93120 120 0 76 76.
93240 120 0 64 72.
93360 120 0 70 79.
93480 120 0 64 84.
93600 120 0 77 88.
93720 120 0 65 84.
93840 120 0 70 91.
93960 120 0 65 96.
94080 120 0 77 100.
94200 120 0 66 96.
94320 120 0 71 91.
94440 120 0 68 84.
94560 120 0 77 88.
94680 120 0 66 84.
94800 120 0 70 79.
94920 120 0 65 72.
95040 120 0 76 76.
95160 120 0 65 72.
95280 120 0 69 67.
95400 120 0 63 60.
95520 120 0 75 64.
95640 120 0 63 60.
96480 120 0 78 65.
96600 120 0 64 60.
96720 120 0 69 69.
96840 120 0 67 72.
96960 120 0 82 77.
97080 120 0 68 72.
97200 120 0 73 81.
97320 120 0 69 84.
97440 120 0 83 89.
97560 120 0 69 84.
97680 120 0 74 93.
97800 120 0 70 96.
97920 120 0 88 100.
98040 120 0 70 96.
98160 120 0 77 93.
98280 120 0 71 84.
98400 120 0 89 88.
98520 120 0 72 84.
98640 120 0 79 81.
98760 120 0 73 72.
98880 120 0 89 76.
99000 120 0 73 72.
99120 120 0 78 69.
99240 120 0 72 60.
99360 120 0 90 62.
0 3840 0 86 36.
120 120 0 77 48.
240 120 0 80 55.
360 120 0 77 60.
3600 120 0 80 55.
3720 120 0 77 48.
3840 1920 0 104 41.
3960 120 0 80 48.
4080 120 0 80 57.
4200 120 0 77 60.
5760 1920 0 85 30.
7440 120 0 80 57.
7560 120 0 77 48.
7680 960 0 101 43.
7800 120 0 80 47.
7920 120 0 77 55.
8040 120 0 80 59.
8640 480 0 86 30.
9120 480 0 82 28.
9600 1920 0 86 26.
11160 120 0 80 57.
11280 120 0 80 54.
11520 3840 0 101 43.
11640 120 0 77 48.
11760 120 0 80 53.
11880 120 0 77 56.
15000 120 0 77 55.
15120 120 0 80 53.
15360 240 0 101 48.
15480 120 0 76 48.
15600 120 0 80 55.
15720 120 0 76 60.
18960 120 0 80 55.
19200 3840 0 103 45.
19320 120 0 77 48.
19440 120 0 80 53.
19560 120 0 77 60.
22800 120 0 80 54.
22920 120 0 77 48.
23040 3840 0 81 31.
23160 120 0 73 48.
23280 120 0 76 55.
23400 120 0 74 60.
26640 120 0 76 55.
26880 3840 0 81 36.
27000 120 0 76 50.
27120 120 0 73 55.
27240 120 0 76 62.
30480 120 0 74 55.
30600 120 0 67 48.
30720 1920 0 77 45.
30840 120 0 56 52.
30960 120 0 61 60.
32640 960 0 65 35.
33600 960 0 65 33.
34440 120 0 57 50.
34560 1920 0 77 44.
34680 120 0 57 50.
34800 120 0 61 59.
34920 120 0 57 62.
36480 960 0 64 33.
37440 960 0 70 31.
38160 120 0 70 57.
38280 120 0 65 48.
38400 3840 0 90 41.
38520 120 0 65 48.
38640 120 0 72 57.
38760 120 0 66 60.
41880 120 0 63 59.
42000 120 0 61 57.
42120 120 0 58 47.
42240 3840 0 64 28.
42360 120 0 56 47.
42480 120 0 60 57.
42600 120 0 56 59.
45840 120 0 60 56.
45960 120 0 55 47.
46080 1920 0 76 45.
46200 120 0 56 52.
46320 120 0 60 57.
46440 120 0 56 61.
48000 1920 0 64 38.
49200 120 0 61 57.
49320 120 0 57 52.
49680 120 0 60 57.
49800 120 0 56 50.
49920 3840 0 85 43.
50040 120 0 63 50.
50160 120 0 68 55.
50280 120 0 64 60.
53400 120 0 63 59.
53520 120 0 68 55.
53640 120 0 65 50.
53760 240 0 95 48.
53880 120 0 71 48.
54000 120 0 76 55.
54120 120 0 72 58.
55680 1920 0 81 30.
57360 120 0 76 51.
57480 120 0 72 48.
57600 1920 0 97 41.
57720 120 0 72 48.
57840 120 0 76 51.
57960 120 0 73 57.
59520 1920 0 85 35.
61080 120 0 65 56.
61200 120 0 69 51.
61560 120 0 66 46.
61680 120 0 70 53.
61800 120 0 67 56.
63360 1920 0 87 46.
64920 120 0 71 56.
65040 120 0 76 52.
65160 120 0 72 46.
65280 240 0 94 45.
65400 120 0 72 45.
65520 120 0 76 52.
65640 120 0 72 57.
68760 120 0 68 57.
68880 120 0 72 52.
69000 120 0 68 45.
69240 120 0 69 45.
69360 120 0 72 50.
69480 120 0 69 54.
71040 1920 0 75 31.
72360 120 0 62 55.
72480 120 0 76 59.
72600 120 0 64 53.
72720 120 0 61 50.
73080 120 0 64 43.
73200 120 0 61 48.
73320 120 0 64 52.
73440 120 0 74 59.
73560 120 0 61 55.
74880 1920 0 66 29.
76200 120 0 62 53.
76320 120 0 74 57.
76440 120 0 60 52.
76560 120 0 64 48.
76680 120 0 61 41.
76920 120 0 65 41.
77040 120 0 68 47.
77160 120 0 64 50.
77280 120 0 77 57.
77400 120 0 63 53.
77520 120 0 68 59.
78720 960 0 85 40.
79680 960 0 72 33.
80640 960 0 74 26.
81600 960 0 74 31.
82560 960 0 80 24.
83520 960 0 82 29.
84480 1440 0 85 35.
85560 120 0 75 57.
85680 120 0 80 53.
85800 120 0 75 47.
85920 1920 0 102 35.
86400 1440 0 100 47.
87480 120 0 75 57.
87600 120 0 80 54.
87720 120 0 76 47.
87840 480 0 93 35.
88320 3360 0 100 40.
88440 120 0 76 47.
88560 120 0 80 52.
88680 120 0 76 56.
91680 480 0 74 26.
91920 120 0 69 55.
92040 120 0 64 50.
92160 1920 0 72 24.
92280 120 0 64 48.
92400 120 0 68 55.
92520 120 0 63 60.
95760 120 0 68 55.
95880 120 0 63 48.

