959 26 0 45 45.
964 23 0 36 64.
990 25 0 44 70.
1078 25 0 31 64.
1079 25 0 41 60.
1080 25 0 52 73.
1198 25 0 36 74.
1200 25 0 53 77.
1319 21 0 36 77.
1319 25 0 50 62.
1320 25 0 53 81.
1439 26 0 43 81.
1439 23 0 45 45.
1559 28 0 40 84.
1559 27 0 39 60.
1560 25 0 60 89.
1590 25 0 44 88.
1620 25 0 43 87.
1650 25 0 45 86.
1678 25 0 43 81.
1678 21 0 45 57.
1679 16 0 42 64.
1710 25 0 52 84.
1740 25 0 51 83.
1770 25 0 45 82.
1800 25 0 54 81.
1800 17 0 43 72.
1830 25 0 54 80.
1860 25 0 60 83.
1890 25 0 58 81.
1921 23 0 43 76.
1922 12 0 53 40.
2039 29 0 34 52.
2040 24 0 46 62.
2041 26 0 40 71.
2160 25 0 52 75.
2161 18 0 45 72.
2278 28 0 35 52.
2278 21 0 55 57.
2280 25 0 55 71.
2399 25 0 40 68.
2399 23 0 52 59.
2400 22 0 36 64.
2430 25 0 49 72.
2460 25 0 45 71.
2519 152 0 50 59.
2520 25 0 48 71.
2640 25 0 51 71.
2641 21 0 41 68.
2670 25 0 48 76.
2760 25 0 48 73.
2880 25 0 48 69.
2881 24 0 39 64.
2910 25 0 46 70.
2940 25 0 53 71.
2970 25 0 56 72.
3001 17 0 40 64.
3002 23 0 53 60.
3003 16 0 51 57.
3119 16 0 40 69.
3120 25 0 53 77.
3150 25 0 48 78.
3180 25 0 50 79.
3210 25 0 50 80.
3239 19 0 38 77.
3239 26 0 39 53.
3240 25 0 51 81.
3359 18 0 30 76.
3359 22 0 46 45.
3478 33 0 41 52.
3478 27 0 53 57.
3480 25 0 57 89.
3599 21 0 51 57.
3600 25 0 48 85.
3602 23 0 34 76.
3719 20 0 32 72.
3840 20 0 45 47.
3841 21 0 36 76.
3959 21 0 44 79.
3960 25 0 51 67.
3961 20 0 28 59.
4078 19 0 40 75.
4080 25 0 55 81.
4199 21 0 36 69.
4199 28 0 42 59.
4200 25 0 55 77.
4320 23 0 40 71.
4321 56 0 46 52.
4439 27 0 35 65.
4439 86 0 58 52.
4561 22 0 38 69.
4680 60 0 40 40.
4681 55 0 40 52.
4800 25 0 53 69.
4801 16 0 31 60.
4830 25 0 50 70.
4919 29 0 45 60.
4920 25 0 50 73.
4921 20 0 38 69.
5040 25 0 52 77.
5041 15 0 42 69.
5159 13 0 33 74.
5159 24 0 49 57.
5160 25 0 45 81.
5278 18 0 50 33.
5279 18 0 32 76.
5399 17 0 41 84.
5399 29 0 39 52.
5400 20 0 39 57.
5430 25 0 52 88.
5460 25 0 47 87.
5490 25 0 48 86.
5518 24 0 43 60.
5519 17 0 38 81.
5519 24 0 36 64.
5550 25 0 52 84.
5580 25 0 46 83.
5610 25 0 52 82.
5639 21 0 30 76.
5640 18 0 31 72.
5670 25 0 51 80.
5700 25 0 47 83.
5730 25 0 52 81.
5759 21 0 39 76.
5760 25 0 53 80.
5790 25 0 48 79.
5820 25 0 45 78.
5881 26 0 39 71.
5881 28 0 29 52.
5881 25 0 45 62.
6000 25 0 50 75.
6001 18 0 32 69.
6118 21 0 40 69.
6119 22 0 50 57.
6120 25 0 45 71.
6238 30 0 60 59.
6239 20 0 31 64.
6240 25 0 48 71.
6300 25 0 45 71.
6359 19 0 33 63.
6359 125 0 57 53.
6480 25 0 45 71.
6481 20 0 33 64.
6601 20 0 38 68.
6720 25 0 52 69.
6721 16 0 36 60.
6750 25 0 50 70.
6780 25 0 47 71.
6810 25 0 52 72.
6840 25 0 52 73.
6841 28 0 56 60.
6842 17 0 40 69.
6870 25 0 45 74.
6900 25 0 53 75.
6930 25 0 47 76.
6959 17 0 38 69.
6959 23 0 53 45.
6990 25 0 50 78.
7020 25 0 49 79.
7050 25 0 52 80.
7078 27 0 49 53.
7078 23 0 59 57.
7080 25 0 45 81.
7198 24 0 44 81.
7198 28 0 59 33.
7319 18 0 43 81.
7319 19 0 55 57.
7320 25 0 51 89.
7439 24 0 53 64.
7439 21 0 47 57.
7440 19 0 43 81.
7560 23 0 36 76.
7681 22 0 31 74.
7681 20 0 57 38.
7800 25 0 49 86.
7801 13 0 38 77.
7801 29 0 38 62.
7801 20 0 50 58.
7830 25 0 56 87.
7860 25 0 53 88.
7890 25 0 51 89.
7919 28 0 47 52.
7921 22 0 36 80.
8039 25 0 55 59.
8040 25 0 58 92.
8159 20 0 49 53.
8161 21 0 44 89.
8279 21 0 41 65.
8280 20 0 40 84.
8281 22 0 34 81.
8398 24 0 53 48.
8399 22 0 21 76.
8518 32 0 35 52.
8519 18 0 32 72.
8520 25 0 53 81.
8641 23 0 37 70.
8641 21 0 50 38.
8761 26 0 37 70.
8762 113 0 53 58.
8762 106 0 51 53.
8879 88 0 56 60.
8880 89 0 44 52.
8881 86 0 29 64.
8999 89 0 50 52.
9001 26 0 24 62.
9090 25 0 50 71.
9118 98 0 56 57.
9120 25 0 44 69.
9122 19 0 27 60.
9210 25 0 51 72.
9241 24 0 39 68.
9241 76 0 51 52.
9330 25 0 45 76.
9359 83 0 55 45.
9360 25 0 53 81.
9361 16 0 32 69.
9510 25 0 47 76.
9540 25 0 48 75.
9570 25 0 48 74.
9599 23 0 53 48.
9600 25 0 50 73.
9601 25 0 36 64.
9630 25 0 49 72.
9660 25 0 47 71.
9690 25 0 53 72.
9718 30 0 36 70.
9720 25 0 53 73.
9721 26 0 44 48.
9750 25 0 45 74.
9780 25 0 50 75.
9810 25 0 44 76.
9838 21 0 55 41.
9840 25 0 45 77.
9870 25 0 54 78.
9900 25 0 45 79.
9930 25 0 52 80.
9958 21 0 40 72.
9959 27 0 37 48.
9961 21 0 42 60.
9990 25 0 46 76.
10020 25 0 49 77.
10050 25 0 45 74.
10079 23 0 43 70.
10080 25 0 45 73.
10110 25 0 45 72.
10140 25 0 45 71.
10170 25 0 45 72.
10199 31 0 40 60.
10199 27 0 39 48.
10201 27 0 40 70.
10230 25 0 45 74.
10260 25 0 55 75.
10290 25 0 48 76.
10319 27 0 43 68.
10320 25 0 49 77.
10350 25 0 52 78.
10380 25 0 45 79.
10410 25 0 53 80.
10439 25 0 43 71.
10441 23 0 54 56.
10442 23 0 46 59.
10470 25 0 53 78.
10500 25 0 48 77.
10530 25 0 44 76.
10559 21 0 43 72.
10560 18 0 55 38.
10679 24 0 51 60.
10680 26 0 37 66.
10681 21 0 28 50.
10799 21 0 52 43.
10919 30 0 51 58.
10919 24 0 33 50.
11040 25 0 49 74.
11161 25 0 41 72.
11161 22 0 47 60.
11161 18 0 45 57.
11279 21 0 36 67.
11281 18 0 55 39.
11340 25 0 45 81.
11370 25 0 52 82.
11398 29 0 45 61.
11398 23 0 51 58.
11400 25 0 49 81.
11430 25 0 53 80.
11460 25 0 46 79.
11490 25 0 45 78.
11520 25 0 49 77.
11639 27 0 56 62.
11640 18 0 51 59.
11641 23 0 32 68.
11759 20 0 46 45.
11878 25 0 31 52.
11879 20 0 53 57.
11880 23 0 34 76.
12000 25 0 53 79.
12120 25 0 45 77.
12121 20 0 34 68.
12121 21 0 48 62.
12240 25 0 50 81.
12241 15 0 40 72.
12360 25 0 46 85.
12361 21 0 40 81.
12390 25 0 52 86.
12420 25 0 52 87.
12450 25 0 49 88.
12478 28 0 64 41.
12480 25 0 43 89.
12510 25 0 48 88.
12540 25 0 54 87.
12570 25 0 47 86.
12598 216 0 63 47.
12601 22 0 35 81.
12719 22 0 31 74.
12810 25 0 46 78.
12839 18 0 34 68.
12839 19 0 70 64.
12840 25 0 55 77.
12870 25 0 44 76.
12900 25 0 40 75.
12960 20 0 31 79.
12961 23 0 67 51.
13079 196 0 60 45.
13080 25 0 43 83.
13082 24 0 35 79.
13110 25 0 45 82.
13140 25 0 45 81.
13170 25 0 49 80.
13199 19 0 40 75.
13201 21 0 35 72.
13230 25 0 45 78.
13260 25 0 44 77.
13290 25 0 46 76.
13319 27 0 31 72.
13319 18 0 61 50.
13439 28 0 62 55.
13441 19 0 42 82.
13559 17 0 41 79.
13559 117 0 65 51.
13679 25 0 63 62.
13680 25 0 53 78.
13799 122 0 54 45.
13801 17 0 39 72.
13890 25 0 51 83.
13919 22 0 51 53.
13922 21 0 42 81.
13950 25 0 48 84.
13980 25 0 54 82.
14010 25 0 46 81.
14039 106 0 57 61.
14041 27 0 29 71.
14157 25 0 55 48.
14161 22 0 31 67.
14190 25 0 45 77.
14220 25 0 48 78.
14250 25 0 48 79.
14279 25 0 40 75.
14280 25 0 51 80.
14370 25 0 45 81.
14399 19 0 33 75.
14399 16 0 59 39.
14401 17 0 37 75.
14430 25 0 48 82.
14460 25 0 45 81.
14490 25 0 50 80.
14518 18 0 41 75.
14519 168 0 60 51.
14520 25 0 47 79.
14550 25 0 52 78.
14580 25 0 46 77.
14610 25 0 45 76.
14639 22 0 37 70.
14640 25 0 45 75.
14670 25 0 45 74.
14700 25 0 45 73.
14730 25 0 42 72.
14759 110 0 59 39.
14761 24 0 29 61.
14878 21 0 64 38.
14882 20 0 38 62.
15000 138 0 56 39.
15001 26 0 40 67.
15119 21 0 41 62.
15119 41 0 54 50.
15239 124 0 53 39.
15241 19 0 33 61.
15360 38 0 62 38.
15362 25 0 34 62.
15480 25 0 51 72.
15481 24 0 40 63.
15599 36 0 53 52.
15602 17 0 37 64.
15720 25 0 49 72.

