658 39 0 63 67.
720 27 0 57 67.
721 27 0 68 48.
750 27 0 51 64.
780 27 0 56 68.
810 27 0 49 65.
840 27 0 50 65.
841 58 0 73 56.
870 27 0 42 62.
900 27 0 44 62.
901 64 0 72 55.
930 27 0 51 67.
960 27 0 53 63.
990 27 0 48 69.
1019 20 0 73 53.
1020 27 0 46 62.
1050 27 0 56 71.
1079 17 0 68 36.
1080 27 0 36 64.
1110 27 0 39 64.
1139 301 0 79 48.
1140 27 0 51 65.
1170 27 0 47 65.
1200 27 0 46 65.
1230 27 0 42 62.
1260 27 0 34 59.
1290 27 0 33 59.
1320 27 0 49 60.
1350 27 0 45 69.
1380 27 0 56 68.
1381 63 0 70 53.
1410 27 0 43 71.
1440 27 0 48 64.
1470 27 0 42 64.
1499 64 0 68 50.
1500 27 0 42 65.
1530 27 0 51 65.
1559 104 0 74 49.
1560 27 0 45 67.
1590 27 0 47 67.
1619 44 0 78 61.
1620 27 0 47 76.
1650 27 0 47 70.
1679 37 0 70 50.
1680 27 0 48 69.
1710 27 0 45 69.
1739 45 0 66 52.
1740 27 0 48 67.
1770 27 0 42 67.
1799 30 0 76 61.
1800 27 0 54 69.
1830 27 0 46 67.
1860 27 0 58 69.
1861 56 0 76 62.
1890 27 0 46 65.
1920 27 0 46 63.
1950 27 0 45 63.
1979 68 0 79 55.
1980 27 0 55 67.
2010 27 0 51 64.
2039 58 0 76 43.
2040 27 0 60 66.
2070 27 0 52 72.
2100 27 0 58 65.
2130 27 0 48 62.
2159 314 0 78 48.
2160 27 0 45 67.
2190 27 0 48 64.
2219 125 0 77 56.
2220 27 0 39 65.
2250 27 0 61 74.
2280 27 0 37 62.
2310 27 0 51 71.
2340 27 0 39 59.
2370 27 0 50 67.
2400 27 0 53 63.
2430 27 0 45 60.
2460 27 0 57 68.
2490 27 0 48 71.
2520 27 0 39 64.
2521 17 0 79 36.
2550 27 0 45 64.
2580 27 0 54 68.
2581 254 0 83 48.
2610 27 0 47 65.
2640 27 0 48 62.
2641 55 0 66 56.
2670 27 0 48 62.
2700 27 0 44 59.
2700 64 0 68 55.
2730 27 0 40 59.
2760 27 0 51 63.
2790 27 0 43 60.
2820 27 0 49 62.
2850 27 0 50 71.
2879 68 0 72 52.
2880 27 0 47 67.
2910 27 0 51 64.
2940 27 0 56 70.
2941 61 0 77 48.
2970 27 0 51 67.
2999 63 0 75 47.
3000 27 0 59 71.
3030 27 0 45 67.
3060 27 0 51 73.
3061 60 0 78 46.
3090 27 0 44 67.
3119 56 0 78 47.
3120 27 0 49 76.
3150 27 0 51 71.
3180 27 0 56 71.
3210 27 0 47 69.
3240 27 0 45 67.
3270 27 0 47 67.
3300 27 0 45 71.
3330 27 0 52 79.
3360 27 0 45 76.
3390 27 0 56 83.
3420 27 0 51 83.
3421 63 0 71 64.
3450 27 0 55 88.
3480 27 0 40 77.
3510 27 0 46 77.
3540 27 0 54 79.
3570 27 0 51 83.
3600 27 0 43 76.
3630 27 0 55 84.
3660 27 0 51 80.
3690 27 0 47 77.
3720 27 0 45 74.
3750 27 0 54 83.
3780 27 0 54 74.
3810 27 0 47 71.
3840 27 0 40 72.
3870 27 0 46 81.
3900 27 0 48 74.
3930 27 0 49 74.
3959 17 0 73 48.
3960 27 0 52 79.
3990 27 0 42 76.
4020 27 0 51 80.
4020 269 0 77 60.
4050 27 0 60 86.
4080 27 0 39 74.
4081 58 0 68 68.
4110 27 0 39 83.
4140 27 0 56 74.
4141 62 0 72 67.
4170 27 0 51 79.
4200 27 0 52 75.
4230 27 0 60 81.
4259 66 0 72 65.
4260 27 0 44 74.
4290 27 0 47 83.
4319 70 0 74 64.
4320 27 0 55 79.
4350 27 0 45 84.
4379 64 0 73 62.
4380 27 0 50 77.
4410 27 0 54 86.
4439 88 0 75 61.
4440 27 0 42 79.
4470 27 0 48 79.
4499 51 0 57 70.
4499 49 0 57 67.
4500 27 0 44 82.
4530 27 0 50 82.
4559 50 0 55 69.
4560 27 0 48 81.
4560 48 0 55 65.
4590 27 0 45 81.
4620 27 0 54 81.
4620 48 0 70 73.
4621 42 0 55 64.
4650 27 0 48 79.
4680 27 0 45 79.
4681 39 0 74 73.
4681 24 0 57 64.
4710 27 0 51 88.
4740 27 0 51 81.
4741 38 0 63 69.
4741 35 0 63 65.
4770 27 0 42 86.
4800 27 0 56 81.
4801 65 0 59 69.
4830 27 0 45 75.
4860 27 0 40 76.
4861 69 0 70 67.
4890 27 0 45 76.
4920 27 0 50 78.
4921 57 0 65 55.
4950 27 0 51 84.
4979 15 0 68 67.
4980 27 0 51 77.
5010 27 0 54 83.
5028 17 0 65 48.
5040 27 0 44 76.
5040 330 0 69 60.
5070 27 0 44 76.
5100 27 0 48 80.
5100 118 0 70 68.
5130 27 0 60 86.
5160 27 0 51 77.
5190 27 0 47 74.
5220 27 0 55 74.
5250 27 0 54 79.
5279 55 0 58 66.
5280 27 0 56 75.
5310 27 0 45 72.
5340 27 0 56 80.
5370 27 0 46 83.
5400 27 0 45 79.
5401 28 0 62 48.
5430 27 0 47 76.
5460 27 0 54 80.
5460 267 0 62 60.
5490 27 0 62 86.
5520 27 0 50 77.
5521 60 0 68 68.
5550 27 0 48 83.
5580 27 0 34 71.
5610 27 0 41 79.
5640 27 0 41 72.
5670 27 0 37 72.
5699 67 0 65 65.
5700 27 0 56 80.
5730 27 0 50 83.
5759 73 0 62 64.
5760 27 0 50 79.
5790 27 0 40 76.
5819 61 0 66 60.
5820 27 0 39 79.
5850 27 0 49 79.
5879 64 0 67 59.
5880 27 0 43 79.
5910 27 0 45 79.
5939 58 0 70 58.
5940 27 0 48 79.
5970 27 0 47 88.
6000 27 0 60 88.
6030 27 0 47 83.
6060 27 0 45 81.
6061 56 0 69 47.
6090 27 0 51 81.
6119 20 0 67 40.
6120 27 0 54 83.
6150 27 0 49 79.
6179 63 0 65 55.
6180 27 0 58 83.
6210 27 0 50 88.
6240 27 0 47 79.
6270 27 0 46 79.
6300 27 0 45 79.
6301 116 0 62 67.
6330 27 0 38 88.
6360 27 0 55 83.
6390 27 0 37 88.
6419 40 0 56 62.
6420 27 0 44 79.
6450 27 0 42 88.
6480 27 0 47 79.
6481 12 0 68 45.
6510 27 0 42 79.
6540 27 0 45 79.
6541 27 0 69 61.
6569 32 0 68 52.
6570 27 0 50 88.
6600 27 0 43 79.
6630 27 0 45 79.
6660 27 0 41 79.
6661 7 0 74 33.
6690 27 0 45 79.
6719 28 0 68 61.
6720 27 0 45 79.
6749 33 0 71 52.
6750 27 0 45 89.
6780 27 0 58 81.
6810 27 0 45 79.
6840 27 0 41 79.
6840 8 0 72 38.
6870 27 0 45 79.
6900 27 0 51 81.
6901 29 0 68 69.
6930 27 0 42 76.
6960 27 0 42 77.
6990 27 0 44 77.
7019 131 0 71 65.
7020 27 0 36 77.
7050 27 0 46 77.
7080 27 0 44 77.
7110 27 0 45 77.
7139 24 0 68 60.
7140 27 0 46 77.
7170 27 0 42 77.
7200 27 0 54 79.
7200 11 0 68 43.
7230 27 0 49 86.
7260 27 0 51 79.
7289 33 0 67 50.
7290 27 0 48 86.
7319 12 0 70 43.
7320 27 0 43 77.
7350 27 0 41 77.
7379 9 0 70 31.
7380 27 0 41 77.
7410 27 0 40 77.
7440 27 0 51 79.
7441 30 0 69 59.
7470 27 0 48 77.
7471 34 0 71 50.
7500 27 0 37 77.
7530 27 0 47 77.
7559 13 0 69 36.
7560 27 0 42 77.
7590 27 0 43 77.
7619 28 0 69 67.
7620 27 0 45 74.
7649 30 0 73 55.
7650 27 0 45 74.
7679 16 0 70 48.
7680 27 0 44 76.
7710 27 0 43 76.
7739 126 0 73 64.
7740 27 0 51 79.
7770 27 0 42 84.
7800 27 0 53 79.
7830 27 0 48 84.
7860 27 0 49 79.
7890 27 0 41 74.
7920 27 0 51 72.
7950 27 0 50 81.
7980 27 0 45 72.
8010 27 0 49 81.
8040 27 0 50 74.
8070 27 0 46 72.
8099 8 0 71 38.
8100 27 0 46 74.
8130 27 0 45 72.
8160 27 0 51 74.
8161 24 0 72 66.
8189 29 0 73 57.
8190 27 0 55 83.
8219 12 0 71 50.
8220 27 0 50 74.
8250 27 0 50 72.
8279 99 0 76 43.
8280 27 0 54 74.
8310 27 0 56 75.
8340 27 0 58 74.
8370 27 0 45 71.
8400 27 0 55 74.
8429 31 0 73 57.
8430 27 0 48 77.
8459 95 0 75 59.
8460 27 0 56 74.
8490 27 0 49 71.
8520 27 0 48 71.
8550 27 0 46 71.
8551 26 0 73 57.
8580 27 0 29 71.
8610 27 0 48 71.
8610 16 0 74 50.
8640 27 0 40 74.
8670 27 0 48 81.
8700 27 0 44 72.
8730 27 0 45 72.
8760 27 0 45 72.
8790 27 0 46 72.
8820 27 0 48 74.
8820 9 0 77 38.
8850 27 0 42 72.
8880 27 0 47 74.
8881 20 0 69 66.
8909 31 0 71 57.
8910 27 0 37 72.
8940 27 0 43 72.
8970 27 0 47 72.
8999 26 0 65 55.
8999 33 0 80 67.
9000 27 0 46 74.
9030 27 0 49 79.
9041 18 0 76 53.
9053 44 0 69 63.
9060 27 0 45 72.
9090 27 0 66 80.
9120 27 0 37 68.
9150 27 0 48 77.
9180 27 0 38 65.
9210 27 0 39 74.
9239 81 0 72 41.
9240 27 0 36 65.
9270 27 0 41 65.
9300 27 0 37 63.
9301 52 0 84 54.
9330 27 0 45 63.
9359 26 0 62 43.
9360 27 0 37 62.
9390 27 0 48 71.
9395 17 0 67 41.
9410 25 0 70 51.
9420 27 0 50 63.
9422 13 0 82 56.
9450 27 0 39 60.
9480 27 0 42 60.
9510 27 0 48 65.
9540 27 0 38 53.
9570 27 0 51 62.
9599 49 0 85 41.
9600 27 0 59 56.
9630 27 0 57 53.
9660 27 0 58 51.
9661 61 0 85 42.
9690 27 0 62 51.
9720 27 0 67 55.
9721 1064 0 90 31.
9750 27 0 72 50.
9780 27 0 66 53.
9810 27 0 68 53.
9840 27 0 62 55.
9870 27 0 62 52.
9900 27 0 65 59.
9930 27 0 62 64.
9960 27 0 62 57.
9990 27 0 65 53.
10020 27 0 68 60.
10050 27 0 64 57.
10080 27 0 62 59.
10110 27 0 62 55.
10140 27 0 63 62.
10170 27 0 62 59.
10200 27 0 60 60.
10230 27 0 62 65.
10260 27 0 59 64.
10290 27 0 58 60.
10320 27 0 59 62.
10350 27 0 61 67.
10380 27 0 60 65.
10410 27 0 58 71.
10440 27 0 58 64.
10470 27 0 49 60.
10500 27 0 58 65.
10530 27 0 60 71.
10560 27 0 52 67.
10590 27 0 54 72.
10620 27 0 55 69.
10650 27 0 54 74.
10680 27 0 56 71.
10710 27 0 39 67.
10740 27 0 58 72.
10770 27 0 52 69.
10800 27 0 49 74.
10830 27 0 51 71.
10860 27 0 55 74.
10861 184 0 74 66.
10890 27 0 49 72.
10920 27 0 52 74.
10950 27 0 43 72.
10980 27 0 51 74.
11010 27 0 49 72.
11040 27 0 54 74.
11041 73 0 71 64.
11070 27 0 58 72.
11100 27 0 51 72.
11101 64 0 74 66.
11130 27 0 48 72.
11160 27 0 46 71.
11161 240 0 73 67.
11190 27 0 50 71.
11220 27 0 55 74.
11250 27 0 46 71.
11280 27 0 51 74.
11310 27 0 46 71.
11340 27 0 56 74.
11370 27 0 48 70.
11399 68 0 72 62.
11400 27 0 60 74.
11430 27 0 47 70.
11459 67 0 71 64.
11460 27 0 46 70.
11490 27 0 58 70.
11520 27 0 43 69.
11521 248 0 73 65.
11550 27 0 52 69.
11580 27 0 44 72.
11610 27 0 48 69.
11640 27 0 50 69.
11670 27 0 45 69.
11700 27 0 55 72.
11730 27 0 44 69.
11759 74 0 68 60.
11760 27 0 47 69.
11790 27 0 46 69.
11820 27 0 51 71.
11821 64 0 70 62.
11850 27 0 45 69.
11880 27 0 47 68.
11881 64 0 71 64.
11910 27 0 54 68.
11940 27 0 43 67.
11941 69 0 72 59.
11970 27 0 42 67.
12000 27 0 40 67.
12001 66 0 73 61.
12030 27 0 46 67.
12060 27 0 45 69.
12061 61 0 71 62.
12090 27 0 52 74.
12119 74 0 71 57.
12120 27 0 52 69.
12150 27 0 45 65.
12180 27 0 51 67.
12180 61 0 71 59.
12210 27 0 45 65.
12240 27 0 38 64.
12270 27 0 40 64.
12300 27 0 53 68.
12301 65 0 73 56.
12330 27 0 46 72.
12360 27 0 57 69.
12360 64 0 73 54.
12390 27 0 51 63.
12420 27 0 48 64.
12421 62 0 70 55.
12450 27 0 49 64.
12480 27 0 51 66.
12480 70 0 73 43.
12510 27 0 49 63.
12540 27 0 43 62.
12541 16 0 73 55.
12570 27 0 43 71.
12600 27 0 41 64.
12600 300 0 73 48.
12630 27 0 41 64.
12660 27 0 46 65.
12662 123 0 69 56.
12690 27 0 48 65.
12720 27 0 36 62.
12750 27 0 42 62.
12780 27 0 39 59.
12781 68 0 74 55.
12810 27 0 42 59.
12840 27 0 40 60.
12841 63 0 70 54.
12870 27 0 48 60.
12899 44 0 69 53.
12900 27 0 50 62.
12930 27 0 52 71.
12960 27 0 42 64.
12961 30 0 79 36.
12990 27 0 44 64.
13020 27 0 51 68.
13021 304 0 80 48.
13050 27 0 47 65.
13080 27 0 37 62.
13082 59 0 71 56.
13110 27 0 48 71.
13140 27 0 43 59.
13170 27 0 45 59.
13200 27 0 45 60.
13201 54 0 71 54.
13230 27 0 51 60.
13260 27 0 47 62.
13290 27 0 39 62.
13319 66 0 73 52.
13320 27 0 47 67.
13350 27 0 51 72.
13380 27 0 42 65.
13410 27 0 43 74.
13440 27 0 56 70.
13470 27 0 55 76.
13500 27 0 45 76.
13501 49 0 77 61.
13530 27 0 45 70.
13560 27 0 51 74.
13561 37 0 68 50.
13590 27 0 45 69.
13620 27 0 42 67.
13620 44 0 78 61.
13650 27 0 46 67.
13680 27 0 43 67.
13681 45 0 65 52.
13710 27 0 50 76.
13740 27 0 39 65.
13741 47 0 76 62.
13770 27 0 47 65.
13800 27 0 47 63.
13801 45 0 77 54.
13830 27 0 46 72.
13860 27 0 39 64.
13860 47 0 78 55.
13890 27 0 46 64.
13920 27 0 53 66.
13950 27 0 49 72.
13980 27 0 47 62.
14010 27 0 51 71.
14040 27 0 41 64.
14041 17 0 79 36.
14070 27 0 41 64.
14099 264 0 79 48.
14100 27 0 43 65.
14130 27 0 50 65.
14160 27 0 38 62.
14161 63 0 70 56.
14190 27 0 47 71.
14220 27 0 41 62.
14250 27 0 40 59.
14279 64 0 75 54.
14280 27 0 40 60.
14310 27 0 45 60.
14339 35 0 75 53.
14340 27 0 45 68.
14370 27 0 40 62.
14400 27 0 51 67.
14401 15 0 79 36.
14430 27 0 53 72.
14459 294 0 83 48.
14460 27 0 39 65.
14490 27 0 45 65.
14520 27 0 47 62.
14520 62 0 75 56.
14550 27 0 43 71.
14580 27 0 42 62.
14610 27 0 48 67.
14640 27 0 46 60.
14670 27 0 51 69.
14699 54 0 75 53.
14700 27 0 57 68.
14730 27 0 40 71.
14760 27 0 35 64.

