690 29 0 73 63.
720 19 0 61 44.
750 29 0 78 80.
780 29 0 62 56.
810 29 0 69 82.
840 27 0 69 71.
870 29 0 85 83.
870 19 0 59 56.
900 19 0 59 44.
930 29 0 65 75.
960 29 0 62 56.
990 29 0 74 85.
1020 27 0 62 74.
1050 29 0 82 86.
1050 19 0 57 56.
1080 27 0 67 75.
1110 29 0 73 87.
1140 29 0 56 55.
1170 29 0 80 89.
1200 27 0 69 75.
1230 29 0 71 87.
1260 27 0 61 72.
1290 29 0 70 84.
1320 29 0 59 56.
1350 29 0 65 82.
1380 27 0 74 72.
1410 29 0 80 84.
1410 19 0 63 56.
1440 27 0 68 70.
1470 29 0 72 74.
1500 29 0 64 55.
1530 29 0 75 75.
1560 27 0 64 67.
1590 29 0 70 70.
1590 19 0 65 55.
1620 27 0 74 68.
1650 29 0 77 80.
1680 29 0 67 56.
1710 29 0 69 79.
1740 27 0 68 68.
1770 29 0 71 80.
1770 19 0 60 56.
1800 27 0 62 65.
1830 29 0 66 77.
1860 29 0 61 58.
1890 29 0 63 70.
1920 27 0 65 65.
1950 29 0 65 77.
1980 27 0 55 64.
2010 29 0 62 67.
2010 29 0 59 61.
2040 27 0 62 63.
2070 29 0 75 75.
2070 29 0 70 51.
2100 29 0 58 61.
2130 29 0 61 70.
2160 27 0 68 68.
2190 29 0 79 80.
2190 29 0 64 60.
2220 27 0 75 70.
2250 29 0 67 73.
2250 109 0 71 51.
2280 29 0 70 63.
2310 29 0 70 74.
2310 19 0 69 56.
2340 27 0 71 72.
2370 29 0 81 84.
2400 29 0 71 56.
2430 29 0 69 76.
2460 27 0 70 74.
2490 29 0 81 86.
2490 19 0 67 56.
2520 27 0 72 75.
2550 29 0 57 79.
2580 29 0 68 55.
2610 29 0 68 80.
2640 27 0 72 75.
2670 29 0 66 79.
2670 19 0 67 55.
2700 19 0 69 44.
2730 29 0 66 75.
2760 29 0 69 56.
2790 29 0 84 82.
2820 27 0 76 72.
2850 29 0 81 84.
2850 19 0 64 56.
2880 13 0 63 46.
2910 29 0 83 82.
2910 29 0 58 62.
2940 27 0 75 72.
2970 29 0 84 84.
2970 50 0 55 56.
3000 29 0 65 62.
3030 29 0 81 86.
3030 29 0 70 58.
3060 12 0 59 51.
3090 29 0 80 87.
3090 29 0 59 67.
3120 27 0 75 77.
3150 29 0 72 80.
3150 29 0 84 89.
3180 29 0 64 69.
3210 29 0 70 81.
3240 29 0 68 58.
3270 29 0 68 82.
3270 29 0 57 70.
3300 27 0 70 80.
3330 29 0 82 92.
3330 29 0 60 58.
3360 29 0 57 68.
3390 29 0 82 86.
3420 19 0 56 51.
3450 29 0 66 80.
3480 29 0 58 63.
3510 29 0 82 88.
3540 27 0 68 75.
3570 29 0 81 87.
3570 29 0 59 63.
3600 27 0 67 75.
3630 27 0 70 80.
3630 29 0 58 60.
3660 29 0 57 56.
3690 24 0 59 73.
3720 29 0 58 63.
3750 24 0 64 83.
3780 19 0 59 44.
3810 24 0 61 84.
3840 29 0 61 56.
3870 24 0 61 76.
3900 29 0 60 63.
3930 24 0 58 86.
3960 19 0 73 44.
3990 24 0 68 87.
4020 29 0 64 55.
4050 24 0 73 80.
4080 29 0 60 63.
4110 24 0 68 87.
4140 19 0 70 44.
4170 24 0 63 84.
4200 29 0 61 56.
4230 24 0 66 82.
4260 29 0 63 63.
4290 24 0 71 75.
4321 38 0 87 70.
4350 24 0 70 73.
4350 29 0 58 61.
4382 36 0 86 72.
4410 24 0 69 84.
4410 29 0 69 51.
4442 48 0 78 67.
4470 24 0 67 79.
4470 19 0 55 55.
4500 19 0 70 44.
4530 24 0 66 72.
4560 29 0 63 56.
4590 24 0 53 79.
4621 37 0 83 68.
4650 24 0 74 80.
4650 19 0 58 56.
4680 19 0 59 46.
4710 24 0 66 68.
4740 29 0 61 58.
4770 24 0 64 70.
4801 34 0 80 65.
4830 24 0 63 68.
4830 14 0 59 58.
4861 48 0 82 64.
4890 24 0 66 67.
4890 29 0 53 61.
4922 40 0 82 63.
4950 24 0 56 67.
4950 29 0 57 51.
4982 32 0 84 67.
5010 24 0 66 70.
5010 29 0 44 58.
5040 11 0 61 44.
5070 11 0 65 72.
5070 11 0 62 60.
5100 11 0 84 70.
5130 11 0 64 73.
5130 11 0 67 51.
5160 11 0 74 71.
5190 11 0 72 74.
5190 11 0 65 56.
5220 11 0 74 72.
5250 11 0 69 75.
5250 11 0 68 60.
5280 11 0 75 73.
5310 11 0 73 85.
5310 11 0 71 51.
5340 11 0 78 74.
5370 11 0 67 77.
5370 11 0 71 56.
5400 11 0 77 75.
5430 11 0 76 87.
5430 11 0 72 61.
5460 11 0 80 77.
5490 11 0 64 89.
5490 11 0 76 51.
5520 11 0 79 75.
5550 11 0 63 79.
5550 11 0 72 55.
5580 11 0 76 72.
5610 11 0 68 75.
5610 11 0 73 60.
5640 11 0 75 70.
5670 11 0 59 73.
5670 11 0 69 54.
5700 11 0 78 72.
5730 11 0 66 84.
5730 11 0 65 56.
5760 11 0 73 73.
5790 11 0 69 77.
5790 11 0 64 65.
5820 11 0 75 75.
5850 11 0 68 79.
5850 11 0 71 56.
5880 11 0 80 77.
5910 11 0 76 89.
5910 11 0 65 61.
5940 11 0 76 79.
5970 11 0 76 91.
5970 11 0 68 64.
6000 11 0 83 80.
6030 11 0 75 92.
6030 11 0 70 56.
6060 11 0 84 81.
6090 11 0 78 93.
6090 11 0 70 61.
6120 11 0 82 82.
6150 11 0 85 94.
6150 11 0 74 67.
6180 11 0 98 84.
6210 11 0 92 96.
6210 11 0 71 61.
6240 11 0 93 79.
6270 11 0 85 82.
6270 11 0 75 63.
6300 28 0 88 80.
6330 28 0 83 92.
6330 29 0 73 60.
6360 28 0 100 80.
6390 28 0 101 72.
6390 29 0 79 51.
6420 28 0 97 68.
6450 28 0 80 80.
6450 29 0 79 56.
6480 28 0 96 68.
6510 28 0 80 71.
6540 29 0 84 52.
6570 28 0 68 73.
6600 29 0 80 59.
6630 28 0 80 80.
6630 19 0 84 52.
6660 28 0 89 66.
6690 28 0 77 78.
6690 29 0 82 58.
6720 28 0 88 61.
6750 28 0 83 73.
6750 29 0 81 49.
6780 29 0 82 58.
6810 28 0 64 66.
6840 10 0 86 40.
6870 28 0 82 76.
6900 29 0 81 51.
6930 28 0 102 80.
6960 29 0 84 57.
6990 28 0 88 78.
7020 11 0 85 40.
7050 28 0 81 76.
7080 29 0 83 52.
7110 28 0 89 71.
7140 29 0 84 59.
7170 28 0 82 73.
7200 10 0 85 40.
7230 28 0 76 76.
7260 29 0 79 54.
7290 28 0 83 66.
7320 29 0 77 59.
7350 28 0 84 68.
7380 19 0 83 40.
7410 28 0 77 71.
7440 29 0 81 51.
7470 28 0 72 69.
7500 29 0 81 59.
7530 28 0 82 80.
7530 19 0 80 51.
7560 28 0 101 71.
7590 28 0 77 83.
7590 29 0 76 57.
7620 28 0 97 69.
7650 28 0 82 73.
7650 29 0 77 47.
7680 28 0 101 71.
7710 28 0 79 75.
7740 19 0 73 40.
7770 28 0 92 87.
7800 29 0 76 51.
7830 28 0 80 76.
7860 29 0 79 59.
7890 28 0 81 75.
7890 29 0 79 54.
7920 19 0 53 40.
7950 24 0 62 71.
7980 29 0 64 52.
8010 24 0 63 72.
8040 29 0 57 59.
8070 24 0 64 80.
8099 35 0 89 66.
8130 24 0 65 78.
8159 43 0 85 60.
8190 24 0 64 64.
8219 46 0 80 64.
8250 24 0 66 76.
8280 39 0 83 66.
8310 24 0 71 69.
8339 44 0 88 68.
8370 24 0 68 71.
8399 40 0 84 66.
8430 24 0 68 69.
8460 19 0 61 40.
8490 24 0 64 68.
8490 29 0 58 56.
8520 29 0 61 52.
8550 24 0 66 68.
8550 29 0 58 47.
8581 46 0 86 62.
8610 24 0 62 68.
8641 44 0 92 63.
8670 24 0 73 67.
8670 29 0 66 61.
8701 44 0 93 65.
8730 24 0 73 68.
8730 29 0 68 51.
8761 45 0 91 66.
8790 24 0 71 69.
8790 14 0 69 55.
8820 14 0 70 39.
8850 24 0 71 70.
8880 29 0 69 55.
8910 24 0 73 81.
8940 29 0 72 63.
8970 24 0 74 82.
9001 42 0 93 72.
9030 24 0 74 84.
9030 29 0 74 60.
9061 41 0 95 73.
9090 24 0 78 76.
9090 29 0 74 54.
9121 42 0 97 74.
9150 24 0 81 77.
9180 19 0 75 44.
9210 24 0 77 78.
9240 29 0 76 56.
9270 24 0 79 80.
9301 44 0 95 78.
9330 24 0 80 82.
9360 14 0 78 37.
9390 24 0 77 82.
9420 29 0 79 61.
9450 24 0 70 80.
9480 29 0 77 65.
9510 24 0 63 75.
9540 14 0 75 43.
9570 24 0 73 78.
9600 29 0 72 58.
9630 24 0 69 76.
9660 29 0 69 61.
9690 24 0 68 73.
9720 19 0 60 44.
9750 24 0 53 73.
9780 29 0 63 56.
9810 24 0 54 73.
9840 29 0 58 61.
9870 24 0 74 80.
9900 19 0 67 44.
9930 24 0 73 79.
9960 29 0 63 56.
9990 24 0 66 72.
10020 29 0 66 60.
10050 24 0 61 66.
10080 14 0 72 37.
10110 19 0 63 65.
10140 29 0 54 61.
10170 19 0 61 65.
10170 29 0 73 44.
10200 29 0 67 61.
10230 19 0 57 65.
10230 19 0 57 49.
10260 29 0 68 61.
10290 29 0 61 65.
10290 29 0 60 56.
10320 29 0 64 61.
10350 29 0 76 65.
10350 29 0 72 44.
10380 29 0 66 61.
10410 19 0 63 65.
10410 19 0 57 49.
10440 29 0 63 61.
10470 19 0 66 64.
10470 29 0 59 56.
10500 29 0 64 61.
10530 19 0 63 73.
10530 29 0 70 44.
10560 29 0 65 61.
10590 19 0 68 73.
10590 19 0 67 49.
10620 29 0 68 61.
10650 29 0 67 64.
10650 29 0 59 56.
10680 29 0 78 61.
10710 19 0 62 64.
10710 29 0 67 44.
10740 29 0 60 56.
10770 29 0 70 85.
10770 29 0 66 49.
10800 29 0 63 73.
10830 27 0 53 76.
10830 29 0 57 64.
10860 29 0 70 74.
10890 27 0 68 86.
10890 29 0 57 52.
10920 29 0 65 73.
10950 27 0 58 76.
10950 18 0 48 57.
10980 18 0 54 45.
11010 27 0 63 75.
11040 29 0 50 57.
11070 27 0 62 69.
11100 29 0 57 63.
11130 27 0 62 71.
11160 29 0 59 69.
11190 27 0 45 73.
11190 29 0 55 62.
11220 29 0 63 73.
11250 27 0 65 85.
11250 29 0 58 52.
11280 29 0 72 71.
11310 27 0 64 83.
11310 18 0 51 56.
11340 29 0 66 69.
11370 27 0 69 81.
11370 29 0 57 61.
11400 29 0 65 64.
11430 27 0 64 76.
11430 29 0 56 52.
11460 29 0 65 66.
11490 27 0 60 69.
11490 18 0 46 57.
11520 18 0 54 45.
11550 27 0 48 73.
11580 29 0 63 59.
11610 27 0 59 71.
11640 29 0 57 64.
11670 27 0 50 73.
11700 18 0 53 45.
11730 27 0 61 85.
11730 29 0 60 62.
11760 29 0 69 71.
11790 27 0 70 83.
11790 29 0 62 52.
11820 29 0 65 73.
11850 27 0 65 76.
11850 18 0 58 56.
11880 29 0 68 76.
11910 27 0 54 80.
11910 29 0 50 62.
11940 29 0 70 74.
11970 27 0 74 86.
11970 29 0 55 52.
12000 29 0 63 76.
12030 27 0 65 88.
12030 18 0 51 59.
12060 29 0 69 80.
12090 27 0 63 92.
12090 29 0 55 62.
12120 29 0 70 78.
12150 27 0 61 81.
12150 29 0 61 52.
12180 29 0 62 76.
12210 27 0 66 88.
12210 18 0 54 59.
12240 18 0 57 45.
12270 27 0 68 76.
12300 29 0 67 59.
12330 27 0 66 77.
12359 45 0 75 73.
12390 27 0 65 76.
12419 40 0 78 71.
12450 27 0 64 83.
12510 27 0 65 77.
12539 40 0 75 69.
12570 27 0 66 73.
12600 18 0 60 45.
12630 27 0 61 74.
12659 41 0 80 73.
12690 27 0 65 85.
12719 44 0 84 71.
12750 27 0 63 83.
12779 45 0 80 69.
12810 27 0 66 81.
12839 41 0 84 68.
12870 27 0 68 80.
12900 36 0 79 67.
12930 27 0 70 79.
12960 18 0 59 44.
12990 27 0 61 72.
13020 29 0 67 56.
13050 27 0 78 82.
13080 29 0 72 63.
13110 27 0 71 83.
13140 18 0 60 44.
13170 27 0 77 84.
13200 29 0 74 56.
13230 27 0 66 77.
13260 29 0 65 63.
13290 27 0 80 87.
13320 18 0 71 49.
13350 27 0 77 80.
13380 29 0 73 61.
13410 27 0 71 81.
13440 29 0 73 68.
13470 27 0 76 91.
13500 18 0 82 49.
13530 27 0 80 92.
13560 29 0 75 61.
13590 27 0 64 85.
13620 29 0 80 68.
13650 27 0 75 87.
13680 29 0 76 54.
13710 27 0 71 87.
13740 29 0 72 61.
13770 27 0 68 85.
13800 29 0 74 70.
13830 27 0 60 80.
13830 19 0 74 61.
13860 19 0 74 47.
13890 27 0 57 83.
13920 29 0 73 59.
13950 27 0 59 83.
13980 29 0 72 66.
14010 27 0 70 87.
14010 29 0 71 59.
14041 40 0 83 75.
14070 27 0 69 87.
14070 29 0 70 61.
14101 41 0 84 74.
14130 27 0 64 86.
14130 29 0 69 54.
14161 40 0 79 73.
14190 27 0 60 85.
14190 29 0 67 58.
14220 19 0 68 49.
14250 27 0 60 77.
14280 29 0 65 59.
14310 27 0 61 77.
14340 29 0 64 68.
14370 27 0 62 77.
14401 50 0 75 70.
14430 27 0 67 82.
14430 29 0 60 65.
14462 42 0 77 72.
14490 27 0 66 84.
14490 29 0 64 56.
14521 42 0 77 73.
14550 27 0 65 85.
14581 41 0 78 74.
14610 27 0 64 77.
14610 29 0 58 62.
14641 41 0 77 75.
14670 27 0 65 79.
14670 29 0 67 56.
14701 39 0 77 77.
14730 27 0 68 89.
14761 38 0 85 80.
14790 27 0 64 84.
14790 29 0 60 63.
14820 29 0 64 58.
14850 27 0 65 82.
14850 29 0 69 55.
14881 46 0 82 74.
14910 27 0 63 77.
14940 19 0 68 45.
14970 27 0 68 81.
15000 29 0 61 60.
15030 27 0 73 78.
15060 29 0 60 66.
15090 27 0 72 75.
15120 29 0 97 72.
15150 29 0 72 84.
15150 29 0 63 63.
15180 29 0 85 71.
15210 29 0 71 75.
15210 29 0 71 55.
15240 29 0 86 70.
15270 27 0 71 75.
15270 19 0 71 58.
15300 19 0 70 46.
15330 29 0 71 76.
15360 29 0 66 60.
15390 29 0 74 76.
15420 29 0 69 67.
15450 27 0 77 76.
15480 29 0 102 72.
15510 29 0 73 77.
15510 29 0 66 65.
15540 29 0 91 71.
15570 29 0 69 77.
15570 29 0 70 56.
15600 29 0 91 70.
15630 27 0 75 82.
15630 19 0 73 62.
15660 29 0 103 70.
15690 29 0 78 82.
15690 29 0 74 62.
15720 29 0 106 79.
15750 29 0 78 91.
15750 29 0 75 56.
15780 29 0 110 77.
15810 29 0 79 89.
15810 29 0 75 58.
15840 29 0 103 75.
15845 24 0 82 63.
15870 29 0 67 87.
15900 29 0 84 76.
15930 29 0 71 88.
15934 108 0 82 51.
15935 106 0 90 56.
15960 29 0 80 88.
15990 29 0 73 100.
16020 29 0 70 88.
16050 29 0 70 80.
16080 29 0 78 76.
16110 29 0 74 76.
16140 29 0 71 64.
16170 29 0 65 68.
16197 21 0 83 51.
16198 17 0 92 55.
16230 29 0 59 75.
16260 29 0 76 64.
16289 45 0 89 56.
16290 29 0 73 76.
16320 29 0 80 76.
16350 29 0 73 88.
16380 29 0 68 88.
16410 29 0 73 92.
16440 29 0 66 88.
16469 43 0 85 56.
16470 29 0 64 80.
16470 39 0 68 51.
16500 29 0 80 76.
16530 29 0 72 76.
16557 16 0 91 58.
16560 29 0 91 63.
16590 29 0 80 67.
16650 29 0 80 79.
16680 29 0 80 75.
16696 12 0 75 51.
16710 29 0 73 67.
16740 29 0 96 66.
16742 9 0 89 60.
16770 29 0 70 78.
16781 10 0 99 39.
16800 29 0 74 78.
16830 29 0 87 81.
16860 29 0 72 78.
16877 19 0 95 60.
16890 29 0 76 78.
16918 13 0 76 51.
16920 29 0 98 65.
16950 29 0 75 68.
16958 7 0 100 39.
16980 29 0 78 77.
17010 29 0 75 80.
17040 29 0 76 77.
17055 15 0 71 51.
17070 29 0 73 77.
17097 14 0 87 51.
17100 29 0 95 68.
17130 29 0 80 80.
17141 3 0 100 39.
17160 29 0 85 80.
17190 29 0 75 92.
17220 29 0 79 80.
17237 13 0 83 51.
17250 29 0 70 80.
17275 13 0 81 51.
17280 29 0 93 67.
17310 29 0 75 70.
17319 7 0 96 39.
17340 29 0 76 79.
17370 29 0 79 91.
17400 29 0 77 79.
17418 14 0 93 61.
17430 29 0 69 79.
17453 14 0 83 51.
17460 29 0 75 70.
17490 29 0 73 82.
17501 5 0 98 39.
17520 29 0 81 82.
17550 29 0 78 86.
17580 29 0 71 82.
17597 15 0 79 51.
17610 29 0 75 82.
17636 12 0 90 51.
17640 29 0 92 69.
17670 29 0 67 72.
17683 8 0 100 39.
17700 29 0 76 81.
17730 29 0 81 93.
17760 29 0 80 81.
17776 10 0 95 63.
17790 29 0 69 81.
17813 9 0 97 66.
17820 29 0 95 72.
17850 29 0 65 84.
17858 8 0 102 39.
17880 29 0 76 84.
17910 29 0 73 96.
17940 29 0 76 84.
17952 8 0 70 51.
17970 29 0 62 75.
17982 15 0 82 51.
17994 19 0 83 61.
18000 29 0 84 73.
18030 29 0 74 75.
18060 29 0 75 85.
18087 149 0 87 70.
18090 29 0 90 97.
18150 29 0 75 87.
18210 29 0 75 87.
18240 29 0 70 85.
18270 29 0 90 97.
18270 75 0 70 78.
18271 96 0 75 69.
18330 29 0 66 87.
18360 29 0 65 85.
18365 29 0 75 79.
18390 29 0 64 97.
18420 29 0 61 85.
18450 29 0 68 87.
18451 60 0 72 78.
18453 86 0 75 69.
18510 29 0 66 97.
18538 29 0 82 70.
18539 32 0 73 79.

