2160 120 0 48 64.
2160 120 0 55 76.
2640 120 0 48 69.
2640 120 0 55 81.
3120 120 0 48 69.
3120 120 0 55 81.
3600 120 0 48 68.
3600 120 0 55 80.
4080 120 0 48 69.
4560 120 0 48 72.
4560 120 0 55 84.
5040 120 0 56 84.
5040 120 0 49 72.
5520 120 0 51 71.
5520 120 0 58 83.
6000 120 0 61 81.
6000 120 0 53 69.
6480 120 0 62 88.
6480 120 0 55 76.
6960 120 0 57 74.
6960 120 0 64 86.
7440 120 0 66 88.
7440 120 0 58 76.
7920 120 0 66 84.
7920 120 0 58 72.
8400 120 0 63 80.
8400 120 0 56 68.
8880 120 0 58 81.
8880 120 0 51 69.
9360 120 0 55 84.
9360 120 0 48 72.
9840 120 0 48 71.
9840 120 0 55 83.
10320 120 0 48 69.
10320 120 0 55 81.
10800 120 0 48 64.
10800 120 0 55 76.
11280 120 0 48 69.
11280 120 0 55 81.
11760 120 0 48 76.
11760 120 0 55 83.
12240 120 0 48 69.
12240 120 0 55 81.
12720 120 0 57 76.
12720 120 0 50 64.
13200 120 0 53 69.
13200 120 0 61 81.
13680 120 0 66 83.
13680 120 0 58 71.
14160 120 0 72 84.
14160 120 0 62 72.
14640 120 0 56 67.
14640 120 0 63 79.
15120 120 0 62 78.
15120 120 0 55 69.
15600 120 0 62 76.
15600 120 0 55 68.
16080 120 0 61 78.
16080 120 0 53 69.
16560 120 0 51 71.
16560 120 0 51 77.
17040 120 0 48 71.
17040 120 0 48 76.
17520 120 0 47 69.
17520 120 0 47 76.
18000 120 0 51 69.
18000 960 0 71 81.
18480 120 0 57 74.
18960 120 0 44 68.
18960 120 0 53 80.
19440 120 0 47 69.
19920 120 0 52 72.
19920 960 0 71 84.
20400 120 0 47 72.
20880 120 0 47 71.
20880 480 0 56 83.
21360 240 0 58 81.
21360 120 0 49 69.
21840 480 0 69 88.
21840 120 0 51 76.
22320 120 0 55 74.
22320 480 0 70 86.
22800 480 0 75 88.
22800 120 0 58 76.
23280 240 0 70 84.
23280 120 0 55 72.
23760 480 0 66 83.
23760 120 0 51 71.
24240 720 0 61 81.
24240 120 0 47 69.
24720 120 0 44 72.
25200 240 0 53 71.
25200 480 0 71 83.
25680 240 0 51 69.
25680 480 0 66 81.
26160 240 0 50 64.
26160 480 0 64 76.
26640 240 0 46 69.
26640 240 0 60 81.
27120 120 0 50 76.
27120 480 0 67 83.
27600 240 0 53 69.
27600 480 0 69 81.
28080 480 0 75 76.
28080 240 0 58 64.
28560 240 0 57 69.
28560 240 0 67 81.
29040 480 0 75 83.
29040 240 0 61 71.
29520 480 0 77 84.
29520 240 0 63 72.
30000 240 0 59 67.
30000 480 0 73 79.
30480 480 0 68 78.
30480 240 0 56 69.
30960 1680 0 64 76.
30960 240 0 53 67.
31440 240 0 44 69.
31920 240 0 42 67.
32400 240 0 39 69.
32880 480 0 61 83.
32880 240 0 51 71.
33360 480 0 64 84.
33360 240 0 53 72.
33840 240 0 49 67.
33840 480 0 60 79.
34320 240 0 56 78.
34320 240 0 47 69.
34800 960 0 63 76.
34800 240 0 53 67.
35280 240 0 50 67.
35760 720 0 80 77.
35760 240 0 53 68.
36240 240 0 52 68.
36720 480 0 74 69.
36720 480 0 89 81.
37200 480 0 71 68.
37200 480 0 84 80.
37680 120 0 70 67.
37680 120 0 82 79.
38160 120 0 63 64.
38160 120 0 77 72.
38640 120 0 70 67.
38640 120 0 82 79.
39120 120 0 63 64.
39120 120 0 77 72.
39600 120 0 70 67.
39600 120 0 82 79.
40080 120 0 63 69.
40560 480 0 59 65.
40560 480 0 70 77.
41040 480 0 57 64.
41040 480 0 67 76.
41520 120 0 56 63.
41520 120 0 66 75.
42000 120 0 50 60.
42000 120 0 61 68.
42480 120 0 56 66.
42480 120 0 66 75.
42960 120 0 50 60.
42960 120 0 61 68.
43440 120 0 56 66.
43440 120 0 66 75.
43920 240 0 50 68.
43920 480 0 61 73.
44400 240 0 56 63.
44400 480 0 66 72.
44880 240 0 50 61.
44880 480 0 62 70.
45360 240 0 57 60.
45840 240 0 52 68.
45840 480 0 63 75.
46320 240 0 59 65.
46320 480 0 70 73.
46800 240 0 53 61.
46800 480 0 66 70.
47280 240 0 61 68.
47280 480 0 72 73.
47760 240 0 56 68.
47760 480 0 68 72.
48240 240 0 62 66.
48240 480 0 73 75.
48720 240 0 57 65.
48720 480 0 69 73.
49200 240 0 64 68.
49200 480 0 75 72.
49680 240 0 58 72.
49680 480 0 71 77.
50160 240 0 66 66.
50160 480 0 78 75.
50640 240 0 60 63.
50640 480 0 73 72.
51120 240 0 68 70.
51120 480 0 80 75.
51600 240 0 62 70.
51600 480 0 75 74.
52080 240 0 71 68.
52080 480 0 84 80.
52560 240 0 71 67.
52560 480 0 84 79.
53040 480 0 70 64.
53040 240 0 82 72.
53520 240 0 63 65.
53520 240 0 77 77.
54000 240 0 70 68.
54000 240 0 83 80.
54480 240 0 71 67.
54480 240 0 84 79.
54960 240 0 70 64.
54960 240 0 82 72.
55440 240 0 63 65.
55440 240 0 77 77.
55920 120 0 62 67.
55920 120 0 74 79.
56400 120 0 63 68.
56400 120 0 75 80.
56880 120 0 62 63.
56880 120 0 73 75.
57360 120 0 57 65.
57360 120 0 69 74.
57840 240 0 56 63.
57840 1680 0 67 72.
58320 240 0 57 68.
58800 240 0 56 67.
59280 240 0 50 68.
59760 480 0 44 67.
59760 480 0 52 79.
60240 480 0 45 68.
60240 480 0 53 80.
60720 480 0 44 63.
60720 480 0 51 75.
61200 240 0 39 65.
61200 480 0 49 74.
61680 240 0 39 63.
61680 1680 0 47 72.
62160 240 0 45 68.
62640 240 0 44 67.
63120 240 0 39 68.
63600 480 0 57 67.
63600 480 0 68 79.
64080 480 0 60 68.
64080 480 0 72 80.
64560 480 0 59 72.
64560 480 0 70 84.
65040 240 0 53 74.
65040 240 0 69 83.
65520 480 0 63 82.
65520 480 0 52 76.
66000 480 0 53 68.
66000 480 0 64 80.
66480 480 0 50 67.
66480 480 0 59 79.
66960 240 0 39 65.
66960 480 0 50 71.
67440 240 0 44 64.
67440 480 0 52 72.
67920 240 0 39 65.
67920 480 0 49 73.
68400 240 0 45 67.
68400 480 0 52 72.
68880 240 0 41 68.
68880 480 0 50 74.
69360 240 0 47 64.
69360 480 0 56 72.
69840 240 0 42 65.
69840 480 0 52 73.
70320 240 0 49 67.
70320 480 0 58 72.
70800 240 0 44 68.
70800 480 0 53 74.
71280 240 0 49 64.
71280 480 0 58 72.
71760 240 0 42 65.
71760 480 0 52 74.
72240 240 0 48 67.
72240 480 0 57 72.
72720 240 0 41 68.
72720 480 0 51 73.
73200 240 0 47 64.
73200 480 0 55 72.
73680 240 0 40 65.
73680 480 0 50 74.
74160 240 0 45 69.
74160 480 0 52 75.
74640 240 0 39 68.
74640 480 0 49 76.
75120 240 0 50 64.
75120 480 0 50 76.
75600 960 0 70 81.
75600 240 0 60 76.
76080 240 0 59 69.
76560 240 0 53 68.
76560 240 0 64 80.
77040 240 0 50 64.
77040 240 0 50 76.
77520 960 0 70 84.
77520 240 0 60 76.
78000 240 0 59 72.
78480 240 0 53 71.
78480 240 0 53 77.
78960 240 0 64 81.
78960 120 0 55 77.
79440 120 0 62 88.
79440 120 0 55 76.
79920 120 0 57 74.
79920 120 0 64 86.
80400 120 0 66 88.
80400 120 0 58 76.
80880 120 0 66 84.
80880 120 0 58 72.
1440 480 0 55 52.
1920 120 0 55 45.
2160 120 0 38 60.
2400 120 0 55 48.
2640 120 0 38 64.
2880 120 0 55 47.
3120 120 0 38 62.
3360 120 0 55 52.
3600 120 0 38 64.
3840 120 0 55 48.
4080 120 0 38 64.
4320 120 0 55 45.
4560 120 0 38 64.
4800 120 0 56 50.
5040 120 0 39 65.
5280 120 0 58 50.
5520 120 0 41 65.
5760 120 0 60 48.
6000 120 0 41 65.
6240 120 0 61 48.
6480 120 0 44 64.
6720 120 0 63 47.
6960 120 0 45 62.
7200 120 0 66 40.
7440 120 0 46 62.
7440 120 0 38 52.
7680 120 0 68 45.
7920 120 0 46 60.
8160 120 0 66 47.
8400 120 0 44 62.
8640 120 0 61 48.
8880 120 0 41 64.
9120 120 0 58 45.
9360 120 0 38 60.
9600 120 0 55 40.
9840 120 0 38 62.
10080 120 0 55 45.
10320 120 0 38 60.
10560 120 0 55 47.
10800 120 0 31 52.
10800 120 0 31 56.
11040 120 0 55 45.
11280 120 0 31 52.
11280 120 0 31 57.
11520 120 0 55 40.
11760 120 0 31 52.
11760 120 0 31 56.
12000 120 0 55 45.
12240 120 0 31 52.
12240 120 0 31 57.
12480 120 0 56 47.
12720 120 0 35 52.
12720 120 0 35 56.
12960 120 0 60 45.
13200 120 0 38 57.
13200 120 0 38 52.
13440 120 0 64 43.
13680 120 0 46 64.
13920 120 0 68 45.
14160 120 0 44 64.
14400 120 0 63 47.
14640 120 0 45 64.
14880 120 0 62 47.
15120 120 0 44 63.
15360 120 0 61 52.
15600 120 0 44 64.
15840 120 0 60 51.
16080 120 0 44 66.
16320 120 0 61 50.
16560 120 0 41 65.
16800 120 0 58 40.
17040 120 0 38 64.
17280 120 0 55 45.
17520 120 0 38 64.
17760 120 0 55 48.
18000 120 0 38 64.
18240 120 0 55 47.
18480 120 0 38 62.
18720 120 0 55 52.
18960 120 0 38 64.
19200 120 0 55 48.
19440 120 0 38 64.
19680 120 0 55 45.
19920 120 0 38 64.
20160 120 0 56 50.
20400 120 0 39 65.
20640 120 0 58 50.
20880 120 0 41 65.
21120 120 0 60 48.
21360 120 0 41 65.
21600 120 0 61 48.
21840 120 0 44 64.
22080 120 0 63 47.
22320 120 0 45 62.
22560 120 0 66 40.
22800 120 0 46 62.
22800 120 0 38 52.
23040 120 0 68 45.
23280 120 0 46 60.
23520 120 0 66 47.
23760 120 0 37 56.
23760 120 0 37 52.
24000 120 0 61 48.
24240 120 0 35 57.
24240 120 0 35 52.
24480 120 0 58 45.
24720 120 0 38 60.
24960 120 0 55 40.
25200 120 0 38 62.
25440 120 0 55 45.
25680 120 0 38 60.
25920 120 0 55 47.
26160 120 0 31 52.
26160 120 0 31 56.
26400 120 0 55 45.
26640 120 0 31 52.
26640 120 0 31 57.
26880 120 0 55 40.
27120 120 0 31 52.
27120 120 0 31 56.
27360 120 0 55 45.
27600 120 0 31 52.
27600 120 0 31 57.
27840 120 0 56 47.
28080 120 0 35 52.
28080 120 0 35 56.
28320 120 0 60 45.
28560 120 0 38 57.
28560 120 0 38 52.
28800 120 0 64 43.
29040 120 0 46 64.
29280 120 0 68 45.
29520 120 0 44 64.
29760 120 0 63 47.
30000 120 0 45 64.
30240 120 0 62 47.
30480 120 0 44 63.
30720 120 0 61 52.
30960 120 0 44 64.
31200 120 0 60 45.
31440 120 0 44 64.
31680 120 0 61 52.
31920 120 0 41 62.
32160 120 0 58 45.
32400 120 0 38 64.
32640 120 0 55 43.
32880 120 0 38 64.
33120 120 0 57 45.
33360 120 0 37 64.
33600 120 0 53 47.
33840 120 0 37 64.
34080 120 0 52 47.
34320 120 0 37 63.
34560 120 0 59 52.
34800 120 0 36 55.
34800 120 0 36 59.
35040 120 0 63 51.
35280 120 0 40 59.
35280 120 0 40 55.
35520 120 0 72 50.
35760 120 0 44 56.
35760 120 0 44 59.
36000 120 0 77 49.
36240 120 0 42 56.
36240 120 0 42 59.
36480 120 0 77 48.
36720 120 0 53 65.
36960 120 0 77 48.
37200 120 0 53 65.
37440 120 0 77 48.
37680 120 0 44 55.
37920 120 0 77 48.
38160 120 0 44 55.
38400 120 0 77 48.
38640 120 0 44 55.
38880 120 0 77 48.
39120 120 0 44 55.
39360 120 0 77 48.
39600 120 0 44 55.
39840 120 0 77 53.
40080 120 0 44 57.
40320 120 0 61 44.
40560 120 0 42 61.
40800 120 0 61 44.
41040 120 0 42 61.
41280 120 0 61 44.
41520 120 0 35 51.
41760 120 0 61 44.
42000 120 0 35 51.
42240 120 0 61 44.
42480 120 0 35 51.
42720 120 0 61 44.
42960 120 0 35 51.
43200 120 0 61 44.
43440 120 0 35 51.
43680 120 0 61 44.
43920 120 0 35 53.
44160 120 0 61 44.
44400 120 0 35 51.
44640 120 0 61 44.
44880 120 0 35 49.
45120 120 0 62 44.
45360 120 0 35 48.
45600 120 0 63 44.
45840 120 0 36 54.
46080 120 0 64 44.
46320 120 0 37 53.
46560 120 0 64 44.
46800 120 0 37 49.
47040 120 0 67 44.
47280 120 0 38 53.
47520 120 0 67 44.
47760 120 0 38 51.
48000 120 0 68 44.
48240 120 0 39 54.
48480 120 0 69 44.
48720 120 0 39 53.
48960 120 0 70 44.
49200 120 0 40 51.
49440 120 0 71 45.
49680 120 0 40 54.
49920 120 0 72 44.
50160 120 0 41 54.
50400 120 0 73 44.
50640 120 0 41 54.
50880 120 0 73 46.
51120 120 0 42 54.
51360 120 0 74 47.
51600 120 0 42 53.
51840 120 0 77 47.
52080 120 0 53 65.
52320 120 0 77 47.
52560 120 0 53 65.
52800 120 0 77 48.
53040 120 0 44 55.
53280 120 0 77 41.
53520 120 0 44 53.
53760 120 0 77 47.
54000 120 0 53 65.
54240 120 0 77 47.
54480 120 0 53 65.
54720 120 0 77 48.
54960 120 0 44 55.
55200 120 0 77 41.
55440 120 0 44 53.
55680 120 0 69 39.
55920 120 0 48 60.
56160 120 0 69 41.
56400 120 0 48 60.
56640 120 0 69 43.
56880 120 0 39 55.
57120 120 0 69 43.
57360 120 0 39 55.
57600 120 0 61 48.
57840 120 0 42 60.
58080 120 0 61 41.
58320 120 0 42 60.
58560 120 0 61 48.
58800 120 0 35 55.
59040 120 0 61 41.
59280 120 0 35 53.
59520 120 0 55 39.
59760 120 0 34 60.
60000 120 0 49 41.
60240 120 0 27 53.
60720 120 0 34 60.
60960 120 0 49 43.
61200 120 0 34 59.
61440 120 0 42 48.
61680 120 0 24 55.
61920 120 0 39 41.
62160 120 0 34 60.
62400 120 0 41 48.
62640 120 0 27 55.
62880 120 0 42 41.
63120 120 0 27 53.
63360 120 0 58 39.
63600 120 0 35 51.
63840 120 0 64 41.
64080 120 0 46 60.
64320 120 0 68 44.
64560 120 0 37 60.
64560 120 0 47 65.
65040 120 0 39 55.
65280 120 0 71 48.
65520 120 0 34 60.
65760 120 0 60 53.
66000 120 0 40 65.
66240 120 0 57 55.
66480 120 0 30 60.
66720 120 0 55 43.
66960 120 0 35 62.
67200 120 0 49 48.
67440 120 0 27 55.
67680 120 0 49 47.
67920 120 0 27 56.
68160 120 0 49 48.
68400 120 0 27 55.
68640 120 0 50 47.
68880 120 0 28 56.
69120 120 0 51 48.
69360 120 0 29 55.
69600 120 0 51 47.
69840 120 0 29 56.
70080 120 0 52 48.
70320 120 0 29 55.
70560 120 0 52 47.
70800 120 0 29 56.
71040 120 0 53 48.
71280 120 0 29 55.
71520 120 0 52 47.
71760 120 0 29 56.
72000 120 0 52 48.
72240 120 0 29 55.
72480 120 0 51 47.
72720 120 0 29 56.
72960 120 0 51 48.
73200 120 0 29 55.
73440 120 0 50 47.
73680 120 0 28 56.
73920 120 0 49 47.
74160 120 0 28 57.
74400 120 0 49 40.
74640 120 0 27 52.
74880 120 0 55 45.
75120 120 0 38 60.
75360 120 0 64 48.
75600 120 0 45 64.
75840 120 0 64 47.
76080 120 0 37 53.
76320 120 0 64 52.
76560 120 0 37 59.
76800 120 0 55 48.
77040 120 0 30 57.
77520 120 0 45 64.
78000 120 0 45 65.
78480 120 0 37 56.
78960 120 0 31 57.
79440 120 0 37 57.
79920 120 0 37 53.
80400 120 0 38 59.
80880 120 0 38 52.
81360 120 0 37 52.
81840 120 0 35 52.

