1 80 0 99 90.
160 80 0 69 85.
240 80 0 93 90.
320 80 0 79 87.
400 80 0 73 90.
480 80 0 92 85.
560 80 0 78 90.
640 80 0 71 82.
720 80 0 84 85.
800 80 0 72 78.
880 80 0 68 82.
960 80 0 74 78.
1040 80 0 64 82.
1120 80 0 58 73.
1200 80 0 71 78.
1280 80 0 63 75.
1360 80 0 57 78.
1440 80 0 69 73.
1520 80 0 56 78.
1600 80 0 56 70.
1680 80 0 67 73.
1760 80 0 55 66.
1840 80 0 53 70.
1920 80 0 74 61.
2000 80 0 69 73.
2080 80 0 63 68.
2160 80 0 75 73.
2240 80 0 67 68.
2320 80 0 61 80.
2400 80 0 75 68.
2480 80 0 68 80.
2560 80 0 61 75.
2640 80 0 81 80.
2720 80 0 74 75.
2800 80 0 70 87.
2880 80 0 82 75.
2960 80 0 73 87.
3040 80 0 68 80.
3120 80 0 86 87.
3200 80 0 69 80.
3280 80 0 67 92.
3360 80 0 89 80.
3440 80 0 77 92.
3520 80 0 75 85.
3600 80 0 92 92.
3680 80 0 83 85.
3760 80 0 78 97.
3840 80 0 96 90.
3920 80 0 78 94.
4000 80 0 75 85.
4080 80 0 95 90.
4160 80 0 77 87.
4240 80 0 74 90.
4320 80 0 95 85.
4400 80 0 76 90.
4480 80 0 74 82.
4560 80 0 85 85.
4640 80 0 75 78.
4720 80 0 70 82.
4800 80 0 74 78.
4880 80 0 69 82.
4960 80 0 65 73.
5040 80 0 74 78.
5120 80 0 69 75.
5200 80 0 66 78.
5280 80 0 74 73.
5360 80 0 67 78.
5440 80 0 70 70.
5520 80 0 74 73.
5600 80 0 65 66.
5680 80 0 68 70.
5760 80 0 77 63.
5840 80 0 69 75.
5920 80 0 66 68.
6000 80 0 77 75.
6080 80 0 67 68.
6160 80 0 71 80.
6240 80 0 77 75.
6320 80 0 74 80.
6400 80 0 70 75.
6480 80 0 82 75.
6560 80 0 73 80.
6640 80 0 75 92.
6720 80 0 88 82.
6800 80 0 78 94.
6880 80 0 70 82.
6960 80 0 81 94.
7040 80 0 75 82.
7120 80 0 70 94.
7200 80 0 68 82.
7280 80 0 62 94.
7360 80 0 53 82.
7440 80 0 59 94.
7520 80 0 53 82.
7600 80 0 45 94.
7681 80 0 96 90.
7840 80 0 67 85.
7920 80 0 90 90.
8000 80 0 67 87.
8080 80 0 59 90.
8160 80 0 93 85.
8240 80 0 68 90.
8320 80 0 66 82.
8400 80 0 84 85.
8480 80 0 66 78.
8560 80 0 63 82.
8640 80 0 74 78.
8720 80 0 66 82.
8800 80 0 63 73.
8880 80 0 68 78.
8960 80 0 65 75.
9040 80 0 62 78.
9120 80 0 74 73.
9200 80 0 65 78.
9280 80 0 61 70.
9360 80 0 74 73.
9440 80 0 67 66.
9520 80 0 65 70.
9600 80 0 74 61.
9680 80 0 71 73.
9760 80 0 67 68.
9840 80 0 75 73.
9920 80 0 70 68.
10000 80 0 65 80.
10080 80 0 72 68.
10160 80 0 70 80.
10240 80 0 67 75.
10320 80 0 78 80.
10400 80 0 74 75.
10480 80 0 72 87.
10560 80 0 82 75.
10640 80 0 78 87.
10720 80 0 78 80.
10800 80 0 80 87.
10880 80 0 77 80.
10960 80 0 73 92.
11040 80 0 88 80.
11120 80 0 81 92.
11200 80 0 73 85.
11280 80 0 92 92.
11360 80 0 83 85.
11440 80 0 83 97.
11520 80 0 98 90.
11600 80 0 74 94.
11680 80 0 70 85.
11760 80 0 93 90.
11840 80 0 72 87.
11920 80 0 73 90.
12000 80 0 96 85.
12080 80 0 75 90.
12160 80 0 68 82.
12240 80 0 84 85.
12320 80 0 69 78.
12400 80 0 64 82.
12480 80 0 74 78.
12560 80 0 68 82.
12640 80 0 62 73.
12720 80 0 71 78.
12800 80 0 65 75.
12880 80 0 67 78.
12960 80 0 74 73.
13040 80 0 65 78.
13120 80 0 59 70.
13200 80 0 74 73.
13280 80 0 65 66.
13360 80 0 59 70.
13440 80 0 77 63.
13520 80 0 74 75.
13600 80 0 67 68.
13680 80 0 77 75.
13760 80 0 67 68.
13840 80 0 70 80.
13920 80 0 75 75.
14000 80 0 71 80.
14080 80 0 67 75.
14160 80 0 82 87.
14240 80 0 79 80.
14320 80 0 74 92.
14400 80 0 85 75.
14480 80 0 74 87.
14560 80 0 71 80.
14640 80 0 88 87.
14720 80 0 76 73.
14800 80 0 72 85.
14880 80 0 81 80.
14960 80 0 73 85.
15040 80 0 67 80.
15120 80 0 70 92.
15200 80 0 66 85.
15280 80 0 64 97.
15360 80 0 72 92.
15440 80 0 67 94.
15520 80 0 61 92.
15600 80 0 72 87.
15680 80 0 67 99.
15760 80 0 58 87.
15840 80 0 78 85.
15920 80 0 74 87.
16000 80 0 68 85.
16080 80 0 75 80.
16160 80 0 71 92.
16240 80 0 66 80.
16320 80 0 72 80.
16400 80 0 67 82.
16480 80 0 65 80.
16560 80 0 72 75.
16640 80 0 67 87.
16720 80 0 67 75.
16800 80 0 75 73.
16880 80 0 68 75.
16960 80 0 67 73.
17040 320 0 72 68.
17360 80 0 70 75.
17440 80 0 67 80.
17520 80 0 74 82.
17600 80 0 70 80.
17680 80 0 67 75.
17760 80 0 71 73.
17840 80 0 73 80.
17920 80 0 72 85.
18000 80 0 74 87.
18080 80 0 69 85.
18160 80 0 67 82.
18240 80 0 72 80.
18320 80 0 69 87.
18400 80 0 67 92.
18480 80 0 72 94.
18560 80 0 64 92.
18640 80 0 59 87.
18720 80 0 77 85.
18800 80 0 73 92.
18880 80 0 68 97.
18960 80 0 72 99.
19040 80 0 68 97.
19120 80 0 68 94.
19200 80 0 72 92.
19280 80 0 69 94.
19360 80 0 63 92.
19440 80 0 72 87.
19520 80 0 67 99.
19600 80 0 72 87.
19680 80 0 81 85.
19760 80 0 73 87.
19840 80 0 67 85.
19920 80 0 77 80.
20000 80 0 75 92.
20080 80 0 67 80.
20160 80 0 79 80.
20240 80 0 70 82.
20320 80 0 65 80.
20400 80 0 73 75.
20480 80 0 68 87.
20560 80 0 65 75.
20640 80 0 75 73.
20720 80 0 69 75.
20800 80 0 63 73.
20880 320 0 75 68.
21200 80 0 67 80.
21280 80 0 64 78.
21360 80 0 75 80.
21440 80 0 68 78.
21520 80 0 65 80.
21600 80 0 82 90.
21680 80 0 71 80.
21760 80 0 65 78.
21840 80 0 74 80.
21920 80 0 67 78.
22000 80 0 64 80.
22080 80 0 64 68.
22160 80 0 68 80.
22240 80 0 63 78.
22320 80 0 71 80.
22400 80 0 65 78.
22480 80 0 62 80.
22560 80 0 81 90.
22640 80 0 67 80.
22720 80 0 63 78.
22800 80 0 69 80.
22880 80 0 67 78.
22960 80 0 64 80.
23040 80 0 70 70.
23120 80 0 74 82.
23200 80 0 66 78.
23280 80 0 74 82.
23360 80 0 70 78.
23440 80 0 66 82.
23520 80 0 83 90.
23600 80 0 71 82.
23680 80 0 68 78.
23760 80 0 77 82.
23840 80 0 72 78.
23920 80 0 67 82.
24000 80 0 73 70.
24080 80 0 75 82.
24160 80 0 72 78.
24240 80 0 78 82.
24320 80 0 72 78.
24400 80 0 67 82.
24480 80 0 85 90.
24560 80 0 74 82.
24640 80 0 71 78.
24720 80 0 80 82.
24800 80 0 77 78.
24880 80 0 74 82.
24960 80 0 80 78.
25040 80 0 77 82.
25120 80 0 78 78.
25200 80 0 87 94.
25280 80 0 76 82.
25360 80 0 70 78.
25440 80 0 89 92.
25520 80 0 70 82.
25600 80 0 73 78.
25680 80 0 89 90.
25760 80 0 78 82.
25840 80 0 73 78.
25920 80 0 80 85.
26000 80 0 73 82.
26080 80 0 76 78.
26160 80 0 90 94.
26240 80 0 76 82.
26320 80 0 79 78.
26400 80 0 94 92.
26480 80 0 77 82.
26560 80 0 76 78.
26640 80 0 95 90.
26720 80 0 76 82.
26800 80 0 79 78.
26880 80 0 87 73.
26960 80 0 78 85.
27040 80 0 75 82.
27120 80 0 88 85.
27200 80 0 75 85.
27280 80 0 80 97.
27360 80 0 94 94.
27440 80 0 77 97.
27520 80 0 76 85.
27600 80 0 89 85.
27680 80 0 77 82.
27760 80 0 82 85.
27840 80 0 89 73.
27920 80 0 85 85.
28000 80 0 81 82.
28080 80 0 90 85.
28160 80 0 85 85.
28240 80 0 85 97.
28320 80 0 101 94.
28400 80 0 86 97.
28480 80 0 84 85.
28560 80 0 93 85.
28640 80 0 85 82.
28720 80 0 80 85.
28800 80 0 94 73.
28880 80 0 85 85.
28960 80 0 81 82.
29040 80 0 94 85.
29120 80 0 84 85.
29200 80 0 80 97.
29280 80 0 95 92.
29360 80 0 85 97.
29440 80 0 83 85.
29520 80 0 95 85.
29600 80 0 90 80.
29680 80 0 86 85.
29760 80 0 97 73.
29840 80 0 90 85.
29920 80 0 85 78.
30000 80 0 93 85.
30080 80 0 87 73.
30160 80 0 84 73.
30240 80 0 95 66.
30320 80 0 90 73.
30400 80 0 85 61.
30480 80 0 100 61.
30560 80 0 89 54.
30640 80 0 85 61.
30720 80 0 74 51.
30800 80 0 71 54.
30880 80 0 72 61.
30960 80 0 77 63.
31040 80 0 70 54.
31120 80 0 72 61.
31200 80 0 81 63.
31280 80 0 78 66.
31360 80 0 75 61.
31440 80 0 83 63.
31520 80 0 77 66.
31600 80 0 73 73.
31680 80 0 87 63.
31760 80 0 80 66.
31840 80 0 77 73.
31920 80 0 89 75.
32000 80 0 78 66.
32080 80 0 75 73.
32160 80 0 89 75.
32240 80 0 78 78.
32320 80 0 76 73.
32400 80 0 89 75.
32480 80 0 78 85.
32560 80 0 75 78.
32640 80 0 89 75.
32720 80 0 81 78.
32800 80 0 86 87.
32880 80 0 85 85.
32960 80 0 78 78.
33040 80 0 84 75.
33120 80 0 81 85.
33200 80 0 76 78.
33280 80 0 71 75.
33360 80 0 78 73.
33440 80 0 71 78.
33520 80 0 75 75.
33600 80 0 74 73.
33680 80 0 69 66.
33760 80 0 72 75.
33840 80 0 71 73.
33920 80 0 66 66.
34000 80 0 69 63.
34080 80 0 67 73.
34160 80 0 61 66.
34240 80 0 65 63.
34320 80 0 64 61.
34400 80 0 59 66.
34480 80 0 62 63.
34560 80 0 52 56.
34640 80 0 54 63.
34720 80 0 54 66.
34800 80 0 56 68.
34880 80 0 56 63.
34960 80 0 54 66.
35040 80 0 58 68.
35120 80 0 58 75.
35200 80 0 56 66.
35280 80 0 60 68.
35360 80 0 60 75.
35440 80 0 58 78.
35520 80 0 62 68.
35600 80 0 58 75.
35680 80 0 62 78.
35760 80 0 62 80.
35840 80 0 54 75.
35920 80 0 58 78.
36000 80 0 62 80.
36080 80 0 65 87.
36160 80 0 60 78.
36240 80 0 62 80.
36320 80 0 58 90.
36400 80 0 59 87.
36480 80 0 59 80.
36560 80 0 59 78.
36640 80 0 58 87.
36720 80 0 58 80.
36800 80 0 57 78.
36880 80 0 56 75.
36960 80 0 56 80.
37040 80 0 56 78.
37120 80 0 54 75.
37200 80 0 54 68.
37280 80 0 52 78.
37360 80 0 52 75.
37440 80 0 52 68.
37520 80 0 51 66.
37600 80 0 51 75.
37680 80 0 50 68.
37760 80 0 49 66.
37840 80 0 49 63.
37920 80 0 48 68.
38000 80 0 48 66.
38080 80 0 48 63.
38160 80 0 46 56.
38240 80 0 46 66.
38320 80 0 44 63.
38400 80 0 65 61.
38480 80 0 59 73.
38560 80 0 55 68.
38640 80 0 65 73.
38720 80 0 59 65.
38800 80 0 58 80.
38880 80 0 70 73.
38960 80 0 66 80.
39040 80 0 66 68.
39120 80 0 70 73.
39200 80 0 66 68.
39280 80 0 62 73.
39360 80 0 65 61.
39440 80 0 63 73.
39520 80 0 58 68.
39600 80 0 65 73.
39680 80 0 63 68.
39760 80 0 57 80.
39840 80 0 65 73.
39920 80 0 59 80.
40000 80 0 55 68.
40080 80 0 65 73.
40160 80 0 63 68.
40240 80 0 58 73.
40320 80 0 65 61.
40400 80 0 58 73.
40480 80 0 56 68.
40560 80 0 65 73.
40640 80 0 58 73.
40720 80 0 55 85.
40800 80 0 71 80.
40880 80 0 64 85.
40960 80 0 62 73.
41040 80 0 71 73.
41120 80 0 67 68.
41200 80 0 62 73.
41280 80 0 65 68.
41360 80 0 59 80.
41440 80 0 54 73.
41520 80 0 65 80.
41600 80 0 58 80.
41680 80 0 59 92.
41760 80 0 65 85.
41840 80 0 57 92.
41920 80 0 60 80.
42000 80 0 65 80.
42080 80 0 63 73.
42160 80 0 56 80.
42240 80 0 65 73.
42320 80 0 62 75.
42400 80 0 57 73.
42480 80 0 64 87.
42560 80 0 61 85.
42640 80 0 61 99.
42720 80 0 73 97.
42800 80 0 65 99.
42880 80 0 66 97.
42960 80 0 80 85.
43040 80 0 75 87.
43120 80 0 70 85.
43200 80 0 81 73.
43280 80 0 77 75.
43360 80 0 73 73.
43440 80 0 78 87.
43520 80 0 70 85.
43600 80 0 74 99.
43680 80 0 73 97.
43760 80 0 70 99.
43840 80 0 66 97.
43920 80 0 70 85.
44000 80 0 67 87.
44080 80 0 66 85.
44160 80 0 65 97.
44240 80 0 65 99.
44320 80 0 62 97.
44400 80 0 66 85.
44480 80 0 69 87.
44560 80 0 65 85.
44640 80 0 71 97.
44720 80 0 68 99.
44800 80 0 72 97.
44880 80 0 75 85.
44960 80 0 72 87.
45040 80 0 68 85.
45120 80 0 79 97.
45200 80 0 75 99.
45280 80 0 70 97.
45360 80 0 74 85.
45440 80 0 69 87.
45520 80 0 68 85.
45600 80 0 71 97.
45680 80 0 67 99.
45760 80 0 64 97.
45840 80 0 67 85.
45920 80 0 66 87.
46000 80 0 65 85.
46081 80 0 96 90.
46240 80 0 70 85.
46320 80 0 92 90.
46400 80 0 74 87.
46480 80 0 70 90.
46560 80 0 97 85.
46640 80 0 74 90.
46720 80 0 71 82.
46800 80 0 84 85.
46880 80 0 73 78.
46960 80 0 70 82.
47040 80 0 74 78.
47120 80 0 69 82.
47200 80 0 66 73.
47280 80 0 69 78.
47360 80 0 66 75.
47440 80 0 63 78.
47520 80 0 74 73.
47600 80 0 68 78.
47680 80 0 63 70.
47760 80 0 74 73.
47840 80 0 64 66.
47920 80 0 61 70.
48000 80 0 74 61.
48080 80 0 72 73.
48160 80 0 67 68.
48240 80 0 75 73.
48320 80 0 66 68.
48400 80 0 67 80.
48480 80 0 72 68.
48560 80 0 73 80.
48640 80 0 71 75.
48720 80 0 78 80.
48800 80 0 76 75.
48880 80 0 72 87.
48960 80 0 82 75.
49040 80 0 77 87.
49120 80 0 72 80.
49200 80 0 86 87.
49280 80 0 74 80.
49360 80 0 75 92.
49440 80 0 88 80.
49520 80 0 81 92.
49600 80 0 77 85.
49680 80 0 89 92.
49760 80 0 85 85.
49840 80 0 83 97.
49920 80 0 97 90.
50000 80 0 74 94.
50080 80 0 71 85.
50160 80 0 94 90.
50240 80 0 75 87.
50320 80 0 73 90.
50400 80 0 95 85.
50480 80 0 76 90.
50560 80 0 73 82.
50640 80 0 86 85.
50720 80 0 77 78.
50800 80 0 73 82.
50880 80 0 74 78.
50960 80 0 66 82.
51040 80 0 64 73.
51120 80 0 70 78.
51200 80 0 67 75.
51280 80 0 67 78.
51360 80 0 74 73.
51440 80 0 62 78.
51520 80 0 55 70.
51600 80 0 74 73.
51680 80 0 64 66.
51760 80 0 60 70.
51840 80 0 74 63.
51920 80 0 71 75.
52000 80 0 67 68.
52080 80 0 74 75.
52160 80 0 72 68.
52240 80 0 67 80.
52320 80 0 74 70.
52400 80 0 85 82.
52480 80 0 72 70.
52560 80 0 74 82.
52640 80 0 70 70.
52720 80 0 66 82.
52800 80 0 74 75.
52880 80 0 70 87.
52960 80 0 70 80.
53040 80 0 71 87.
53120 80 0 69 80.
53200 80 0 69 92.
53280 80 0 72 82.
53360 80 0 79 94.
1 90 0 75 54.
1 90 0 75 58.
240 90 0 71 54.
240 90 0 71 59.
480 90 0 75 54.
480 90 0 75 58.
960 90 0 48 42.
1200 90 0 55 66.
1200 90 0 46 59.
1440 90 0 57 66.
1440 90 0 48 58.
1920 90 0 56 49.
2160 90 0 60 65.
2160 90 0 50 56.
2400 90 0 63 63.
2400 90 0 53 56.
2880 720 0 70 49.
3120 240 0 73 63.
3120 240 0 62 56.
3360 240 0 64 59.
3840 90 0 73 58.
3840 90 0 73 61.
4080 90 0 82 66.
4080 90 0 69 59.
4320 90 0 87 66.
4320 90 0 73 58.
4800 90 0 47 42.
5040 90 0 48 66.
5040 90 0 40 59.
5280 90 0 57 66.
5280 90 0 48 58.
5760 240 0 66 47.
6000 480 0 71 63.
6480 210 0 64 47.
6690 240 0 57 46.
6720 210 0 77 62.
6930 270 0 56 58.
6960 240 0 71 74.
7681 90 0 86 66.
7681 90 0 72 58.
7920 90 0 77 66.
7920 90 0 64 59.
8160 90 0 86 66.
8160 90 0 72 58.
8640 90 0 56 54.
8880 90 0 48 66.
8880 90 0 40 59.
9120 90 0 56 66.
9120 90 0 47 58.
9600 90 0 51 37.
9840 90 0 61 65.
9840 90 0 51 56.
10080 90 0 62 63.
10080 90 0 52 56.
10560 720 0 70 49.
10800 240 0 73 63.
10800 240 0 62 56.
11040 240 0 78 61.
11040 240 0 64 56.
11520 90 0 87 66.
11520 90 0 73 61.
11760 90 0 69 54.
11760 90 0 69 59.
12000 90 0 73 54.
12000 90 0 73 58.
12480 90 0 47 42.
12720 90 0 42 59.
12720 90 0 42 63.
12960 90 0 56 66.
12960 90 0 47 58.
13440 120 0 62 48.
13680 480 0 56 56.
14400 120 0 78 49.
14640 120 0 60 56.
15360 240 0 52 60.
15360 240 0 52 66.
15600 240 0 50 56.
15600 240 0 50 66.
15840 240 0 56 61.
15840 240 0 68 70.
16080 240 0 48 56.
16080 240 0 59 68.
16320 240 0 52 60.
16320 240 0 62 70.
16560 240 0 48 56.
16560 240 0 59 66.
16800 240 0 56 61.
17040 240 0 60 56.
17280 120 0 62 48.
17520 120 0 68 66.
17520 120 0 56 56.
17760 120 0 63 65.
17760 120 0 53 56.
18240 120 0 62 44.
18480 120 0 48 60.
18960 120 0 50 61.
19200 240 0 62 44.
19440 240 0 60 68.
19680 240 0 56 65.
19920 240 0 50 65.
20160 240 0 56 66.
20400 240 0 62 68.
20640 240 0 64 65.
21360 120 0 52 63.
22320 120 0 57 56.
22800 240 0 70 48.
23040 120 0 63 37.
23280 240 0 73 66.
23280 240 0 62 58.
23520 240 0 73 48.
23760 240 0 72 49.
24000 240 0 81 50.
24240 240 0 77 66.
24480 240 0 64 37.
24720 240 0 63 38.
24960 240 0 70 39.
25200 480 0 80 66.
25680 240 0 69 39.
25920 240 0 73 40.
26160 480 0 84 66.
26640 240 0 71 40.
26880 120 0 78 41.
27120 240 0 88 65.
27120 240 0 73 58.
27360 240 0 90 52.
27600 240 0 90 53.
27840 120 0 97 54.
28080 120 0 79 61.
28080 120 0 79 58.
28320 240 0 80 41.
28560 240 0 78 42.
28800 240 0 89 43.
29040 240 0 96 64.
29040 240 0 81 55.
29280 240 0 96 56.
29520 240 0 96 65.
29520 240 0 81 56.
29760 240 0 103 57.
30000 240 0 94 66.
30000 240 0 79 57.
30480 240 0 89 33.
30720 960 0 89 32.
32160 360 0 100 66.
32160 360 0 83 56.
32520 120 0 92 66.
32520 120 0 77 56.
32640 960 0 100 66.
34560 960 0 52 32.
36000 360 0 52 56.
36000 360 0 52 60.
36360 120 0 57 68.
36360 120 0 48 60.
36480 960 0 62 68.
36480 960 0 52 66.
36480 960 0 52 56.
38400 120 0 63 37.
38880 960 0 70 65.
39840 360 0 63 64.
40200 120 0 63 65.
40320 120 0 63 49.
40800 960 0 72 65.
41760 360 0 75 64.
42120 120 0 57 56.
42240 120 0 77 53.
42480 240 0 63 65.
42480 240 0 53 61.
42720 240 0 59 61.
42960 240 0 62 61.
43200 480 0 70 61.
43680 240 0 64 61.
43920 240 0 61 61.
44160 120 0 57 61.
44640 480 0 56 59.
44640 480 0 56 65.
45120 960 0 64 59.
45120 960 0 64 65.
46081 90 0 73 54.
46081 90 0 73 61.
46320 90 0 70 63.
46320 90 0 70 54.
46560 90 0 73 61.
46560 90 0 73 58.
47040 90 0 47 42.
47280 90 0 51 66.
47280 90 0 42 59.
47520 90 0 56 66.
47520 90 0 47 58.
48000 90 0 59 49.
48240 90 0 48 61.
48240 90 0 48 56.
48480 90 0 50 59.
48480 90 0 50 56.
48960 720 0 66 49.
49200 240 0 70 63.
49200 240 0 59 56.
49440 240 0 62 59.
49920 90 0 73 54.
49920 90 0 73 61.
50160 90 0 82 66.
50160 90 0 69 59.
50400 90 0 73 61.
50400 90 0 73 58.
50880 90 0 48 42.
51120 90 0 55 66.
51120 90 0 46 59.
51360 90 0 59 66.
51360 90 0 48 58.
51840 120 0 66 47.
52080 240 0 56 56.
52320 240 0 59 53.
52320 240 0 70 62.
53040 240 0 56 56.

