720 240 0 51 72.
960 90 0 55 72.
1440 90 0 53 72.
1920 90 0 57 72.
2400 90 0 58 72.
2880 90 0 60 76.
3360 90 0 64 82.
3840 90 0 70 84.
4320 90 0 62 80.
4800 90 0 60 77.
5280 90 0 60 73.
5760 90 0 58 72.
6240 90 0 56 68.
6720 90 0 60 64.
7200 90 0 67 82.
7680 90 0 68 82.
8160 90 0 61 76.
8640 90 0 53 72.
9120 90 0 55 72.
9600 90 0 57 72.
10080 90 0 58 72.
10560 90 0 60 75.
11040 90 0 70 82.
11520 90 0 82 87.
12000 90 0 68 84.
12480 90 0 70 80.
12960 90 0 61 77.
13440 90 0 60 72.
13920 90 0 60 72.
14400 90 0 68 79.
14880 90 0 64 72.
15360 90 0 60 68.
15840 90 0 60 70.
16320 90 0 60 68.
16800 90 0 60 70.
17280 90 0 60 68.
17760 80 0 60 72.
17840 80 0 55 73.
17920 80 0 50 72.
18000 80 0 49 71.
18080 80 0 52 72.
18160 80 0 49 73.
18240 80 0 57 72.
18320 80 0 52 73.
18400 80 0 51 72.
18480 80 0 44 71.
18560 80 0 46 72.
18640 80 0 46 73.
18720 80 0 48 72.
18800 80 0 42 73.
18880 80 0 39 72.
18960 80 0 37 73.
19040 80 0 36 72.
19120 80 0 33 73.
19200 90 0 53 72.
19680 90 0 55 72.
20160 90 0 57 72.
20640 90 0 58 72.
21120 90 0 60 76.
21600 90 0 68 82.
22080 90 0 70 84.
22560 90 0 63 80.
23040 90 0 59 77.
23520 90 0 56 73.
24000 90 0 58 72.
24480 90 0 57 68.
24960 90 0 60 64.
25440 90 0 70 82.
25920 90 0 70 82.
26400 90 0 61 76.
26880 90 0 53 72.
27360 90 0 55 72.
27840 90 0 57 72.
28320 90 0 53 72.
28800 90 0 60 75.
29280 90 0 70 82.
29760 90 0 82 87.
30240 90 0 69 84.
30720 90 0 66 80.
31200 90 0 61 77.
31680 90 0 60 72.
32160 90 0 63 72.
32640 90 0 68 79.
33120 90 0 62 72.
33600 90 0 60 68.
34080 90 0 60 70.
34560 90 0 60 68.
35040 90 0 60 70.
35520 90 0 60 68.
36000 80 0 67 72.
36080 80 0 61 73.
36160 80 0 55 72.
36240 80 0 55 71.
36320 80 0 62 72.
36400 80 0 55 73.
36480 90 0 64 75.
36960 80 0 62 72.
37040 80 0 61 73.
37120 80 0 60 72.
37200 80 0 58 73.
37280 80 0 57 67.
37360 80 0 52 69.
37440 90 0 68 70.
37920 90 0 68 72.
38400 90 0 68 70.
38880 90 0 69 72.
39360 90 0 69 70.
39840 90 0 74 74.
40320 90 0 81 77.
40800 90 0 78 74.
41280 90 0 78 72.
41760 90 0 75 80.
42240 90 0 73 77.
42720 90 0 75 70.
43200 90 0 74 67.
43680 90 0 59 80.
960 170 0 39 52.
1440 170 0 39 58.
1920 170 0 41 53.
2400 170 0 44 56.
2880 170 0 48 55.
3360 170 0 49 61.
3840 170 0 55 56.
4320 170 0 50 60.
4800 170 0 48 46.
4960 170 0 37 61.
5120 160 0 36 55.
5440 170 0 37 61.
5600 160 0 35 55.
5920 170 0 37 60.
6080 160 0 37 56.
6400 170 0 39 60.
6560 160 0 39 56.
6880 170 0 39 64.
7040 160 0 40 60.
7360 170 0 44 64.
7520 160 0 45 58.
7680 170 0 55 53.
8160 170 0 39 56.
8640 170 0 37 52.
9120 170 0 39 58.
9600 170 0 40 53.
10080 170 0 46 56.
10560 170 0 48 55.
11040 170 0 51 61.
11520 170 0 59 56.
12000 170 0 56 60.
12480 170 0 51 49.
12960 170 0 48 56.
13440 170 0 48 51.
13920 170 0 49 56.
14400 170 0 55 51.
14880 170 0 50 55.
15360 170 0 48 44.
15520 170 0 39 60.
15680 160 0 36 51.
15840 170 0 53 52.
16320 170 0 48 44.
16480 170 0 39 60.
16640 160 0 35 51.
16800 170 0 50 52.
17280 170 0 48 44.
17440 170 0 39 60.
17600 160 0 34 51.
17760 170 0 50 48.
17920 170 0 38 55.
18080 160 0 34 58.
19200 170 0 39 52.
19680 170 0 40 58.
20160 170 0 42 53.
20640 170 0 46 56.
21120 170 0 48 55.
21600 170 0 49 61.
22080 170 0 55 56.
22560 170 0 50 60.
23040 170 0 48 46.
23200 170 0 36 61.
23360 160 0 36 55.
23680 170 0 36 61.
23840 160 0 36 55.
24160 170 0 39 60.
24320 160 0 39 56.
24640 170 0 39 60.
24800 160 0 39 56.
25120 170 0 39 64.
25280 160 0 40 60.
25600 170 0 44 64.
25760 160 0 45 58.
25920 170 0 55 53.
26400 170 0 41 56.
26880 170 0 39 52.
27360 170 0 39 58.
27840 170 0 45 53.
28320 170 0 46 56.
28800 170 0 48 55.
29280 170 0 51 61.
29760 170 0 59 56.
30240 170 0 56 60.
30720 170 0 51 49.
31200 170 0 48 56.
31680 170 0 48 51.
32160 170 0 49 56.
32640 170 0 55 51.
33120 170 0 50 55.
33600 170 0 48 44.
33760 170 0 39 60.
33920 160 0 36 51.
34080 170 0 53 52.
34560 170 0 48 44.
34720 170 0 39 60.
34880 160 0 35 51.
35040 170 0 50 52.
35520 170 0 48 44.
35680 170 0 39 60.
35840 160 0 34 51.
36000 170 0 51 42.
36160 170 0 39 63.
36320 160 0 35 58.
36640 170 0 49 63.
36800 160 0 45 58.
36960 170 0 51 53.
37440 170 0 55 46.
37600 170 0 45 61.
37760 160 0 39 53.
37920 170 0 55 54.
38400 170 0 55 46.
38560 170 0 46 61.
38720 160 0 39 53.
38880 170 0 56 54.
39360 170 0 56 46.
39520 170 0 47 61.
39680 160 0 44 53.
39840 170 0 67 44.
40320 170 0 66 50.
40480 170 0 53 60.
40640 160 0 47 53.
40800 170 0 66 43.
41280 170 0 66 48.
41440 170 0 53 64.
41600 160 0 47 58.
41760 170 0 64 56.
42240 170 0 60 48.
42720 170 0 59 53.

