0 480 0 60 64.
3840 480 0 28 55.
4320 360 0 28 55.
4680 120 0 36 64.
4800 480 0 28 55.
5280 480 0 26 57.
5760 480 0 26 55.
6240 480 0 34 60.
6720 960 0 31 64.
7200 480 0 19 62.
7678 80 0 96 101.
7839 80 0 91 100.
8001 80 0 84 99.
8080 80 0 71 96.
8322 80 0 79 97.
8479 80 0 79 96.
8642 80 0 78 95.
8721 80 0 71 88.
8799 80 0 78 94.
8878 80 0 71 84.
9118 80 0 78 92.
9360 80 0 69 84.
9438 80 0 71 90.
10078 80 0 78 86.
10240 80 0 71 85.
10398 80 0 71 84.
10721 80 0 71 82.
10799 80 0 69 72.
10962 80 0 69 76.
11201 80 0 71 79.
11278 80 0 69 72.
11439 80 0 69 69.
11599 80 0 51 72.
12001 80 0 56 74.
12080 80 0 51 69.
12159 80 0 56 73.
12398 80 0 51 64.
12558 80 0 50 64.
12718 80 0 49 60.
12959 80 0 50 68.
13362 80 0 45 57.
13440 80 0 47 65.
13519 80 0 45 60.
13680 80 0 45 57.
13922 80 0 45 62.
13998 80 0 42 57.
14160 80 0 40 57.
14321 80 0 42 52.
14480 80 0 42 52.
14558 80 0 47 58.
14881 80 0 53 56.
15042 80 0 56 57.
15120 80 0 53 52.
15199 80 0 59 60.
15360 80 0 59 64.
15438 80 0 59 59.
15601 80 0 59 65.
15678 80 0 59 76.
15838 80 0 62 74.
16002 80 0 67 88.
16079 80 0 68 83.
16238 80 0 70 77.
16402 80 0 68 81.
16478 80 0 67 84.
16642 80 0 64 74.
16721 80 0 62 69.
16799 80 0 58 72.
17040 80 0 58 57.
17118 80 0 58 60.
17360 80 0 59 59.
17439 80 0 59 62.
17840 80 0 64 77.
17918 80 0 66 88.
18158 80 0 69 76.
18400 80 0 64 84.
18478 80 0 62 76.
18721 80 0 59 72.
18800 80 0 59 64.
19119 80 0 59 59.
19279 80 0 58 64.
19439 80 0 58 71.
19601 80 0 58 76.
19679 80 0 58 80.
19920 80 0 59 88.
20158 80 0 60 92.
20321 80 0 59 90.
20398 80 0 59 83.
20559 80 0 58 75.
20721 80 0 55 71.
20879 80 0 55 63.
21038 80 0 55 59.
21279 80 0 55 68.
21439 80 0 55 81.
21598 80 0 55 80.
21842 80 0 59 88.
21921 80 0 59 92.
22080 240 0 81 100.
23118 80 0 69 96.
23519 80 0 82 98.
23598 80 0 67 93.
23758 80 0 67 93.
24161 80 0 75 94.
24238 80 0 69 84.
24399 80 0 69 88.
24559 80 0 67 84.
24719 80 0 67 84.
25038 80 0 69 84.
25282 80 0 73 87.
25439 80 0 73 86.
25599 80 0 69 85.
25760 80 0 69 84.
25918 80 0 69 83.
26078 80 0 69 82.
26318 80 0 67 76.
26479 80 0 67 72.
26720 80 0 69 78.
26799 80 0 67 69.
27040 80 0 56 76.
27442 80 0 51 67.
27521 80 0 56 73.
27681 80 0 56 72.
27760 80 0 51 67.
27839 80 0 56 71.
28001 80 0 55 70.
28159 80 0 53 69.
28481 80 0 49 67.
28560 80 0 46 60.
28718 80 0 45 58.
28881 80 0 45 60.
29198 80 0 44 60.
29521 80 0 40 58.
29678 80 0 39 55.
29919 80 0 47 60.
30079 80 0 49 61.
30238 80 0 53 62.
30482 80 0 53 55.
30558 80 0 59 64.
30718 80 0 59 69.
31041 80 0 59 81.
31120 80 0 59 76.
31279 80 0 59 82.
31518 80 0 64 91.
31759 80 0 67 87.
32082 80 0 62 75.
32159 80 0 62 79.
32318 80 0 59 69.
32561 80 0 59 58.
32798 80 0 59 67.
32961 80 0 59 81.
33039 80 0 59 74.
33118 80 0 59 79.
33279 80 0 60 93.
33521 80 0 68 82.
33678 80 0 69 85.
34081 80 0 59 79.
34160 80 0 59 70.
34321 80 0 59 61.
34480 80 0 59 58.
34558 80 0 59 69.
34718 80 0 59 67.
34960 80 0 59 69.
35120 80 0 62 67.
35361 80 0 64 79.
35440 80 0 64 70.
35601 80 0 64 81.
35679 80 0 62 82.
35838 80 0 61 93.
36081 80 0 59 82.
36158 80 0 59 96.
36318 80 0 59 94.
36478 80 0 59 98.
36721 80 0 59 89.
36958 80 0 59 93.
37201 80 0 59 84.
37279 80 0 59 89.
37358 80 0 59 81.
37600 80 0 59 86.
37679 80 0 59 77.
38081 80 0 59 76.
38398 80 0 59 76.
38560 80 0 59 74.
38639 80 0 59 77.
38718 80 0 59 88.
38878 80 0 55 86.
39119 80 0 56 95.
39279 80 0 58 89.
39438 80 0 57 89.
39598 80 0 56 83.
39922 80 0 59 71.
40081 80 0 59 79.
40160 80 0 59 86.
40319 80 0 59 83.
40479 80 0 59 84.
40798 80 0 59 88.
41040 80 0 55 88.
41118 80 0 59 91.
41359 80 0 51 91.
41438 80 0 58 95.
41678 80 0 58 91.
42080 80 0 69 99.
42401 80 0 75 99.
42562 80 0 73 98.
42640 80 0 64 95.
42719 80 0 61 97.
42798 80 0 59 91.
43040 80 0 61 95.
43119 80 0 59 88.
43279 80 0 64 91.
43520 80 0 69 92.
43678 80 0 69 91.
43841 80 0 61 90.
44001 80 0 61 89.
44078 80 0 59 79.
44318 80 0 69 87.
44478 80 0 69 86.
44718 80 0 59 79.
44881 80 0 59 79.
45121 80 0 69 82.
45278 80 0 69 81.
45598 80 0 69 79.
45761 80 0 61 78.
45918 80 0 61 77.
46158 80 0 55 71.
46318 80 0 55 67.
46481 80 0 55 71.
46559 80 0 59 73.
46720 80 0 59 72.
46879 80 0 59 71.
46958 80 0 55 64.
47278 80 0 55 64.
47440 80 0 55 64.
47518 80 0 59 67.
47679 80 0 59 66.
47842 80 0 59 65.
47999 80 0 55 64.
48158 80 0 53 63.
48318 80 0 50 62.
48479 80 0 49 61.
48638 80 0 47 60.
48958 80 0 45 58.
49279 80 0 47 56.
49441 80 0 49 55.
49680 80 0 46 52.
49841 80 0 50 48.
49918 80 0 59 59.
50160 80 0 59 60.
50321 80 0 59 66.
50559 80 0 67 83.
50798 80 0 69 72.
50959 80 0 67 76.
51038 80 0 66 79.
51278 80 0 60 64.
51438 80 0 58 60.
51600 80 0 58 52.
51840 80 0 59 59.
52000 80 0 59 57.
52161 80 0 59 71.
52239 80 0 59 66.
52480 80 0 67 83.
52639 80 0 69 81.
52801 80 0 70 81.
52880 80 0 69 76.
53118 80 0 66 69.
53522 80 0 59 52.
53760 80 0 59 64.
53999 80 0 58 66.
54240 80 0 58 75.
54638 80 0 62 78.
55040 80 0 59 75.
55198 80 0 55 73.
55359 80 0 55 63.
55600 80 0 55 54.
55758 80 0 55 59.
56159 80 0 55 75.
56318 80 0 59 88.
56478 80 0 59 87.
56640 240 0 83 95.
57679 80 0 70 91.
57841 80 0 70 88.
58078 80 0 85 93.
58238 80 0 84 92.
58400 80 0 80 91.
58562 80 0 81 90.
58641 80 0 70 83.
58880 80 0 77 88.
59038 80 0 77 87.
59199 80 0 73 86.
59278 80 0 68 79.
59519 80 0 77 84.
59758 80 0 70 76.
60160 80 0 70 80.
60481 80 0 70 78.
60638 80 0 70 77.
60880 80 0 68 71.
60959 80 0 70 75.
61118 80 0 70 74.
61280 80 0 70 73.
61358 80 0 68 64.
61760 80 0 61 70.
61921 80 0 61 69.
62161 80 0 59 64.
62318 80 0 59 59.
62480 80 0 58 59.
62960 80 0 53 54.
63038 80 0 56 62.
63279 80 0 49 53.
63440 80 0 50 55.
63598 80 0 49 53.
63761 80 0 47 55.
63919 80 0 46 50.
64162 80 0 49 55.
64319 80 0 49 54.
64482 80 0 53 55.
64801 80 0 59 57.
64879 80 0 56 50.
65039 80 0 59 55.
65359 80 0 69 59.
65520 80 0 69 65.
65598 80 0 69 76.
65838 80 0 67 77.
66080 80 0 72 86.
66239 80 0 77 88.
66478 80 0 71 77.
66719 80 0 64 74.
66798 80 0 64 65.
67121 80 0 64 53.
67200 80 0 69 64.
67359 80 0 69 62.
67519 80 0 69 76.
67759 80 0 68 77.
67838 80 0 69 88.
67998 80 0 71 86.
68400 80 0 70 77.
68638 80 0 64 74.
68880 80 0 64 56.
69121 80 0 69 64.
69278 80 0 69 62.
69439 80 0 69 67.
69680 80 0 70 62.
69758 80 0 70 76.
70239 80 0 69 77.
70401 80 0 69 88.
70961 80 0 59 86.
71040 80 0 62 93.
71118 80 0 62 88.
71360 80 0 68 100.
71439 80 0 62 91.
71518 80 0 66 98.
71758 80 0 59 92.
72158 80 0 62 92.
72478 80 0 62 89.
72641 80 0 62 87.
72718 80 0 59 80.
72881 80 0 59 77.
72960 80 0 59 85.
73038 80 0 59 78.
73438 80 0 55 80.
73598 80 0 55 78.
73920 80 0 55 81.
73999 80 0 55 71.
74240 80 0 55 79.
74478 80 0 53 77.
74642 80 0 53 79.
74718 80 0 53 86.
75042 80 0 55 84.
75121 80 0 46 76.
75362 80 0 55 79.
75439 80 0 47 72.
75599 80 0 47 72.
75839 80 0 55 81.
76000 80 0 55 79.
76162 80 0 55 77.
76321 80 0 55 76.
76400 80 0 49 67.
76719 80 0 47 72.
76800 480 0 69 67.
77280 360 0 82 79.
77640 120 0 63 67.
77760 480 0 82 79.
78240 480 0 72 69.
78720 480 0 69 67.
79200 480 0 63 67.
79680 960 0 77 79.
80640 480 0 82 82.
81120 360 0 69 79.
81480 120 0 63 79.
81600 480 0 69 70.
82080 480 0 85 84.
82560 480 0 69 79.
83040 480 0 68 70.
83520 960 0 70 70.
84638 80 0 61 94.
84960 80 0 56 91.
85199 80 0 52 85.
85358 80 0 52 79.
85678 80 0 58 80.
86079 80 0 56 82.
86242 80 0 56 80.
86319 80 0 52 72.
86478 80 0 58 75.
86798 80 0 58 75.
86961 80 0 52 73.
87202 80 0 56 79.
87279 80 0 52 73.
87518 80 0 61 80.
87678 80 0 61 79.
87919 80 0 52 72.
87998 80 0 56 82.
88238 80 0 52 72.
88560 80 0 48 81.
88721 80 0 48 83.
88799 80 0 48 87.
89038 80 0 44 81.
89439 80 0 50 87.
89678 80 0 48 80.
89839 80 0 44 76.
89999 80 0 44 76.
90641 80 0 48 75.
90718 80 0 48 78.
91119 80 0 44 69.
91281 80 0 44 71.
91521 80 0 44 76.
91998 80 0 42 73.
92159 80 0 62 73.
92402 80 0 59 62.
92558 80 0 61 68.
92958 80 0 69 83.
93120 80 0 72 97.
93438 80 0 71 85.
93600 80 0 71 83.
93678 80 0 69 74.
93918 80 0 69 71.
94081 80 0 69 74.
94159 80 0 69 67.
94399 80 0 69 77.
94478 80 0 69 72.
94639 80 0 61 67.
94959 80 0 61 72.
95281 80 0 61 75.
95359 80 0 61 82.
95520 80 0 61 81.
95678 80 0 64 80.
95840 80 0 68 79.
95918 80 0 69 72.
96159 80 0 59 75.
96318 80 0 60 77.
96560 80 0 64 78.
96639 80 0 67 89.
96960 80 0 70 101.
97038 80 0 61 96.
97198 80 0 69 90.
97521 80 0 69 78.
97681 80 0 69 72.
97840 80 0 69 66.
98078 80 0 69 76.
98238 80 0 69 81.
98480 80 0 61 71.
98640 80 0 61 79.
98798 80 0 61 76.
98958 80 0 66 83.
99201 80 0 69 86.
99359 80 0 70 85.
99521 80 0 72 84.
99679 80 0 73 83.
99840 80 0 68 82.
100000 80 0 69 81.
100078 80 0 64 70.
100320 80 0 69 79.
100478 80 0 69 81.
100800 80 0 69 79.
100960 80 0 69 78.
101118 80 0 69 77.
101360 80 0 64 69.
101519 80 0 64 71.
101680 80 0 64 69.
101838 80 0 64 71.
101999 80 0 64 67.
102321 80 0 64 67.
102478 80 0 64 69.
102639 80 0 64 67.
102798 80 0 64 69.
102959 80 0 64 65.
103201 80 0 69 74.
103279 80 0 64 64.
103599 80 0 64 64.
103919 80 0 70 65.
104241 80 0 71 77.
104318 80 0 72 84.
104478 80 0 75 83.
104639 80 0 77 96.
104798 80 0 75 95.
105118 80 0 70 83.
105359 80 0 70 69.
105520 80 0 70 65.
105761 80 0 70 69.
105839 80 0 70 60.
106161 80 0 71 72.
106322 80 0 73 78.
106481 80 0 77 84.
106639 80 0 78 90.
106799 80 0 75 84.
106962 80 0 71 78.
107038 80 0 70 81.
107200 80 0 70 71.
107279 80 0 70 66.
107358 80 0 70 69.
107678 80 0 59 68.
108161 80 0 63 93.
108239 80 0 63 88.
108559 80 0 63 86.
108718 80 0 63 83.
109120 80 0 61 68.
109199 80 0 61 62.
109518 80 0 59 61.
109760 80 0 60 78.
109918 80 0 62 76.
110078 80 0 66 90.
110399 80 0 66 88.
110560 80 0 64 86.
111038 80 0 64 64.
111438 80 0 66 56.
111602 80 0 67 53.
111680 80 0 71 64.
111920 80 0 66 56.
111999 80 0 71 67.
112242 80 0 68 59.
112321 80 0 71 69.
112399 80 0 71 65.
112478 80 0 71 68.
112720 80 0 71 68.
112879 80 0 71 65.
113202 80 0 71 68.
113359 80 0 71 74.
113519 80 0 75 71.
113680 80 0 77 77.
113759 80 0 77 80.
114000 80 0 78 80.
114159 80 0 79 77.
114482 80 0 77 80.
114641 80 0 77 86.
114799 80 0 77 83.
114958 80 0 80 89.
115200 96 0 97 101.
115278 96 0 88 95.
115360 96 0 94 100.
115438 96 0 85 92.
115523 96 0 94 99.
115601 96 0 85 95.
115681 96 0 90 98.
115761 96 0 85 92.
115841 96 0 89 97.
115922 96 0 84 92.
116001 96 0 89 96.
116082 96 0 84 89.
116162 96 0 89 95.
116243 96 0 84 89.
116318 96 0 89 94.
116400 96 0 84 86.
116482 96 0 89 93.
116558 96 0 82 89.
116640 96 0 88 92.
116718 96 0 82 83.
116801 96 0 88 91.
116879 96 0 82 86.
116958 96 0 88 90.
117039 96 0 82 80.
117123 96 0 88 89.
117201 96 0 82 83.
117281 96 0 88 88.
117358 96 0 82 80.
117440 96 0 88 87.
117523 96 0 82 83.
117603 96 0 88 86.
117680 96 0 82 79.
117759 96 0 88 85.
117839 96 0 82 79.
117918 96 0 88 84.
118003 240 0 81 77.
118080 120 0 103 83.
119123 96 0 85 89.
119199 96 0 99 94.
119283 96 0 85 86.
119360 96 0 90 93.
119443 96 0 85 89.
119521 96 0 90 92.
119599 96 0 85 86.
119679 96 0 89 91.
119760 96 0 85 86.
119841 96 0 89 90.
119919 96 0 84 83.
119999 96 0 89 89.
120078 96 0 84 83.
120158 96 0 89 88.
120242 96 0 84 80.
120323 96 0 89 87.
120402 96 0 82 83.
120482 96 0 88 86.
120558 96 0 82 77.
120640 96 0 88 85.
120721 96 0 82 80.
120803 96 0 88 84.
120879 96 0 84 74.
120961 96 0 88 83.
121042 96 0 84 77.
121123 96 0 88 82.
121203 96 0 82 74.
121282 96 0 88 81.
121361 96 0 84 77.
121439 96 0 86 80.
121522 96 0 82 74.
121598 96 0 85 79.
121681 96 0 81 74.
121762 96 0 85 78.
121840 240 0 81 71.
121918 144 0 100 77.
3840 480 0 24 48.
4320 360 0 24 48.
4680 120 0 22 48.
4800 480 0 25 48.
5280 480 0 24 41.
5760 480 0 24 36.
6240 480 0 22 41.
6720 480 0 20 36.
7200 480 0 18 35.
7680 240 0 112 33.
8160 360 0 74 60.
8520 120 0 70 60.
8640 480 0 74 60.
9120 480 0 77 60.
9600 480 0 74 60.
10080 480 0 70 57.
10560 960 0 70 60.
12000 360 0 69 52.
12360 120 0 61 52.
12480 480 0 70 52.
12960 480 0 52 45.
13440 480 0 55 45.
13920 1440 0 60 33.
15360 240 0 99 32.
15840 360 0 66 53.
16200 120 0 61 53.
16320 480 0 66 53.
16800 480 0 70 33.
17280 240 0 73 32.
17760 160 0 77 55.
17920 160 0 72 53.
18080 160 0 73 52.
18240 480 0 77 52.
18720 480 0 68 33.
19200 240 0 66 35.
19680 480 0 60 56.
19680 160 0 70 64.
20160 480 0 60 63.
20160 480 0 70 69.
20640 480 0 66 47.
21120 240 0 66 40.
21600 160 0 67 68.
21760 160 0 58 67.
21920 160 0 63 68.
22080 240 0 63 52.
22080 240 0 72 64.
23040 240 0 100 33.
23520 360 0 70 60.
23880 120 0 67 60.
24000 480 0 70 60.
24480 480 0 74 60.
24960 480 0 70 60.
25440 480 0 67 57.
25920 960 0 67 60.
27360 360 0 69 52.
27720 120 0 61 52.
27840 480 0 70 52.
28320 480 0 52 43.
28800 480 0 49 43.
29280 480 0 58 48.
29760 960 0 49 43.
30720 240 0 74 36.
31200 160 0 55 64.
31200 160 0 61 55.
31680 480 0 58 63.
31680 480 0 58 55.
32160 480 0 60 37.
32640 240 0 66 38.
33120 160 0 55 64.
33120 160 0 63 55.
33555 525 0 70 51.
33570 510 0 70 55.
33600 480 0 58 63.
34080 480 0 60 39.
34560 240 0 80 40.
35040 360 0 88 60.
36000 480 0 63 48.
36480 240 0 58 41.
36960 360 0 74 69.
37320 1080 0 67 57.
37440 360 0 70 62.
38400 240 0 77 43.
38880 480 0 70 55.
39360 480 0 70 67.
39840 480 0 68 55.
39840 480 0 68 65.
40320 240 0 72 48.
40680 600 0 55 48.
40800 480 0 63 64.
42240 240 0 90 40.
42720 360 0 77 59.
42720 360 0 66 52.
43080 120 0 60 52.
43080 120 0 72 59.
43200 480 0 77 59.
43200 480 0 66 52.
43680 480 0 67 55.
44160 480 0 66 55.
44640 480 0 72 55.
45120 960 0 72 59.
46560 360 0 69 47.
46920 120 0 50 40.
47040 480 0 70 47.
47520 480 0 52 40.
48000 480 0 55 40.
48480 1440 0 55 28.
49920 240 0 70 27.
50400 360 0 77 60.
50760 120 0 73 60.
50880 480 0 77 52.
51360 480 0 66 28.
51840 240 0 67 27.
52320 160 0 77 62.
52480 240 0 72 60.
52720 80 0 73 51.
52800 480 0 77 59.
53280 480 0 67 28.
53760 240 0 69 42.
54240 160 0 70 59.
54720 480 0 60 58.
54720 480 0 70 64.
55200 480 0 77 42.
55680 240 0 66 35.
56160 160 0 56 54.
56320 160 0 49 53.
56480 160 0 63 63.
56640 240 0 65 51.
56640 240 0 65 47.
57600 240 0 90 40.
58080 360 0 66 55.
58440 120 0 60 55.
58560 480 0 66 55.
59040 480 0 67 55.
59520 480 0 66 55.
60000 480 0 60 52.
60480 960 0 60 55.
61920 360 0 69 47.
62280 120 0 61 47.
62400 480 0 70 47.
63840 1440 0 69 31.
65280 240 0 75 31.
65760 160 0 82 59.
65920 160 0 73 42.
66080 160 0 79 43.
66240 480 0 82 58.
67680 160 0 80 62.
67840 160 0 73 44.
68000 160 0 79 45.
68160 480 0 82 46.
68160 480 0 70 56.
68640 480 0 94 34.
69600 360 0 96 55.
70560 480 0 55 43.
71040 240 0 60 36.
71520 160 0 57 52.
71680 160 0 57 60.
71840 160 0 57 68.
72480 160 0 57 56.
72960 240 0 68 43.
73440 160 0 52 55.
73600 160 0 57 64.
73760 160 0 57 67.
74400 480 0 57 55.
74400 480 0 57 67.
74850 510 0 60 48.
74880 480 0 60 64.
76961 80 0 66 69.
77121 80 0 66 65.
77200 80 0 61 61.
77519 80 0 61 58.
77921 80 0 66 58.
77998 80 0 61 52.
78158 80 0 61 52.
78400 80 0 61 53.
78478 80 0 57 49.
78638 80 0 57 46.
78798 80 0 61 46.
79039 80 0 66 48.
79280 80 0 57 40.
79439 80 0 57 40.
79598 80 0 57 37.
79920 80 0 57 34.
79998 80 0 61 38.
80238 80 0 57 31.
80561 80 0 57 28.
81040 80 0 61 64.
81198 80 0 61 61.
81362 80 0 61 61.
81440 80 0 66 64.
81518 80 0 61 58.
81682 80 0 61 58.
81758 80 0 66 61.
81998 80 0 61 55.
82238 80 0 61 57.
82398 80 0 61 55.
82882 80 0 66 50.
82959 80 0 61 46.
83120 80 0 57 43.
83282 80 0 57 43.
83359 80 0 61 46.
83599 80 0 57 40.
83759 80 0 57 37.
83919 80 0 57 37.
84079 80 0 57 34.
84158 80 0 61 38.
84318 80 0 61 37.
84480 240 0 74 39.
84487 240 0 74 27.
84960 360 0 64 63.
85320 120 0 61 63.
85440 480 0 55 51.
85440 480 0 66 63.
86400 480 0 61 63.
86880 360 0 64 58.
87240 120 0 61 63.
87360 480 0 50 44.
88320 240 0 48 47.
88800 360 0 53 59.
89160 120 0 50 59.
89280 480 0 46 47.
89280 480 0 55 59.
90240 480 0 50 59.
90720 160 0 50 54.
90880 160 0 42 56.
91040 130 0 48 57.
91170 510 0 38 40.
92160 480 0 70 52.
92640 160 0 58 35.
92800 160 0 55 32.
92960 160 0 62 35.
93120 180 0 67 28.
93480 120 0 66 40.
93600 360 0 70 42.
93960 120 0 67 40.
94080 480 0 73 39.
94560 480 0 62 36.
95040 480 0 69 39.
95520 160 0 66 41.
95680 160 0 58 42.
95840 160 0 62 43.
96000 480 0 66 44.
96480 160 0 67 39.
96640 160 0 58 36.
96800 160 0 62 39.
96960 180 0 67 32.
97320 120 0 66 44.
97440 360 0 70 46.
97800 120 0 67 44.
97920 480 0 73 43.
98400 480 0 62 40.
98880 480 0 69 43.
99360 160 0 66 45.
99520 160 0 67 46.
99680 160 0 69 47.
99840 480 0 75 48.
100290 510 0 63 36.
100320 480 0 82 52.
100785 495 0 68 48.
100800 480 0 89 57.
101730 510 0 62 40.
101760 480 0 90 55.
102225 495 0 56 52.
102240 480 0 82 61.
102705 495 0 66 57.
102720 480 0 89 62.
103185 495 0 55 52.
103200 480 0 82 60.
103680 240 0 80 38.
104160 480 0 77 53.
104640 240 0 74 46.
105000 120 0 79 48.
105120 480 0 74 47.
105600 240 0 80 39.
106080 480 0 77 54.
106560 240 0 74 45.
106920 120 0 79 50.
107040 480 0 74 48.
107520 1920 0 62 52.
109440 240 0 61 28.
109920 360 0 80 56.
111840 360 0 79 53.
112200 120 0 77 53.
112320 480 0 77 53.
112800 480 0 80 55.
113280 480 0 79 53.
113760 480 0 79 50.
114240 960 0 77 53.
115359 96 0 79 44.
115442 96 0 68 50.
115521 96 0 74 44.
115598 96 0 68 50.
115679 96 0 74 47.
115761 96 0 66 53.
115839 96 0 74 47.
115921 96 0 67 53.
115998 96 0 74 50.
116080 96 0 66 56.
116160 96 0 74 50.
116642 96 0 73 56.
117119 96 0 72 59.
117602 96 0 72 65.
117679 96 0 63 71.
117758 96 0 72 65.
117841 96 0 63 71.
117920 96 0 72 68.
118000 240 0 63 74.
118080 120 0 88 80.
119122 96 0 67 41.
119199 96 0 79 38.
119279 96 0 67 44.
119359 96 0 79 38.
119439 96 0 67 44.
119522 96 0 74 41.
120001 96 0 74 44.
120080 96 0 66 50.
120160 96 0 74 47.
120240 96 0 64 53.
120321 96 0 73 47.
120402 96 0 66 53.
120479 96 0 73 50.
120960 96 0 73 53.
121040 96 0 64 59.
121121 96 0 72 56.
121202 96 0 64 62.
121278 96 0 72 56.
121358 96 0 63 62.
121439 96 0 72 59.
121920 120 0 81 71.
122880 80 0 60 65.
122960 80 0 53 62.
123040 80 0 60 64.
123120 240 0 60 59.
123840 80 0 60 65.
123920 80 0 52 62.
124000 80 0 60 64.
124080 240 0 60 59.
124801 80 0 48 65.
124883 80 0 48 62.
125123 80 0 49 65.
125280 80 0 50 64.
125360 80 0 50 59.
125442 80 0 51 65.
125603 80 0 52 64.
125759 80 0 53 65.
125842 80 0 53 62.
125922 80 0 53 64.
126082 80 0 55 65.
126239 80 0 56 64.
126319 80 0 56 59.
126403 80 0 57 65.
126483 80 0 57 62.
126642 80 0 58 59.
126803 96 0 59 64.
126880 96 0 59 63.
126958 96 0 60 62.
127042 96 0 60 61.
127118 96 0 61 60.
127199 96 0 61 59.
127280 96 0 62 58.
127361 96 0 62 57.
127441 96 0 62 56.
127520 96 0 63 55.
127598 96 0 63 54.
127758 96 0 64 52.
127838 96 0 64 51.
127923 96 0 66 50.
128000 96 0 66 49.
128082 96 0 67 48.
128159 96 0 67 47.

