1440 480 0 49 75.
1920 480 0 40 75.
2400 480 0 44 75.
2880 480 0 49 75.
3360 480 0 52 75.
3840 480 0 55 77.
4320 480 0 52 75.
4800 480 0 50 75.
5280 480 0 51 75.
5760 480 0 55 75.
6240 480 0 60 75.
6720 480 0 62 77.
7200 480 0 61 75.
7680 480 0 66 82.
8160 480 0 64 80.
8640 480 0 70 80.
9120 480 0 69 80.
9600 480 0 73 80.
10080 480 0 70 80.
10560 480 0 77 80.
11040 480 0 77 82.
11520 480 0 80 84.
12000 480 0 77 82.
12480 480 0 77 80.
12960 480 0 70 77.
13440 480 0 72 77.
13920 480 0 72 79.
14400 480 0 75 80.
14880 480 0 68 70.
15360 480 0 70 70.
15840 480 0 62 72.
16320 480 0 63 73.
16800 480 0 55 63.
17280 480 0 51 75.
17760 480 0 44 75.
18240 480 0 49 75.
18720 480 0 52 75.
19200 480 0 55 77.
19680 480 0 52 75.
20160 480 0 50 75.
20640 480 0 51 75.
21120 480 0 59 75.
21600 480 0 68 82.
22080 480 0 71 84.
22560 480 0 66 79.
23040 480 0 72 82.
23520 480 0 71 80.
24000 480 0 80 80.
24480 480 0 82 80.
24960 480 0 80 80.
25440 480 0 81 80.
25920 480 0 84 80.
26400 480 0 84 82.
26880 480 0 88 84.
27360 480 0 82 79.
27840 480 0 80 79.
28320 480 0 71 79.
28800 480 0 64 79.
29280 480 0 66 79.
29760 480 0 68 79.
30240 480 0 60 79.
30720 480 0 53 74.
31200 480 0 52 72.
31680 480 0 53 72.
32160 480 0 47 72.
32640 480 0 49 72.
33120 480 0 44 72.
33600 480 0 51 73.
34080 480 0 49 72.
34560 480 0 52 72.
35040 480 0 55 74.
35520 480 0 58 76.
36000 480 0 60 77.
36480 480 0 59 75.
36960 480 0 67 75.
37440 480 0 70 77.
37920 480 0 66 75.
38400 480 0 72 75.
38880 480 0 75 77.
39360 480 0 80 79.
39840 480 0 82 80.
40320 480 0 80 79.
40800 480 0 81 79.
41280 480 0 84 80.
41760 480 0 75 77.
42240 480 0 64 76.
42720 480 0 58 74.
43200 480 0 61 77.
43680 480 0 57 76.
44160 480 0 64 76.
44640 480 0 58 74.
45120 480 0 61 77.
45600 480 0 57 76.
46080 480 0 67 76.
46560 480 0 62 74.
47040 480 0 69 78.
47520 480 0 67 76.
48000 480 0 72 76.
48480 480 0 74 81.
48960 480 0 82 83.
49440 480 0 79 84.
49920 480 0 84 84.
50400 480 0 82 82.
50880 480 0 86 85.
51360 480 0 79 77.
51840 480 0 84 82.
52320 480 0 81 80.
52800 480 0 82 84.
53280 480 0 79 75.
53760 480 0 84 75.
54240 480 0 81 76.
54720 480 0 82 77.
55200 480 0 79 75.
55680 480 0 84 73.
56160 480 0 77 72.
56640 480 0 75 72.
57120 480 0 82 84.
57600 480 0 84 84.
58080 480 0 82 82.
1920 80 0 22 75.
2000 80 0 22 68.
2080 80 0 22 72.
2160 80 0 22 63.
2240 80 0 22 68.
2320 80 0 23 72.
2400 80 0 23 75.
2480 80 0 23 68.
2560 80 0 24 72.
2640 80 0 24 63.
2720 80 0 24 68.
2800 80 0 24 72.
2880 80 0 25 75.
2960 80 0 26 68.
3040 80 0 26 72.
3120 80 0 26 63.
3200 80 0 27 68.
3280 80 0 27 72.
3360 80 0 27 75.
3440 80 0 27 68.
3520 80 0 28 72.
3600 80 0 28 63.
3680 80 0 28 68.
3760 80 0 28 72.
3840 80 0 30 77.
3920 80 0 30 68.
4000 80 0 29 72.
4080 80 0 29 63.
4160 80 0 29 68.
4240 80 0 29 72.
4320 80 0 29 75.
4400 80 0 29 68.
4480 80 0 29 72.
4560 80 0 29 63.
4640 80 0 28 68.
4720 80 0 28 72.
4800 80 0 28 75.
4880 80 0 27 68.
4960 80 0 27 72.
5040 80 0 27 63.
5120 80 0 27 68.
5200 80 0 27 72.
5280 80 0 26 75.
5360 80 0 26 68.
5440 80 0 26 72.
5520 80 0 26 63.
5600 80 0 26 68.
5680 80 0 26 72.
5760 80 0 29 75.
5840 80 0 27 70.
5920 80 0 27 73.
6000 80 0 28 63.
6080 80 0 29 70.
6160 80 0 29 73.
6240 80 0 29 75.
6320 80 0 30 70.
6400 80 0 30 73.
6480 80 0 31 63.
6560 80 0 33 70.
6640 80 0 33 73.
6720 80 0 34 77.
6800 80 0 34 70.
6880 80 0 35 73.
6960 80 0 36 63.
7040 80 0 36 70.
7120 80 0 37 73.
7200 80 0 38 75.
7280 80 0 37 70.
7360 80 0 37 73.
7440 80 0 37 63.
7520 80 0 36 70.
7600 80 0 34 73.
7680 80 0 41 82.
7760 80 0 41 72.
7840 80 0 40 75.
7920 80 0 40 63.
8000 80 0 39 72.
8080 80 0 39 75.
8160 80 0 39 80.
8240 80 0 38 72.
8320 80 0 38 75.
8400 80 0 37 63.
8480 80 0 37 72.
8560 80 0 36 75.
8640 80 0 35 80.
8720 80 0 36 72.
8800 80 0 36 76.
8880 80 0 37 64.
8960 80 0 38 72.
9040 80 0 38 76.
9120 80 0 39 80.
9200 80 0 39 72.
9280 80 0 39 76.
9360 80 0 40 64.
9440 80 0 41 72.
9520 80 0 42 76.
9600 80 0 37 80.
9680 80 0 37 73.
9760 80 0 37 77.
9840 80 0 37 68.
9920 80 0 37 73.
10000 80 0 38 77.
10080 80 0 38 80.
10160 80 0 38 73.
10240 80 0 38 77.
10320 80 0 39 68.
10400 80 0 39 73.
10480 80 0 39 77.
10560 80 0 39 80.
10640 80 0 39 73.
10720 80 0 39 77.
10800 80 0 39 68.
10880 80 0 39 73.
10960 80 0 40 77.
11040 80 0 40 82.
11120 80 0 40 73.
11200 80 0 40 77.
11280 80 0 42 67.
11360 80 0 42 73.
11440 80 0 42 77.
11520 80 0 40 84.
11600 80 0 40 72.
11680 80 0 40 77.
11760 80 0 39 67.
11840 80 0 39 72.
11920 80 0 39 77.
12000 80 0 39 82.
12080 80 0 38 72.
12160 80 0 38 76.
12240 80 0 38 67.
12320 80 0 37 72.
12400 80 0 37 76.
12480 80 0 36 80.
12560 80 0 36 72.
12640 80 0 35 77.
12720 80 0 35 68.
12800 80 0 35 72.
12880 80 0 34 77.
12960 80 0 34 77.
13040 80 0 33 71.
13120 80 0 33 75.
13200 80 0 31 65.
13280 80 0 31 71.
13360 80 0 31 75.
13440 80 0 31 77.
13520 80 0 31 70.
13600 80 0 31 75.
13680 80 0 33 65.
13760 80 0 33 70.
13840 80 0 34 75.
13920 80 0 34 79.
14000 80 0 35 70.
14080 80 0 35 75.
14160 80 0 36 65.
14240 80 0 36 70.
14320 80 0 37 75.
14400 80 0 38 80.
14480 80 0 38 70.
14560 80 0 38 74.
14640 80 0 37 65.
14720 80 0 37 68.
14800 80 0 36 70.
14880 80 0 36 70.
14960 80 0 36 65.
15040 80 0 35 68.
15120 80 0 35 58.
15200 80 0 35 65.
15280 80 0 37 68.
15360 80 0 38 70.
15440 80 0 39 65.
15520 80 0 39 68.
15600 80 0 39 58.
15680 80 0 40 65.
15760 80 0 42 68.
15840 80 0 35 72.
15920 80 0 35 63.
16000 80 0 36 68.
16080 80 0 36 58.
16160 80 0 37 63.
16240 80 0 37 68.
16320 80 0 35 73.
16400 80 0 33 63.
16480 80 0 32 67.
16560 80 0 32 58.
16640 80 0 31 61.
16720 80 0 29 63.
16800 80 0 36 63.
16880 80 0 35 58.
16960 80 0 34 61.
17040 80 0 31 51.
17120 80 0 30 58.
17200 80 0 29 61.
17280 80 0 22 75.
17360 80 0 22 68.
17440 80 0 22 72.
17520 80 0 22 63.
17600 80 0 22 68.
17680 80 0 23 72.
17760 80 0 23 75.
17840 80 0 23 68.
17920 80 0 24 72.
18000 80 0 24 63.
18080 80 0 24 68.
18160 80 0 24 72.
18240 80 0 25 75.
18320 80 0 26 68.
18400 80 0 26 72.
18480 80 0 26 63.
18560 80 0 27 68.
18640 80 0 27 72.
18720 80 0 27 75.
18800 80 0 27 68.
18880 80 0 28 72.
18960 80 0 28 63.
19040 80 0 28 68.
19120 80 0 28 72.
19200 80 0 30 77.
19280 80 0 30 68.
19360 80 0 29 72.
19440 80 0 29 63.
19520 80 0 29 68.
19600 80 0 29 72.
19680 80 0 29 75.
19760 80 0 29 68.
19840 80 0 29 72.
19920 80 0 29 63.
20000 80 0 28 68.
20080 80 0 28 72.
20160 80 0 28 75.
20240 80 0 27 68.
20320 80 0 27 72.
20400 80 0 27 63.
20480 80 0 27 68.
20560 80 0 27 72.
20640 80 0 26 75.
20720 80 0 26 68.
20800 80 0 26 72.
20880 80 0 26 63.
20960 80 0 26 68.
21040 80 0 26 72.
21120 80 0 30 75.
21200 80 0 30 70.
21280 80 0 31 73.
21360 80 0 31 63.
21440 80 0 33 70.
21520 80 0 34 73.
21600 80 0 34 82.
21680 80 0 35 70.
21760 80 0 35 73.
21840 80 0 36 63.
21920 80 0 38 70.
22000 80 0 38 73.
22080 80 0 39 84.
22160 80 0 39 70.
22240 80 0 40 73.
22320 80 0 41 63.
22400 80 0 41 70.
22480 80 0 42 73.
22560 80 0 45 79.
22640 80 0 41 70.
22720 80 0 40 73.
22800 80 0 38 63.
22880 80 0 37 70.
22960 80 0 36 73.
23040 80 0 45 82.
23120 80 0 45 72.
23200 80 0 44 75.
23280 80 0 44 63.
23360 80 0 42 72.
23440 80 0 42 75.
23520 80 0 42 80.
23600 80 0 41 72.
23680 80 0 41 75.
23760 80 0 40 63.
23840 80 0 41 72.
23920 80 0 39 75.
24000 80 0 38 80.
24080 80 0 38 72.
24160 80 0 39 76.
24240 80 0 40 64.
24320 80 0 41 72.
24400 80 0 42 76.
24480 80 0 44 80.
24560 80 0 45 72.
24640 80 0 46 76.
24720 80 0 47 64.
24800 80 0 48 72.
24880 80 0 49 76.
24960 80 0 41 80.
25040 80 0 41 73.
25120 80 0 41 77.
25200 80 0 42 68.
25280 80 0 42 73.
25360 80 0 42 77.
25440 80 0 44 80.
25520 80 0 44 73.
25600 80 0 44 77.
25680 80 0 45 68.
25760 80 0 45 73.
25840 80 0 45 77.
25920 80 0 46 80.
26000 80 0 46 73.
26080 80 0 46 77.
26160 80 0 47 68.
26240 80 0 47 73.
26320 80 0 47 77.
26400 80 0 48 82.
26480 80 0 48 73.
26560 80 0 48 77.
26640 80 0 49 67.
26720 80 0 49 73.
26800 80 0 49 77.
26880 80 0 46 84.
26960 80 0 44 72.
27040 80 0 44 77.
27120 80 0 42 67.
27200 80 0 42 72.
27280 80 0 41 77.
27360 80 0 41 79.
27440 80 0 40 72.
27520 80 0 40 77.
27600 80 0 40 67.
27680 80 0 39 72.
27760 80 0 39 77.
27840 80 0 37 79.
27920 80 0 37 72.
28000 80 0 36 76.
28080 80 0 36 67.
28160 80 0 36 72.
28240 80 0 34 76.
28320 80 0 34 79.
28400 80 0 33 72.
28480 80 0 33 76.
28560 80 0 31 67.
28640 80 0 31 72.
28720 80 0 31 76.
28800 80 0 28 79.
28880 80 0 28 71.
28960 80 0 28 76.
29040 80 0 33 65.
29120 80 0 29 71.
29200 80 0 29 76.
29280 80 0 28 79.
29360 80 0 28 71.
29440 80 0 28 74.
29520 80 0 28 65.
29600 80 0 28 71.
29680 80 0 28 74.
29760 80 0 29 79.
29840 80 0 29 71.
29920 80 0 29 77.
30000 80 0 29 65.
30080 80 0 29 71.
30160 80 0 28 77.
30240 80 0 28 79.
30320 80 0 28 71.
30400 80 0 28 76.
30480 80 0 30 65.
30560 80 0 30 71.
30640 80 0 33 76.
30720 80 0 29 74.
30800 80 0 25 65.
30880 80 0 25 67.
30960 80 0 25 60.
31040 80 0 26 65.
31120 80 0 27 67.
31200 80 0 28 72.
31280 80 0 26 64.
31360 80 0 26 67.
31440 80 0 26 60.
31520 80 0 26 64.
31600 80 0 26 67.
31680 80 0 28 72.
31760 80 0 26 62.
31840 80 0 26 67.
31920 80 0 26 60.
32000 80 0 26 62.
32080 80 0 25 67.
32160 80 0 28 72.
32240 80 0 25 64.
32320 80 0 25 67.
32400 80 0 24 60.
32480 80 0 22 64.
32560 80 0 20 67.
32640 80 0 22 72.
32720 80 0 22 67.
32800 80 0 22 70.
32880 80 0 22 60.
32960 80 0 22 67.
33040 80 0 23 70.
33120 80 0 23 72.
33200 80 0 23 67.
33280 80 0 24 70.
33360 80 0 24 60.
33440 80 0 24 67.
33520 80 0 24 70.
33600 80 0 25 73.
33680 80 0 26 67.
33760 80 0 26 70.
33840 80 0 26 60.
33920 80 0 27 67.
34000 80 0 27 70.
34080 80 0 27 72.
34160 80 0 27 67.
34240 80 0 28 70.
34320 80 0 28 60.
34400 80 0 28 67.
34480 80 0 28 70.
34560 80 0 28 72.
34640 80 0 28 65.
34720 80 0 28 70.
34800 80 0 29 60.
34880 80 0 29 65.
34960 80 0 29 70.
35040 80 0 30 74.
35120 80 0 30 65.
35200 80 0 31 68.
35280 80 0 31 60.
35360 80 0 31 65.
35440 80 0 33 68.
35520 80 0 33 76.
35600 80 0 34 67.
35680 80 0 34 72.
35760 80 0 34 60.
35840 80 0 35 67.
35920 80 0 35 72.
36000 80 0 35 77.
36080 80 0 36 68.
36160 80 0 36 72.
36240 80 0 37 60.
36320 80 0 37 68.
36400 80 0 37 72.
36480 80 0 35 75.
36560 80 0 35 70.
36640 80 0 35 73.
36720 80 0 36 63.
36800 80 0 36 70.
36880 80 0 37 73.
36960 80 0 37 75.
37040 80 0 38 70.
37120 80 0 38 73.
37200 80 0 38 63.
37280 80 0 39 70.
37360 80 0 39 73.
37440 80 0 40 77.
37520 80 0 40 70.
37600 80 0 41 73.
37680 80 0 41 63.
37760 80 0 42 70.
37840 80 0 42 73.
37920 80 0 44 75.
38000 80 0 44 70.
38080 80 0 42 73.
38160 80 0 41 63.
38240 80 0 40 70.
38320 80 0 39 73.
38400 80 0 45 75.
38480 80 0 36 68.
38560 80 0 36 73.
38640 80 0 37 63.
38720 80 0 37 68.
38800 80 0 38 73.
38880 80 0 38 77.
38960 80 0 39 68.
39040 80 0 39 72.
39120 80 0 39 63.
39200 80 0 40 68.
39280 80 0 40 72.
39360 80 0 41 79.
39440 80 0 41 68.
39520 80 0 42 72.
39600 80 0 42 63.
39680 80 0 44 68.
39760 80 0 44 72.
39840 80 0 45 80.
39920 80 0 44 68.
40000 80 0 45 72.
40080 80 0 46 63.
40160 80 0 47 68.
40240 80 0 48 72.
40320 80 0 46 79.
40400 80 0 46 72.
40480 80 0 47 75.
40560 80 0 48 67.
40640 80 0 48 72.
40720 80 0 49 75.
40800 80 0 50 79.
40880 80 0 51 72.
40960 80 0 51 75.
41040 80 0 52 67.
41120 80 0 53 72.
41200 80 0 53 75.
41280 80 0 51 80.
41360 80 0 50 72.
41440 80 0 49 74.
41520 80 0 48 65.
41600 80 0 47 72.
41680 80 0 46 74.
41760 80 0 45 77.
41840 80 0 44 71.
41920 80 0 42 74.
42000 80 0 41 65.
42080 80 0 40 71.
42160 80 0 39 74.
42240 80 0 29 76.
42320 80 0 28 67.
42400 80 0 28 72.
42480 80 0 28 64.
42560 80 0 29 67.
42640 80 0 29 72.
42720 80 0 29 74.
42800 80 0 30 68.
42880 80 0 30 71.
42960 80 0 30 62.
43040 80 0 31 68.
43120 80 0 31 71.
43200 80 0 33 77.
43280 80 0 33 68.
43360 80 0 31 71.
43440 80 0 31 65.
43520 80 0 31 68.
43600 80 0 30 71.
43680 80 0 30 76.
43760 80 0 29 68.
43840 80 0 29 71.
43920 80 0 29 64.
44000 80 0 28 68.
44080 80 0 28 71.
44160 80 0 27 76.
44240 80 0 29 67.
44320 80 0 30 72.
44400 80 0 31 64.
44480 80 0 31 67.
44560 80 0 33 72.
44640 80 0 34 74.
44720 80 0 34 68.
44800 80 0 35 71.
44880 80 0 36 62.
44960 80 0 36 68.
45040 80 0 37 71.
45120 80 0 37 77.
45200 80 0 37 68.
45280 80 0 36 71.
45360 80 0 36 65.
45440 80 0 36 68.
45520 80 0 34 71.
45600 80 0 34 76.
45680 80 0 33 68.
45760 80 0 33 71.
45840 80 0 31 64.
45920 80 0 31 68.
46000 80 0 31 71.
46080 80 0 29 76.
46160 80 0 29 69.
46240 80 0 30 73.
46320 80 0 31 64.
46400 80 0 31 69.
46480 80 0 33 73.
46560 80 0 34 74.
46640 80 0 34 69.
46720 80 0 35 71.
46800 80 0 36 62.
46880 80 0 36 69.
46960 80 0 37 71.
47040 80 0 37 78.
47120 80 0 37 69.
47200 80 0 36 71.
47280 80 0 36 66.
47360 80 0 36 69.
47440 80 0 34 71.
47520 80 0 34 76.
47600 80 0 33 68.
47680 80 0 33 74.
47760 80 0 31 64.
47840 80 0 31 68.
47920 80 0 31 74.
48000 80 0 38 76.
48080 80 0 36 69.
48160 80 0 36 73.
48240 80 0 38 64.
48320 80 0 38 69.
48400 80 0 39 73.
48480 80 0 39 81.
48560 80 0 40 73.
48640 80 0 40 76.
48720 80 0 42 69.
48800 80 0 42 73.
48880 80 0 44 76.
48960 80 0 44 83.
49040 80 0 45 75.
49120 80 0 45 78.
49200 80 0 46 69.
49280 80 0 46 75.
49360 80 0 48 78.
49440 80 0 48 84.
49520 80 0 49 75.
49600 80 0 49 78.
49680 80 0 50 68.
49760 80 0 50 75.
49840 80 0 52 78.
49920 80 0 52 84.
50000 80 0 52 73.
50080 80 0 53 77.
50160 80 0 53 65.
50240 80 0 53 73.
50320 80 0 55 77.
50400 80 0 55 82.
50480 80 0 57 73.
50560 80 0 57 77.
50640 80 0 58 65.
50720 80 0 58 73.
50800 80 0 59 77.
50880 80 0 59 85.
50960 80 0 59 70.
51040 80 0 60 73.
51120 80 0 60 65.
51200 80 0 62 70.
51280 80 0 62 73.
51360 80 0 63 77.
51440 80 0 53 70.
51520 80 0 53 73.
51600 80 0 53 65.
51680 80 0 52 70.
51760 80 0 53 73.
51840 80 0 50 82.
51920 80 0 52 72.
52000 80 0 53 75.
52080 80 0 53 63.
52160 80 0 53 72.
52240 80 0 55 75.
52320 80 0 55 80.
52400 80 0 57 72.
52480 80 0 57 75.
52560 80 0 58 63.
52640 80 0 58 72.
52720 80 0 59 75.
52800 80 0 59 84.
52880 80 0 59 68.
52960 80 0 60 72.
53040 80 0 60 63.
53120 80 0 62 68.
53200 80 0 62 72.
53280 80 0 63 75.
53360 80 0 57 68.
53440 80 0 57 72.
53520 80 0 57 63.
53600 80 0 57 68.
53680 80 0 57 72.
53760 80 0 50 75.
53840 80 0 52 67.
53920 80 0 53 70.
54000 80 0 53 61.
54080 80 0 53 67.
54160 80 0 55 70.
54240 80 0 55 76.
54320 80 0 57 67.
54400 80 0 57 70.
54480 80 0 58 61.
54560 80 0 58 67.
54640 80 0 59 70.
54720 80 0 59 77.
54800 80 0 59 67.
54880 80 0 60 70.
54960 80 0 60 61.
55040 80 0 62 67.
55120 80 0 62 70.
55200 80 0 63 75.
55280 80 0 57 67.
55360 80 0 57 70.
55440 80 0 57 61.
55520 80 0 57 67.
55600 80 0 57 70.
55680 80 0 50 73.
55760 80 0 50 65.
55840 80 0 50 68.
55920 80 0 50 61.
56000 80 0 50 65.
56080 80 0 50 68.
56160 80 0 50 72.
56240 80 0 49 65.
56320 80 0 49 68.
56400 80 0 49 60.
56480 80 0 49 65.
56560 80 0 49 68.
56640 80 0 48 72.
56720 80 0 48 63.
56800 80 0 48 65.
56880 80 0 48 60.
56960 80 0 48 63.
57040 80 0 48 65.
57120 80 0 48 84.
57200 80 0 49 75.
57280 80 0 49 77.
57360 80 0 50 72.
57440 80 0 50 75.
57520 80 0 52 77.
57600 80 0 52 84.
57680 80 0 52 73.
57760 80 0 53 77.
57840 80 0 53 65.
57920 80 0 53 73.
58000 80 0 55 77.
58080 80 0 55 82.
58160 80 0 57 73.
58240 80 0 57 77.
58320 80 0 58 65.
58400 80 0 58 73.
58480 80 0 59 77.
58560 80 0 57 85.
58640 80 0 57 70.
58720 80 0 57 73.
58800 80 0 55 64.
58880 80 0 55 70.
58960 80 0 55 73.
59040 80 0 53 76.
59120 80 0 53 70.
59200 80 0 53 73.
59280 80 0 53 64.
59360 80 0 52 70.
59440 80 0 53 73.
59520 80 0 50 82.
59600 80 0 52 72.
59680 80 0 53 75.
59760 80 0 53 63.
59840 80 0 53 72.
59920 80 0 55 75.
60000 80 0 55 80.
60080 80 0 52 72.
60160 80 0 52 75.
60240 80 0 53 63.
60320 80 0 53 72.
60400 80 0 53 75.
60480 80 0 55 84.
60560 80 0 55 68.
60640 80 0 56 72.
60720 80 0 56 63.
60800 80 0 56 68.
60880 80 0 57 72.
60960 80 0 57 75.
61040 80 0 58 68.
61120 80 0 57 72.
61200 80 0 57 63.
61280 80 0 57 68.
61360 80 0 57 72.
61440 80 0 40 75.
61520 80 0 40 69.
61600 80 0 41 72.
61680 80 0 41 63.
61760 80 0 42 69.
61840 80 0 42 72.
1920 80 0 35 32.
2000 80 0 17 51.
2080 80 0 18 56.
2160 80 0 18 60.
2240 80 0 18 56.
2320 80 0 18 51.
2400 80 0 30 44.
2480 80 0 19 51.
2560 80 0 19 56.
2640 80 0 19 60.
2720 80 0 20 56.
2800 80 0 20 51.
2880 80 0 20 44.
2960 80 0 20 51.
3040 80 0 20 56.
3120 80 0 20 60.
3200 80 0 22 56.
3280 80 0 22 51.
3360 80 0 23 44.
3440 80 0 23 51.
3520 80 0 23 56.
3600 80 0 24 60.
3680 80 0 24 56.
3760 80 0 24 51.
3840 80 0 26 44.
3920 80 0 26 51.
4000 80 0 25 56.
4080 80 0 25 60.
4160 80 0 25 56.
4240 80 0 24 51.
4320 80 0 24 44.
5760 80 0 24 44.
21120 80 0 25 44.
36480 120 0 42 43.
40320 120 0 47 39.
54720 80 0 70 39.
59520 80 0 63 39.

