4 960 0 103 83.
4 960 0 94 77.
4 960 0 94 71.
3360 360 0 102 80.
3360 360 0 93 77.
3720 120 0 87 67.
3840 960 0 106 86.
3840 960 0 96 79.
7200 360 0 101 80.
7200 360 0 92 77.
7560 120 0 88 67.
7680 240 0 96 77.
7680 240 0 96 79.
7922 132 0 87 92.
11882 132 0 72 53.
18600 130 0 95 84.
18720 370 0 93 74.
19080 120 0 97 75.
19200 960 0 104 75.
20520 120 0 47 72.
20520 120 0 47 75.
20640 360 0 47 67.
20640 360 0 47 75.
21000 120 0 54 67.
21000 120 0 54 75.
21120 960 0 55 80.
21120 960 0 55 75.
22080 240 0 47 67.
22080 240 0 47 75.
22440 130 0 95 84.
22560 370 0 92 74.
22920 120 0 97 75.
23040 960 0 103 75.
24360 120 0 69 67.
24360 120 0 69 75.
24480 360 0 69 67.
24480 360 0 69 75.
24840 120 0 82 79.
24840 120 0 75 75.
24960 1920 0 84 69.
24960 1920 0 84 75.
26880 300 0 95 74.
26880 300 0 105 86.
27360 480 0 91 79.
27360 480 0 83 74.
28200 120 0 66 67.
28200 120 0 72 79.
28320 360 0 81 73.
28320 360 0 89 80.
28680 120 0 65 73.
28680 120 0 71 79.
28800 250 0 74 67.
28800 250 0 81 79.
29040 120 0 70 72.
29280 480 0 77 65.
29280 480 0 86 77.
30120 120 0 63 65.
30120 120 0 69 77.
30240 360 0 79 67.
30240 360 0 87 79.
30600 120 0 63 65.
30600 120 0 69 77.
30720 1800 0 76 64.
30720 1800 0 84 76.
32520 120 0 70 63.
32640 960 0 75 71.
32640 480 0 75 75.
33120 480 0 63 74.
37800 130 0 61 72.
37920 370 0 67 86.
38280 120 0 62 75.
38400 960 0 72 75.
39720 120 0 51 67.
39720 120 0 51 75.
39840 360 0 51 67.
39840 360 0 51 75.
40200 120 0 51 67.
40200 120 0 51 75.
40320 960 0 60 68.
40320 960 0 60 75.
41280 240 0 56 79.
41280 240 0 51 75.
41640 130 0 72 72.
41760 370 0 84 74.
42120 120 0 92 75.
42240 960 0 97 75.
43560 120 0 81 79.
43560 120 0 74 75.
43680 360 0 74 67.
43680 360 0 74 75.
44040 120 0 76 67.
44040 120 0 76 75.
44160 1920 0 95 81.
44160 1920 0 87 77.
46080 720 0 71 70.
46080 720 0 77 82.
46800 480 0 73 70.
46800 480 0 80 82.
47280 480 0 76 70.
47280 480 0 84 82.
47760 480 0 79 79.
47760 480 0 87 83.
48240 480 0 82 79.
48240 480 0 82 82.
48720 480 0 85 73.
48720 480 0 85 82.
49200 250 0 89 74.
49200 250 0 97 86.
49440 250 0 90 75.
49440 250 0 99 87.
49680 250 0 92 76.
49680 250 0 101 88.
49920 960 0 97 82.
49920 960 0 97 86.
50880 480 0 90 82.
50880 480 0 90 77.
51360 480 0 84 77.
51840 240 0 76 74.
53760 1440 0 83 71.
53760 1440 0 83 80.
55200 360 0 72 75.
55200 360 0 66 71.
55560 120 0 74 65.
55680 1440 0 91 78.
55680 1440 0 83 75.
57120 360 0 73 66.
57480 120 0 85 80.
57600 1440 0 91 81.
57600 1440 0 83 73.
59040 360 0 76 73.
59040 360 0 70 69.
59400 120 0 77 63.
59520 1440 0 91 76.
59520 1440 0 83 73.
60960 360 0 73 64.
61320 120 0 77 66.
61440 1440 0 83 68.
61440 1440 0 83 78.
62880 360 0 88 80.
62880 360 0 80 78.
63240 120 0 84 70.
63360 480 0 99 83.
63360 480 0 91 80.
63840 960 0 91 70.
63840 960 0 91 80.
64800 360 0 93 70.
64800 360 0 93 80.
65160 120 0 93 72.
65280 480 0 95 73.
65280 480 0 95 82.
65760 480 0 90 82.
65760 480 0 90 79.
69120 960 0 104 92.
69120 960 0 95 84.
70080 480 0 95 89.
70080 480 0 88 77.
70560 480 0 84 72.
70560 480 0 92 84.
71040 1440 0 87 77.
71040 960 0 95 82.
72000 480 0 77 80.
72960 960 0 84 80.
72960 960 0 84 84.
73920 480 0 87 89.
73920 480 0 79 77.
74400 480 0 79 72.
74400 480 0 87 84.
74880 1440 0 86 72.
74880 1440 0 94 84.
76320 360 0 75 71.
76320 360 0 82 83.
76680 120 0 85 72.
76800 960 0 93 74.
76800 960 0 93 77.
80160 360 0 94 68.
80160 360 0 94 77.
80520 120 0 89 67.
80640 960 0 107 89.
80640 960 0 97 77.
84000 360 0 95 80.
84000 360 0 88 77.
84360 120 0 84 67.
84480 240 0 98 77.
84480 240 0 98 79.
84722 132 0 87 92.
95400 130 0 97 84.
95520 170 0 91 73.
95680 245 0 96 74.
95920 70 0 91 75.
96000 960 0 104 75.
97320 120 0 49 79.
97320 120 0 49 75.
97440 360 0 49 67.
97440 360 0 49 75.
97800 120 0 56 79.
97800 120 0 56 75.
97920 960 0 57 80.
97920 960 0 57 72.
98880 160 0 63 67.
98880 160 0 63 75.
99040 160 0 82 83.
99200 170 0 87 84.
99360 170 0 88 73.
99520 160 0 99 74.
99760 80 0 95 75.
99840 960 0 106 75.
101160 120 0 54 79.
101160 120 0 49 75.
101280 360 0 55 67.
101280 360 0 55 75.
101640 120 0 67 67.
101640 120 0 67 75.
235 132 0 73 68.
361 132 0 73 67.
477 132 0 79 65.
603 132 0 72 62.
721 132 0 72 63.
840 132 0 71 62.
958 132 0 79 59.
1918 132 0 79 47.
2035 132 0 71 43.
2156 132 0 71 44.
2279 132 0 69 43.
2396 132 0 79 41.
2516 132 0 71 38.
2645 132 0 71 39.
2759 132 0 68 38.
2876 158 0 76 36.
2995 158 0 69 31.
3115 158 0 70 36.
3239 158 0 68 31.
3360 158 0 74 36.
3481 158 0 71 31.
3601 158 0 75 36.
3721 132 0 74 31.
3836 120 0 79 35.
4199 132 0 70 67.
4318 132 0 79 65.
4435 132 0 72 62.
4561 132 0 72 63.
4683 132 0 70 62.
4803 132 0 79 59.
4920 132 0 71 55.
5038 132 0 71 56.
5164 132 0 68 55.
5282 132 0 79 53.
5405 132 0 72 50.
5525 132 0 72 51.
5640 132 0 70 50.
5756 132 0 79 47.
5880 132 0 71 43.
5997 132 0 71 44.
6124 132 0 70 43.
6237 132 0 79 41.
6363 132 0 71 38.
6484 132 0 71 39.
6605 132 0 69 38.
6725 158 0 79 36.
6841 158 0 72 31.
6959 158 0 73 36.
7077 158 0 73 31.
8043 132 0 71 79.
8162 132 0 79 77.
8280 132 0 71 74.
8396 132 0 71 75.
8519 132 0 70 74.
8644 132 0 79 71.
8755 132 0 70 67.
8880 132 0 70 68.
9002 132 0 69 67.
9119 132 0 79 65.
9236 132 0 71 62.
9365 132 0 71 63.
9485 132 0 69 62.
9601 132 0 79 59.
9718 132 0 71 55.
9840 132 0 71 56.
9959 132 0 69 55.
10084 132 0 79 53.
10198 132 0 71 50.
10320 132 0 71 51.
10437 132 0 69 50.
10565 132 0 79 47.
10678 132 0 71 43.
10803 132 0 71 44.
10921 132 0 69 43.
11037 132 0 79 41.
11163 132 0 71 38.
11284 132 0 71 39.
11399 132 0 70 38.
11520 120 0 62 36.
11755 120 0 67 43.
12001 132 0 65 39.
12115 132 0 65 38.
12240 132 0 64 39.
12357 132 0 63 38.
12484 132 0 63 36.
12601 120 0 62 35.
12837 132 0 68 44.
12964 132 0 69 43.
13076 132 0 69 41.
13196 132 0 68 43.
13323 132 0 68 41.
13438 132 0 67 39.
13565 120 0 67 38.
13678 132 0 76 51.
13798 132 0 73 50.
13916 132 0 74 48.
14043 132 0 75 47.
14164 132 0 76 48.
14282 132 0 77 47.
14401 132 0 79 44.
14523 132 0 80 43.
14637 132 0 81 44.
14756 132 0 83 43.
14875 132 0 83 41.
14995 132 0 85 39.
15123 132 0 88 41.
15244 132 0 90 39.
15356 120 0 92 36.
15595 132 0 50 48.
15716 132 0 52 50.
15839 132 0 54 51.
16315 132 0 60 63.
16798 132 0 57 51.
16919 132 0 56 50.
17037 132 0 55 48.
17161 132 0 54 43.
17280 132 0 56 36.
17401 132 0 59 43.
17516 132 0 62 48.
17640 132 0 63 50.
17765 132 0 68 51.
17882 132 0 66 50.
18005 132 0 63 48.
18117 120 0 59 43.
18356 132 0 59 43.
18485 132 0 63 48.
18600 132 0 65 50.
18725 132 0 67 51.
18836 132 0 65 50.
18961 132 0 63 48.
19076 120 0 61 43.
19325 132 0 46 43.
19435 132 0 47 48.
19564 132 0 49 50.
19678 132 0 51 51.
19797 132 0 52 55.
19923 132 0 54 60.
20039 132 0 55 62.
20157 132 0 57 63.
21241 132 0 36 43.
21362 132 0 39 48.
21481 132 0 40 50.
21599 132 0 45 51.
21717 132 0 46 50.
21843 132 0 45 48.
21961 120 0 43 43.
22197 132 0 45 43.
22317 132 0 50 48.
22441 132 0 54 50.
22562 132 0 59 51.
22681 132 0 57 50.
22798 132 0 57 48.
22920 120 0 55 43.
23035 132 0 53 36.
23163 132 0 51 43.
23281 132 0 53 48.
23401 132 0 54 50.
23522 132 0 56 51.
23643 132 0 57 55.
23756 132 0 60 60.
23881 132 0 62 62.
24004 132 0 64 63.
24125 132 0 61 62.
24241 132 0 59 60.
24363 132 0 57 55.
24475 132 0 55 51.
24602 132 0 52 50.
24725 132 0 50 48.
24838 120 0 48 43.
24961 132 0 77 36.
25444 132 0 56 51.
25564 132 0 57 50.
25683 132 0 57 48.
25796 120 0 59 42.
26035 132 0 56 42.
26155 132 0 59 48.
26282 132 0 57 50.
26404 132 0 57 51.
26520 132 0 60 50.
26639 132 0 62 48.
26759 120 0 60 42.
26878 132 0 70 35.
27000 132 0 54 47.
27120 132 0 57 50.
27236 132 0 61 55.
27358 132 0 61 62.
27483 132 0 60 55.
27598 132 0 59 50.
27724 120 0 61 47.
27964 132 0 59 46.
28082 132 0 62 49.
28198 132 0 64 55.
28325 132 0 67 61.
28436 132 0 65 55.
28555 132 0 66 49.
28683 120 0 65 46.
28800 132 0 60 33.
28921 132 0 62 45.
29045 132 0 63 48.
29155 132 0 65 53.
29284 132 0 67 60.
29402 132 0 60 53.
29518 132 0 62 48.
29636 120 0 60 45.
29760 132 0 57 32.
30719 132 0 47 31.
30840 132 0 47 43.
30963 132 0 48 48.
31080 132 0 47 47.
31199 132 0 51 49.
31322 132 0 53 48.
31440 132 0 55 50.
31561 132 0 54 49.
31679 132 0 56 51.
31795 132 0 55 50.
31922 132 0 57 52.
32036 132 0 57 51.
32161 132 0 59 53.
32284 132 0 60 52.
32400 132 0 57 54.
32523 132 0 57 53.
32640 132 0 54 55.
32759 132 0 54 54.
32883 132 0 54 56.
33001 132 0 54 55.
33118 132 0 54 58.
33245 132 0 54 56.
33361 132 0 54 55.
33476 132 0 54 53.
33599 132 0 54 51.
33716 132 0 54 50.
33843 132 0 52 48.
33965 132 0 51 47.
34081 132 0 47 44.
34195 132 0 44 43.
34318 132 0 40 41.
34435 120 0 37 38.
34676 132 0 32 43.
34804 132 0 35 48.
34924 132 0 36 50.
35041 132 0 39 51.
35162 132 0 40 55.
35284 132 0 43 60.
35395 132 0 44 62.
35516 132 0 47 63.
35642 132 0 44 62.
35761 132 0 43 60.
35877 132 0 41 55.
35995 132 0 39 51.
36116 132 0 37 50.
36241 132 0 35 48.
36358 120 0 33 43.
36599 132 0 35 43.
36722 132 0 39 48.
36843 132 0 43 50.
36963 132 0 45 51.
37080 132 0 42 50.
37201 132 0 39 48.
37323 120 0 35 43.
37556 132 0 34 43.
37681 132 0 37 48.
37799 132 0 40 50.
37917 132 0 44 51.
38036 132 0 44 50.
38164 132 0 42 48.
38275 120 0 38 43.
38521 132 0 33 43.
38638 132 0 35 48.
38761 132 0 36 50.
38877 132 0 39 51.
38998 132 0 40 55.
39116 132 0 42 60.
39243 132 0 43 62.
39356 132 0 47 63.
40324 132 0 38 36.
40797 132 0 50 51.
40920 132 0 47 50.
41045 132 0 45 48.
41155 120 0 43 43.
41400 132 0 43 43.
41519 132 0 44 48.
41636 132 0 49 50.
41757 132 0 51 51.
42365 132 0 47 43.
42475 132 0 48 48.
42595 132 0 50 50.
42715 132 0 51 51.
42838 132 0 51 55.
42965 132 0 54 60.
43079 132 0 55 62.
43199 132 0 57 63.
43325 132 0 55 62.
43444 132 0 55 60.
43560 132 0 53 55.
43684 132 0 51 51.
43802 132 0 50 50.
43919 132 0 48 48.
44037 120 0 47 43.
44155 132 0 57 36.
44280 132 0 48 43.
44405 132 0 50 48.
44519 132 0 51 50.
44637 132 0 54 51.
44761 132 0 52 50.
44877 132 0 51 48.
45000 120 0 49 41.
45239 132 0 49 43.
45364 132 0 51 48.
45475 132 0 53 50.
45605 132 0 55 51.
45721 132 0 54 50.
45843 132 0 53 48.
45960 120 0 51 41.
46076 132 0 73 38.
46197 132 0 42 46.
46319 132 0 42 47.
46435 120 0 41 46.
46675 132 0 44 46.
46802 132 0 44 47.
46924 120 0 43 46.
47035 132 0 72 39.
47163 132 0 46 46.
47282 132 0 47 47.
47402 120 0 47 46.
47640 132 0 49 46.
47762 132 0 49 47.
47876 120 0 49 46.
48123 132 0 52 46.
48243 132 0 52 48.
48355 120 0 51 46.
48602 132 0 54 46.
48722 132 0 54 48.
48835 120 0 56 46.
49085 132 0 57 46.
49195 132 0 57 58.
49318 120 0 57 46.
49436 132 0 73 42.
49565 132 0 60 46.
49681 132 0 60 58.
49798 120 0 59 46.
50039 132 0 63 46.
50162 132 0 65 50.
50277 132 0 68 53.
50396 132 0 71 58.
50517 120 0 73 62.
51004 132 0 76 62.
51119 132 0 76 58.
51235 132 0 73 55.
51363 132 0 71 53.
51476 132 0 67 51.
51605 132 0 65 48.
51723 132 0 61 41.
51844 120 0 61 34.
51957 132 0 63 49.
52080 132 0 62 48.
52195 132 0 59 47.
52323 132 0 57 46.
52436 132 0 63 48.
52559 132 0 61 47.
52678 132 0 59 46.
52805 132 0 56 45.
52915 132 0 64 47.
53037 132 0 61 46.
53157 132 0 59 45.
53277 132 0 64 44.
53396 132 0 55 46.
53521 132 0 61 45.
53644 120 0 66 44.
54123 132 0 52 44.
54242 132 0 53 47.
54362 132 0 56 51.
54485 132 0 52 46.
54600 132 0 53 47.
54725 132 0 56 51.
54842 132 0 57 56.
54956 132 0 54 50.
55081 132 0 56 51.
55201 132 0 59 56.
55319 132 0 62 59.
55445 132 0 61 55.
55560 120 0 65 56.
55800 132 0 55 63.
56158 132 0 59 58.
56275 132 0 61 63.
56403 132 0 51 50.
56517 132 0 54 51.
56635 132 0 59 54.
56759 132 0 61 58.
56881 132 0 54 45.
56995 132 0 56 46.
57117 132 0 57 51.
57236 132 0 61 54.
57362 132 0 63 41.
57479 120 0 69 42.
57842 132 0 49 41.
58082 132 0 52 45.
58199 132 0 55 49.
58324 132 0 51 44.
58441 132 0 52 45.
58557 132 0 54 49.
58685 132 0 56 54.
58804 132 0 54 48.
58919 132 0 56 49.
59045 132 0 57 54.
59157 132 0 61 57.
59284 132 0 65 53.
59401 120 0 67 54.
59519 60 0 70 37.
59762 132 0 53 51.
59875 132 0 56 52.
59998 132 0 59 56.
60482 132 0 59 52.
60959 132 0 57 49.
61084 132 0 61 52.
61198 132 0 62 39.
61319 120 0 65 40.
61558 132 0 60 63.
61923 132 0 60 57.
62397 132 0 66 51.
62522 132 0 65 49.
62645 132 0 68 48.
62759 132 0 70 45.
62880 132 0 71 43.
62996 132 0 71 44.
63124 132 0 74 39.
63237 120 0 75 44.
63482 132 0 73 65.
63599 132 0 73 57.
63722 132 0 71 58.
63835 132 0 72 59.
64318 132 0 68 53.
64438 132 0 67 51.
64562 132 0 67 50.
64676 132 0 66 47.
64799 132 0 64 45.
64915 132 0 63 46.
65042 132 0 63 41.
65162 120 0 62 46.
65277 60 0 60 40.
65402 132 0 57 67.
65760 132 0 59 61.
65876 132 0 59 60.
66000 132 0 59 58.
66115 132 0 57 56.
66245 132 0 57 55.
66360 132 0 57 53.
66485 132 0 57 52.
66603 132 0 55 55.
67199 132 0 55 47.
67315 132 0 55 48.
67443 132 0 57 49.
67556 132 0 55 48.
67675 132 0 57 46.
67798 132 0 59 44.
67923 132 0 60 43.
68037 132 0 62 41.
68158 145 0 63 40.
68999 120 0 73 31.
69118 132 0 76 29.
69244 132 0 63 36.
69365 132 0 63 41.
69481 132 0 63 43.
69605 132 0 63 44.
70079 132 0 72 56.
70198 132 0 75 60.
70318 132 0 76 65.
70435 132 0 77 67.
70561 132 0 79 68.
70679 132 0 77 67.
70795 132 0 71 65.
70915 120 0 67 60.
71164 132 0 63 65.
71285 132 0 62 61.
71399 132 0 61 56.
71523 132 0 59 53.
71641 132 0 57 49.
71763 132 0 57 44.
71884 120 0 56 41.
72001 158 0 55 37.
72121 158 0 54 32.
72235 158 0 55 37.
72363 144 0 52 41.
72480 158 0 55 37.
72601 158 0 54 32.
72721 158 0 55 37.
72841 120 0 53 41.
73082 132 0 53 36.
73198 132 0 55 41.
73315 132 0 53 43.
73437 132 0 56 44.
73919 132 0 59 56.
74401 132 0 60 68.
74524 132 0 63 67.
74637 132 0 60 65.
74760 120 0 57 60.
75003 132 0 57 65.
75125 132 0 59 62.
75237 132 0 57 60.
75364 132 0 59 56.
75483 132 0 59 53.
75605 132 0 59 50.
75724 132 0 57 48.
75844 132 0 57 44.
75961 132 0 57 41.
76077 132 0 57 38.
76201 132 0 55 36.
76317 132 0 57 32.
76437 132 0 61 36.
76563 132 0 65 38.
76683 120 0 68 44.
76796 240 0 79 31.
77155 132 0 72 67.
77283 132 0 79 65.
77404 132 0 72 62.
77516 132 0 72 63.
77638 132 0 69 62.
77761 132 0 79 59.
77880 132 0 72 55.
78003 132 0 72 56.
78117 132 0 70 55.
78243 132 0 79 53.
78365 132 0 71 50.
78475 132 0 71 51.
78602 132 0 70 50.
78722 132 0 79 47.
78836 132 0 70 43.
78955 132 0 71 44.
79078 132 0 69 43.
79202 132 0 79 41.
79324 132 0 70 38.
79441 132 0 71 39.
79559 120 0 68 38.
79797 158 0 69 31.
79922 158 0 72 36.
80037 158 0 71 31.
80643 120 0 79 35.
80995 132 0 71 67.
81115 132 0 79 65.
81238 132 0 72 62.
81362 132 0 72 63.
81478 132 0 71 62.
81599 132 0 79 59.
81719 132 0 71 55.
81835 132 0 71 56.
81960 132 0 69 55.
82082 132 0 79 53.
82198 132 0 72 50.
82322 132 0 72 51.
82444 132 0 71 50.
82560 132 0 79 47.
82681 132 0 71 43.
82795 132 0 71 44.
82920 132 0 70 43.
83037 132 0 79 41.
83159 132 0 71 38.
83284 132 0 71 39.
83400 132 0 70 38.
83515 132 0 79 36.
83641 132 0 71 31.
83762 132 0 73 36.
83883 132 0 74 31.
84004 132 0 76 36.
84124 132 0 76 31.
84238 132 0 79 36.
84364 120 0 79 31.
84480 120 0 79 35.
84722 132 0 79 80.
92163 132 0 93 36.
92284 132 0 51 43.
92402 132 0 52 48.
92522 132 0 53 50.
92640 132 0 54 51.
92763 132 0 56 55.
92883 132 0 57 60.
93005 132 0 57 62.
93120 132 0 60 63.
93238 132 0 60 62.
93356 132 0 59 60.
93484 132 0 57 55.
93604 132 0 57 51.
93720 132 0 57 50.
93836 132 0 56 48.
93964 120 0 55 43.
94083 132 0 53 36.
94195 132 0 55 43.
94319 132 0 57 48.
94445 132 0 59 50.
94555 132 0 61 51.
94676 132 0 61 50.
94797 132 0 60 48.
94916 120 0 59 43.
95156 132 0 59 43.
95281 132 0 63 48.
95401 132 0 66 50.
95522 132 0 68 51.
95643 132 0 64 50.
95765 132 0 60 48.
95882 120 0 56 43.
95998 132 0 52 36.
96956 132 0 53 63.
98035 132 0 45 43.
98163 132 0 47 48.
98283 132 0 50 50.
98404 132 0 50 51.
98515 132 0 50 50.
98639 132 0 50 48.
98759 120 0 49 43.
99000 132 0 49 43.
99120 132 0 51 48.
99243 132 0 53 50.
99357 132 0 55 51.
99481 132 0 55 50.
99596 132 0 55 48.
99725 120 0 53 43.
99844 132 0 54 36.
99964 132 0 54 43.
100075 132 0 55 48.
100200 132 0 57 50.
100321 132 0 59 51.
100443 132 0 61 55.
100563 132 0 63 60.
100677 132 0 65 62.
100805 132 0 67 63.
100923 132 0 63 62.
101037 132 0 61 60.
101161 132 0 59 55.
101275 132 0 56 51.
101400 132 0 53 50.
101523 132 0 51 48.
101642 120 0 49 43.
101883 132 0 52 42.

