0 694 0 38 59.
1224 878 0 48 64.
1252 1382 0 34 40.
2046 606 0 19 47.
2572 46 0 25 56.
3034 460 0 63 64.
3042 576 0 25 47.
3522 782 0 29 63.
4050 1462 0 16 47.
4544 54 0 21 57.
5082 430 0 14 47.
5616 316 0 23 57.
6290 622 0 21 59.
6784 558 0 61 68.
6820 712 0 17 57.
7282 430 0 33 59.
7852 1018 0 37 56.
7862 1484 0 36 40.
8554 1248 0 33 59.
9030 836 0 26 56.
9494 308 0 31 59.
9936 400 0 26 56.
10612 576 0 23 47.
11036 492 0 69 69.
11486 356 0 78 68.
11528 318 0 38 64.
12092 804 0 39 63.
12688 664 0 18 47.
13248 736 0 23 59.
13698 546 0 73 71.
13742 668 0 24 47.
14168 524 0 58 69.
14212 660 0 40 40.
14646 496 0 54 68.
14676 794 0 29 47.
15120 502 0 54 63.
15554 492 0 33 59.
15984 480 0 32 61.
16006 902 0 29 35.
16450 776 0 21 47.
16467 889 0 26 59.
16896 810 0 24 57.
17348 416 0 25 63.
17351 519 0 21 47.
17364 774 0 21 59.
17902 338 0 19 57.
18580 274 0 19 47.
18590 764 0 8 59.
19070 444 0 61 68.
19106 770 0 28 61.
19558 360 0 44 66.
19602 626 0 24 63.
19630 816 0 17 47.
20240 508 0 20 56.
20256 886 0 18 40.
20923 695 0 11 47.
21878 206 0 19 47.
22614 508 0 32 68.
23180 524 0 31 64.
23554 460 0 57 66.
23978 406 0 38 52.
24332 434 0 63 69.
24364 598 0 34 45.
24760 438 0 78 71.
24806 426 0 44 52.
25148 432 0 78 68.
25564 258 0 48 64.
26008 474 0 66 73.
26056 788 0 37 45.
26608 900 0 42 64.
27070 806 0 38 61.
27496 12 0 41 64.
27895 741 0 40 59.
28279 401 0 51 64.
28290 632 0 34 54.
28644 512 0 67 68.
29098 482 0 40 54.
29462 802 0 43 49.
29940 506 0 29 54.
30310 452 0 44 70.
30402 20 0 28 58.
30836 608 0 38 54.
31444 962 0 33 57.
31484 1308 0 28 47.
32086 1188 0 24 54.
33134 140 0 14 54.
33902 670 0 24 68.
33912 1322 0 43 64.
34726 846 0 20 47.
35224 518 0 62 63.
35244 578 0 15 56.
35684 196 0 73 64.
35712 472 0 26 47.
36146 840 0 41 63.
36174 1266 0 36 35.
36624 1332 0 24 47.
37518 438 0 27 47.
38112 314 0 20 57.
38722 594 0 19 47.
39190 543 0 57 68.
39226 674 0 31 63.
39700 590 0 27 59.
40306 584 0 17 56.
40342 1024 0 27 40.
40960 696 0 15 47.
41406 826 0 24 56.
41840 190 0 27 59.
42292 178 0 31 56.
42750 470 0 30 47.
43172 466 0 75 69.
43598 180 0 79 68.
43636 304 0 29 47.
44128 566 0 71 73.
44196 723 0 35 35.
44782 588 0 23 47.
45268 682 0 25 59.
45698 508 0 68 71.
45740 610 0 19 47.
46190 530 0 41 69.
46226 532 0 18 59.
46674 258 0 44 68.
46712 554 0 27 64.
47086 616 0 39 56.
47542 268 0 23 47.
48008 446 0 25 57.
48014 777 0 30 35.
48506 788 0 21 47.
48864 650 0 20 57.
49320 440 0 12 59.
49774 296 0 23 61.
49806 914 0 27 35.
50416 312 0 41 68.
50464 544 0 10 63.
50972 340 0 40 68.
50994 538 0 30 61.
51014 756 0 11 57.
51540 290 0 23 63.
51548 696 0 22 59.
52106 542 0 38 64.
52134 818 0 23 40.
52767 683 0 13 59.
53254 396 0 19 56.
53710 108 0 17 47.
54382 314 0 14 62.
54390 654 0 8 66.
54896 212 0 33 64.
54899 585 0 35 52.
55312 244 0 39 62.
55676 120 0 82 71.
55708 420 0 39 64.
56082 504 0 44 61.
56562 380 0 35 64.
56908 314 0 61 68.
56936 326 0 32 61.
57306 58 0 49 52.
57776 496 0 56 44.
57786 694 0 28 72.
58258 484 0 35 68.
58632 210 0 72 76.
58664 438 0 32 70.
59016 204 0 76 75.
59032 376 0 50 56.
59378 448 0 72 73.
59402 686 0 52 64.
59778 416 0 49 68.
59828 580 0 34 56.
60142 268 0 73 72.
60153 285 0 49 64.
60546 132 0 50 68.
61010 232 0 71 76.
61026 224 0 50 64.
61032 240 0 32 70.
61042 282 0 34 54.
61446 102 0 41 70.
61460 160 0 31 54.
61463 179 0 51 52.
61834 140 0 75 63.
61837 155 0 46 58.
61850 170 0 56 54.
62194 144 0 55 58.
62194 154 0 62 70.
62214 192 0 53 54.
62550 214 0 73 66.
62554 226 0 63 48.
62558 232 0 55 54.
62936 110 0 68 70.
62940 154 0 46 58.
62958 184 0 54 52.
63316 238 0 50 58.
63328 232 0 57 48.
63338 230 0 50 52.
63752 88 0 52 58.
63755 125 0 62 48.
63766 138 0 48 52.
64340 1040 0 96 80.
64348 1746 0 70 68.
64354 2532 0 54 47.
66932 432 0 20 71.
67344 100 0 30 68.
67722 642 0 73 73.
68232 708 0 34 54.
68242 906 0 24 63.
68756 696 0 23 66.
69674 198 0 18 59.
70252 540 0 28 49.
70732 278 0 26 68.
71144 430 0 56 73.
71204 726 0 31 64.
71566 510 0 62 68.
71624 908 0 23 56.
72060 694 0 31 59.
72090 718 0 25 51.
72986 492 0 23 59.
73426 158 0 31 63.
74088 438 0 36 73.
74140 778 0 18 45.
74756 204 0 32 71.
74816 724 0 10 64.
75260 660 0 27 69.
75752 1258 0 24 52.
76386 724 0 43 68.
76422 836 0 23 47.
77046 672 0 24 52.
77514 356 0 17 56.
77954 112 0 23 59.
78342 238 0 18 56.
78808 172 0 10 59.
79204 240 0 7 56.
79746 222 0 17 59.
80136 566 0 2 47.
80546 2750 0 12 52.
84124 406 0 34 76.
84512 216 0 41 75.
85400 168 0 47 75.
85426 285 0 24 42.
85706 98 0 52 73.
85716 236 0 42 64.
86018 298 0 28 42.
86244 94 0 57 68.
86284 236 0 33 59.
86484 160 0 71 71.
86756 112 0 60 70.
87012 208 0 57 68.
87254 132 0 64 66.
87470 158 0 44 70.
87520 282 0 59 64.
87782 154 0 42 63.
88139 395 0 36 68.
88158 476 0 31 59.
88558 228 0 33 66.
89030 342 0 44 76.
89386 286 0 22 66.
89938 240 0 67 71.
90194 164 0 61 75.
90216 174 0 31 66.
90472 158 0 49 64.
90762 288 0 41 42.
90970 86 0 63 68.
90992 248 0 36 59.
91212 82 0 64 71.
91230 240 0 44 42.
91710 164 0 48 68.
91734 252 0 38 59.
92004 116 0 41 66.
92248 120 0 35 70.
92288 238 0 34 68.
92298 290 0 23 47.
92591 215 0 34 66.
92906 436 0 31 68.
92936 409 0 25 64.
93386 172 0 24 66.
93812 198 0 57 78.
94172 272 0 42 68.
94718 74 0 60 73.
94976 86 0 60 76.
95000 246 0 36 44.
95220 92 0 68 75.
95448 86 0 74 76.
95680 66 0 65 70.
95690 266 0 46 61.
95924 128 0 64 73.
96164 158 0 67 72.
96208 214 0 50 63.
96444 190 0 44 61.
96640 102 0 68 68.
96830 138 0 69 71.
96872 158 0 52 66.
96886 306 0 39 49.
97143 119 0 62 68.
97156 122 0 32 56.
97412 76 0 64 71.
97479 341 0 37 66.
97488 336 0 44 69.
98106 154 0 72 78.
98400 56 0 58 68.
98658 106 0 48 69.
98878 60 0 71 73.
99122 70 0 52 68.
99125 249 0 50 44.
99348 78 0 69 75.
99368 226 0 39 60.
99576 74 0 71 76.
99806 60 0 54 61.
100044 88 0 64 73.
100056 286 0 68 44.
100294 84 0 73 72.
100528 84 0 67 75.
100558 140 0 54 61.
100754 70 0 65 68.
100948 138 0 66 71.
101004 298 0 46 66.
101282 78 0 62 68.
101551 183 0 44 66.
101778 142 0 66 64.
101962 136 0 78 71.
102000 220 0 51 66.
102232 212 0 75 64.
102482 92 0 64 66.
102756 76 0 67 68.
102778 128 0 43 47.
103138 324 0 64 69.
103150 404 0 54 45.
103448 134 0 62 61.
103716 290 0 75 62.
103958 170 0 60 69.
104208 320 0 58 68.
104440 130 0 59 66.
104446 228 0 69 52.
104692 102 0 70 64.
104950 68 0 70 71.
104962 150 0 67 40.
105302 450 0 37 69.
105305 479 0 39 45.
105670 116 0 47 64.
105676 216 0 43 52.
106002 70 0 43 62.
106006 336 0 41 52.
106284 100 0 41 69.
106522 328 0 55 71.
106534 336 0 33 47.
106780 146 0 48 65.
106790 182 0 41 52.
107032 58 0 60 52.
107270 44 0 62 68.
107628 184 0 84 73.
107630 186 0 68 61.
107634 188 0 74 71.
107962 88 0 35 73.
107966 198 0 38 55.
108236 58 0 58 67.
108242 56 0 38 64.
108486 120 0 62 67.
108488 180 0 26 64.
108736 51 0 91 79.
109004 103 0 63 79.
109014 142 0 29 64.
109228 60 0 68 73.
109234 73 0 51 71.
109458 104 0 33 71.
109460 180 0 71 76.
109688 44 0 88 85.
109688 126 0 57 64.
109914 154 0 98 88.
109920 264 0 78 85.
110146 46 0 109 83.
110154 54 0 55 73.
110378 96 0 104 83.
110384 196 0 18 76.
110646 39 0 88 91.
110649 99 0 39 71.
111078 185 0 54 70.
111084 220 0 28 61.
111438 63 0 50 54.
111441 71 0 50 70.
111702 54 0 59 70.
111705 93 0 52 54.
112092 410 0 80 71.
112418 176 0 50 66.
112426 236 0 52 54.
112698 280 0 62 54.
112930 132 0 60 42.
113166 350 0 81 73.
113188 386 0 70 49.
113398 264 0 59 54.
113408 290 0 72 64.
113660 2 0 60 54.
113664 34 0 67 64.
113906 98 0 49 70.
113910 214 0 48 42.
114230 474 0 59 74.
114236 554 0 42 47.
114596 252 0 41 54.
114601 280 0 38 62.
114926 122 0 38 67.
115208 76 0 52 71.
115464 306 0 41 73.
115474 322 0 37 49.
115694 274 0 49 54.
115702 322 0 48 67.
115916 152 0 48 66.
115930 74 0 59 64.
116136 52 0 70 42.
116139 132 0 74 73.
116422 116 0 75 57.
116422 140 0 68 63.
116426 200 0 71 45.
116714 80 0 49 75.
116726 194 0 60 61.
116962 60 0 32 63.
116966 60 0 46 69.
117198 78 0 67 75.
117201 139 0 58 73.
117428 54 0 74 78.
117434 108 0 66 63.
117654 110 0 90 85.
117658 222 0 55 66.
117864 66 0 84 78.
117870 84 0 47 73.
118078 66 0 76 78.
118082 180 0 50 73.
118298 60 0 87 85.
118302 94 0 50 69.
118510 62 0 92 90.
118520 172 0 57 69.
118730 54 0 79 81.
118736 116 0 69 75.
118942 62 0 82 85.
118946 184 0 87 81.
119206 44 0 97 93.
119210 66 0 64 75.
119570 178 0 99 81.
119578 190 0 54 56.
119580 236 0 47 63.
119940 74 0 67 72.
119943 119 0 65 66.
120210 116 0 92 78.
120224 134 0 63 63.
120466 44 0 60 62.
120468 90 0 69 56.
120692 132 0 74 68.
120716 170 0 89 53.
120880 56 0 71 67.
120884 58 0 72 73.
121066 144 0 85 78.
121078 135 0 64 57.
121250 72 0 83 77.
121253 101 0 68 50.
121422 96 0 85 76.
121425 147 0 75 49.
121568 68 0 84 81.
121572 72 0 83 75.
121590 102 0 34 48.
121764 114 0 73 47.
121770 236 0 90 80.
121962 94 0 88 52.
121965 99 0 90 85.
122202 55 0 86 67.
122212 128 0 86 52.
122376 58 0 69 66.
122382 140 0 84 51.
122536 94 0 96 77.
122542 104 0 89 71.
122690 50 0 81 70.
122700 116 0 84 55.
122846 72 0 98 81.
122850 92 0 81 75.
123004 54 0 90 80.
123007 77 0 86 74.
123162 98 0 92 85.
123172 122 0 101 52.
123320 62 0 96 84.
123329 92 0 90 51.
123520 112 0 86 66.
123520 128 0 87 72.
123666 52 0 76 56.
123670 88 0 80 71.
123806 122 0 78 49.
123818 110 0 74 70.
123962 56 0 66 69.
123965 83 0 81 75.
124122 50 0 38 47.
124127 109 0 92 74.
124272 58 0 79 73.
124284 96 0 91 52.
124424 92 0 83 51.
124444 104 0 96 78.
124568 72 0 98 50.
124578 192 0 86 77.
124724 94 0 81 43.
124730 136 0 94 82.
124866 74 0 44 41.
125010 104 0 80 47.
125028 102 0 94 92.
125163 59 0 86 85.
125172 68 0 88 91.
125300 42 0 92 45.
125324 94 0 91 90.
125458 38 0 89 44.
125468 68 0 89 89.
125516 70 0 31 43.
125618 132 0 77 43.
125634 180 0 106 100.
125862 124 0 95 95.
125866 160 0 113 35.
126188 156 0 88 87.
126374 124 0 95 81.
126562 142 0 82 75.
126763 117 0 78 78.
126946 84 0 88 63.
127111 117 0 87 57.
127286 104 0 95 59.
127441 92 0 94 45.
127672 68 0 83 69.
127672 102 0 92 48.
127675 137 0 84 64.
127872 82 0 102 71.
127875 103 0 81 64.
127878 126 0 93 59.
128052 58 0 91 45.
128055 94 0 97 72.
128058 99 0 91 64.
128234 82 0 97 64.
128237 81 0 106 71.
128237 119 0 100 47.
128402 94 0 99 48.
128406 102 0 81 66.
128408 107 0 101 36.
128574 91 0 84 66.
128577 91 0 97 47.
128578 96 0 90 59.
128736 98 0 91 45.
128739 126 0 101 33.
128741 159 0 102 72.
128952 152 0 110 71.
128956 188 0 113 59.
128956 258 0 95 66.
129404 54 0 99 99.
129654 98 0 89 87.
129850 56 0 68 87.
130052 30 0 91 81.
130246 78 0 81 75.
130408 48 0 88 63.
130570 44 0 78 63.
130742 36 0 97 57.
130924 43 0 73 66.
130924 76 0 93 57.
130929 95 0 95 36.
130934 126 0 43 38.
131102 104 0 93 64.
131102 130 0 93 59.
131108 136 0 107 35.
131288 98 0 95 45.
131293 102 0 98 72.
131300 142 0 95 60.
131498 73 0 101 47.
131503 101 0 45 69.
131504 120 0 81 66.
131506 150 0 92 64.
131704 92 0 96 48.
131704 128 0 78 66.
131707 157 0 100 36.
131918 53 0 97 47.
131921 93 0 106 71.
131924 126 0 95 59.
132214 166 0 95 45.
132218 202 0 98 33.
132218 226 0 97 66.
132614 142 0 99 78.
132618 265 0 28 45.
132620 312 0 97 66.
132622 392 0 99 35.
133280 182 0 87 71.
133282 320 0 104 95.
133558 50 0 79 89.
133560 56 0 65 68.
133788 44 0 76 65.
133792 52 0 83 74.
133994 48 0 75 83.
134002 78 0 76 59.
134178 70 0 64 69.
134190 136 0 95 84.
134364 42 0 80 78.
134366 52 0 55 66.
134538 46 0 80 84.
134542 70 0 64 72.
134702 52 0 93 90.
134710 50 0 52 66.
134870 40 0 99 93.
134873 143 0 96 84.
135060 52 0 59 87.
135066 78 0 64 75.
135228 41 0 55 65.
135234 54 0 83 77.
135378 46 0 62 68.
135382 66 0 23 86.
135384 84 0 83 83.
135548 80 0 60 58.
135550 124 0 88 82.
135722 54 0 59 64.
135731 60 0 66 73.
135874 60 0 71 84.
135883 97 0 74 72.
136030 40 0 88 90.
136032 60 0 17 81.
136206 58 0 77 69.
136212 126 0 99 84.
136386 38 0 68 87.
136396 47 0 52 66.
136568 46 0 69 63.
136570 54 0 74 84.
136724 48 0 85 90.
136729 52 0 80 57.
136904 56 0 92 92.
136912 160 0 79 68.
137096 40 0 73 86.
137104 44 0 75 74.
137288 44 0 55 62.
137291 69 0 76 74.
137454 42 0 75 80.
137457 51 0 47 65.
137604 80 0 98 92.
137610 135 0 81 68.
137770 44 0 78 77.
137776 54 0 70 74.
137932 52 0 72 76.
137936 94 0 65 64.
138078 48 0 72 67.
138082 108 0 66 58.
138232 88 0 87 90.
138250 188 0 79 66.

