0 119 0 83 51.
12240 119 0 50 63.
12360 119 0 49 60.
12480 119 0 56 63.
12720 119 0 49 63.
12840 119 0 48 60.
12960 119 0 53 63.
13200 119 0 46 63.
13320 119 0 46 60.
13440 119 0 50 62.
13680 119 0 42 62.
13800 119 0 42 59.
13920 119 0 48 61.
14160 119 0 42 61.
14280 119 0 40 58.
14400 119 0 46 60.
14640 119 0 39 60.
14760 119 0 38 57.
14880 119 0 42 59.
15120 119 0 37 59.
15240 119 0 35 56.
15360 119 0 85 51.
15480 119 0 56 55.
15600 119 0 56 63.
15720 119 0 56 63.
15840 119 0 64 67.
15960 119 0 57 75.
16080 119 0 56 75.
16200 119 0 56 79.
16320 119 0 79 87.
16440 119 0 58 79.
16560 119 0 58 75.
16680 119 0 58 75.
16800 119 0 66 67.
16920 119 0 56 63.
17040 119 0 57 63.
17160 119 0 57 55.
17280 119 0 91 50.
29400 119 0 64 55.
29520 119 0 64 52.
29640 119 0 64 55.
31200 119 0 80 67.
33240 119 0 62 55.
33360 119 0 62 52.
33480 119 0 62 55.
33960 119 0 66 55.
34080 119 0 86 48.
34200 119 0 67 55.
34440 119 0 62 55.
35040 119 0 78 67.
37080 119 0 53 55.
37200 119 0 53 50.
37320 119 0 53 55.
37800 119 0 57 53.
37920 119 0 75 48.
38040 119 0 58 53.
38280 119 0 53 53.
44760 119 0 49 51.
44880 119 0 49 48.
45000 119 0 49 51.
46560 119 0 56 63.
48600 119 0 49 51.
48720 119 0 49 48.
48840 119 0 49 51.
50400 119 0 56 63.
52440 119 0 46 51.
52560 119 0 46 46.
52680 119 0 46 51.
53160 119 0 49 49.
53280 119 0 63 44.
53400 119 0 46 49.
53640 119 0 46 49.
57480 119 0 36 54.
100560 119 0 66 63.
100680 119 0 64 60.
100800 119 0 74 63.
101040 119 0 64 63.
101160 119 0 64 60.
101280 119 0 73 63.
101520 119 0 60 63.
101640 119 0 60 60.
101760 119 0 69 62.
102000 119 0 58 62.
102120 119 0 58 59.
102240 119 0 66 61.
102480 119 0 58 61.
102600 119 0 56 58.
102720 119 0 63 60.
102960 119 0 55 60.
103080 119 0 53 57.
103200 119 0 59 59.
0 119 0 61 36.
120 119 0 41 43.
240 119 0 41 48.
360 119 0 42 48.
480 119 0 53 55.
600 119 0 44 60.
720 119 0 42 60.
840 119 0 42 67.
960 119 0 51 72.
1080 119 0 42 67.
1200 119 0 42 60.
1320 119 0 42 60.
1440 119 0 50 55.
1560 119 0 42 48.
1680 119 0 42 48.
1800 119 0 42 43.
1920 119 0 59 36.
3840 119 0 64 36.
5760 119 0 73 36.
13440 119 0 44 55.
19200 119 0 63 36.
21120 119 0 69 36.
28800 119 0 70 60.
32640 119 0 68 60.
36480 119 0 66 60.
38400 119 0 58 36.
40320 119 0 58 36.
44160 119 0 50 56.
46080 119 0 53 32.
48120 119 0 38 56.
48240 119 0 38 51.
48360 119 0 38 44.
48480 119 0 48 44.
48600 119 0 37 39.
48720 119 0 37 32.
48840 119 0 37 39.
48960 119 0 47 43.
49920 119 0 53 32.
51840 119 0 50 56.
55680 119 0 44 32.
86400 119 0 71 33.
87840 119 0 69 35.
88320 119 0 82 36.
94080 119 0 82 36.
101760 119 0 58 55.

