960 480 0 61 72.
1440 240 0 50 65.
1920 240 0 46 60.
2400 240 0 48 65.
2880 240 0 50 67.
3360 240 0 44 60.
3840 240 0 48 67.
4320 240 0 52 69.
4800 240 0 49 65.
5280 240 0 50 74.
5760 240 0 52 67.
6240 240 0 51 72.
6720 240 0 51 84.
7200 240 0 50 65.
7680 240 0 46 60.
8160 240 0 48 65.
8640 240 0 50 67.
9120 240 0 40 60.
9600 240 0 48 67.
10080 240 0 52 69.
10560 240 0 49 69.
11040 240 0 50 67.
11520 240 0 54 65.
12000 240 0 51 77.
12480 240 0 51 89.
12960 240 0 50 65.
13440 240 0 46 60.
13920 240 0 48 65.
14400 240 0 50 67.
14880 240 0 40 60.
15360 240 0 48 67.
15840 240 0 52 69.
16320 240 0 49 65.
16800 240 0 50 74.
17280 240 0 52 67.
17760 240 0 51 72.
18240 240 0 51 84.
18720 240 0 50 65.
19200 240 0 46 60.
19680 240 0 48 65.
20160 240 0 50 67.
20640 240 0 40 60.
21120 240 0 48 67.
21600 240 0 52 69.
22080 240 0 49 69.
22560 240 0 50 67.
23040 240 0 54 65.
23520 240 0 51 77.
24000 240 0 51 89.
24480 240 0 39 67.
24960 240 0 37 67.
25440 240 0 38 69.
25920 240 0 42 65.
26400 240 0 34 65.
26880 240 0 32 65.
27360 240 0 38 65.
27840 240 0 37 65.
28320 240 0 38 67.
28800 240 0 42 63.
29280 240 0 34 63.
29760 240 0 32 63.
30240 240 0 38 63.
30720 240 0 37 63.
31200 240 0 40 63.
31680 240 0 33 63.
32160 240 0 30 62.
32640 240 0 27 62.
33120 240 0 28 63.
33600 240 0 34 75.
34080 240 0 38 75.
34560 240 0 37 75.
35040 240 0 33 74.
35520 240 0 29 74.
36000 240 0 34 74.
36480 240 0 30 62.
36960 240 0 33 64.
37440 240 0 33 62.
37920 240 0 29 61.
38400 240 0 27 61.
38880 240 0 37 59.
39360 240 0 36 59.
39840 240 0 38 61.
40320 240 0 40 59.
40800 240 0 35 58.
41280 240 0 31 58.
41760 240 0 48 59.
42240 240 0 45 54.
42720 240 0 46 59.
43200 240 0 48 61.
43680 240 0 47 54.
44160 240 0 46 61.
44640 240 0 51 63.
45120 240 0 47 59.
45600 240 0 48 68.
46080 240 0 51 61.
46560 240 0 49 66.
47040 240 0 49 78.
47520 240 0 48 59.
48000 240 0 45 54.
48480 240 0 46 59.
48960 240 0 48 61.
49440 240 0 47 54.
49920 240 0 46 61.
50400 240 0 51 63.
50880 240 0 47 63.
51360 240 0 48 61.
51840 240 0 51 59.
52320 240 0 49 71.
52800 240 0 49 83.
53280 240 0 44 61.
53760 240 0 40 61.
54240 240 0 44 63.
54720 240 0 46 64.
55200 240 0 39 59.
55680 240 0 39 59.
56160 240 0 44 59.
56640 240 0 40 59.
57120 240 0 44 61.
57600 240 0 46 62.
58080 240 0 39 57.
58560 240 0 39 57.
59040 240 0 40 57.
59520 240 0 37 69.
60000 240 0 40 71.
60480 240 0 46 69.
60960 240 0 39 68.
61440 240 0 39 68.
61920 240 0 34 69.
62400 240 0 36 81.
62880 240 0 38 80.
63360 240 0 43 81.
63840 240 0 37 80.
64320 240 0 37 80.
64800 240 0 38 80.
65280 240 0 35 68.
65760 240 0 37 70.
66240 240 0 40 68.
66720 240 0 35 67.
67200 240 0 35 67.
67680 240 0 35 65.
68160 240 0 32 65.
68640 240 0 34 67.
69120 240 0 37 65.
1440 120 0 38 57.
1680 120 0 31 41.
1920 120 0 36 57.
2160 120 0 29 41.
2400 240 0 29 48.
2640 120 0 28 41.
2880 120 0 38 58.
3120 120 0 30 41.
3360 240 0 29 48.
3600 120 0 28 41.
3840 240 0 29 48.
4080 120 0 28 41.
4320 240 0 32 48.
4560 120 0 32 41.
4800 240 0 30 50.
5040 120 0 29 41.
5280 240 0 30 50.
5520 120 0 30 43.
5760 120 0 40 64.
6000 120 0 32 48.
6240 120 0 38 70.
6480 120 0 28 55.
6720 120 0 38 76.
6960 120 0 30 60.
7200 120 0 38 57.
7440 120 0 31 41.
7680 120 0 36 57.
7920 120 0 29 41.
8160 240 0 29 48.
8400 120 0 28 41.
8640 120 0 38 58.
8880 120 0 30 41.
9120 240 0 29 48.
9360 120 0 28 41.
9600 240 0 29 48.
9840 120 0 28 41.
10080 240 0 32 48.
10320 120 0 32 41.
10560 240 0 30 50.
10800 120 0 29 43.
11040 240 0 30 55.
11280 120 0 30 48.
11520 120 0 40 57.
11760 120 0 32 41.
12000 120 0 38 69.
12240 120 0 28 53.
12480 120 0 38 81.
12720 120 0 30 65.
12960 120 0 38 57.
13200 120 0 31 41.
13440 120 0 36 57.
13680 120 0 29 41.
13920 240 0 29 48.
14160 120 0 28 41.
14400 120 0 38 58.
14640 120 0 30 41.
14880 240 0 29 48.
15120 120 0 28 41.
15360 240 0 29 48.
15600 120 0 28 41.
15840 240 0 32 48.
16080 120 0 32 41.
16320 240 0 30 50.
16560 120 0 29 41.
16800 240 0 30 50.
17040 120 0 30 43.
17280 120 0 40 64.
17520 120 0 32 48.
17760 120 0 38 70.
18000 120 0 28 55.
18240 120 0 38 76.
18480 120 0 30 60.
18720 120 0 38 57.
18960 120 0 31 41.
19200 120 0 36 57.
19440 120 0 29 41.
19680 240 0 29 48.
19920 120 0 28 41.
20160 120 0 38 58.
20400 120 0 30 41.
20640 240 0 29 48.
20880 120 0 28 41.
21120 240 0 29 48.
21360 120 0 28 41.
21600 240 0 32 48.
21840 120 0 32 41.
22080 240 0 30 50.
22320 120 0 29 43.
22560 240 0 30 48.
22800 120 0 30 36.
23040 120 0 40 57.
23280 120 0 32 41.
23520 120 0 38 69.
23760 120 0 28 53.
24000 120 0 38 81.
24240 120 0 30 65.
24480 120 0 30 64.
24720 240 0 31 48.
24960 120 0 29 63.
25200 240 0 30 48.
25440 240 0 25 60.
25680 240 0 31 53.
25920 120 0 31 63.
26160 240 0 31 46.
26400 120 0 29 62.
26640 240 0 29 46.
26880 120 0 29 62.
27120 240 0 29 46.
27360 120 0 30 61.
27600 240 0 31 46.
27840 120 0 29 61.
28080 240 0 30 46.
28320 240 0 25 51.
28560 240 0 31 39.
28800 120 0 31 61.
29040 240 0 31 44.
29280 120 0 29 60.
29520 240 0 29 44.
29760 120 0 29 60.
30000 240 0 29 44.
30240 120 0 30 60.
30480 240 0 31 43.
30720 120 0 29 60.
30960 240 0 30 43.
31200 240 0 25 51.
31440 240 0 31 43.
31680 120 0 27 60.
31920 240 0 30 43.
32160 120 0 29 59.
32400 240 0 29 43.
32640 120 0 29 59.
32880 240 0 29 43.
33120 120 0 25 60.
33360 240 0 26 43.
33600 120 0 28 72.
33840 240 0 28 55.
34080 240 0 23 63.
34320 240 0 29 55.
34560 120 0 28 72.
34800 240 0 28 55.
35040 120 0 28 71.
35280 240 0 27 55.
35520 120 0 28 71.
35760 240 0 27 55.
36000 120 0 27 71.
36240 240 0 27 54.
36480 240 0 18 50.
36720 240 0 25 42.
36960 240 0 19 50.
37200 240 0 26 42.
37440 120 0 25 59.
37680 240 0 25 42.
37920 120 0 25 58.
38160 240 0 24 42.
38400 120 0 25 58.
38640 240 0 24 42.
38880 120 0 29 55.
39120 240 0 30 42.
39360 120 0 29 55.
39600 240 0 29 42.
39840 240 0 25 52.
40080 240 0 31 42.
40320 120 0 31 55.
40560 240 0 29 42.
40800 120 0 29 55.
41040 240 0 28 42.
41280 120 0 29 54.
41520 240 0 27 42.
43200 120 0 42 52.
44640 120 0 43 51.
46080 120 0 44 58.
46320 240 0 35 42.
46560 120 0 42 64.
46800 240 0 30 49.
47040 120 0 42 70.
47280 240 0 32 54.
48480 120 0 39 51.
48960 120 0 42 52.
50400 120 0 43 51.
51840 120 0 44 51.
54720 120 0 35 57.
55680 120 0 30 56.
56160 120 0 33 55.
57600 120 0 35 55.
58560 120 0 30 54.
59040 120 0 31 54.
59520 120 0 30 66.
59760 240 0 27 49.
60000 240 0 24 57.
60240 240 0 27 49.
60480 240 0 24 56.
60480 120 0 35 66.
60720 240 0 29 49.
60960 120 0 31 65.
61200 240 0 26 49.
61440 240 0 24 56.
61440 120 0 30 65.
61680 240 0 25 49.
61920 240 0 19 57.
62160 240 0 25 49.
62400 120 0 29 78.
62640 240 0 23 61.
62880 240 0 23 69.
63120 240 0 23 61.
63360 240 0 23 68.
63360 120 0 33 78.
63600 240 0 25 61.
63840 120 0 29 77.
64080 240 0 22 61.
64320 240 0 23 68.
64320 120 0 29 77.
64560 240 0 21 61.
64800 240 0 23 68.

