1021 13 0 56 82.
1058 11 0 36 70.
1078 6 0 53 39.
1121 10 0 43 51.
1129 16 0 46 58.
1136 20 0 46 79.
1142 22 0 50 82.
1181 7 0 42 51.
1189 21 0 50 79.
1201 19 0 59 81.
1241 9 0 45 51.
1253 12 0 45 79.
1258 13 0 46 67.
1295 12 0 47 51.
1305 20 0 48 58.
1309 19 0 46 79.
1355 12 0 48 51.
1365 21 0 51 58.
1370 15 0 47 79.
1378 18 0 57 82.
1412 13 0 45 70.
1418 9 0 42 50.
1440 5 0 47 68.
1478 7 0 41 50.
1490 29 0 43 80.
1498 7 0 43 68.
1537 5 0 47 50.
1546 26 0 48 80.
1557 8 0 51 68.
1597 29 0 43 70.
1606 24 0 47 80.
1619 6 0 50 68.
1654 21 0 41 70.
1665 35 0 50 58.
1668 23 0 47 80.
1678 20 0 57 84.
1714 28 0 42 70.
1727 25 0 55 58.
1741 7 0 59 68.
1766 14 0 40 70.
1777 11 0 47 79.
1787 26 0 47 58.
1799 10 0 48 67.
1837 12 0 41 53.
1847 22 0 45 58.
1850 13 0 50 74.
1855 9 0 45 62.
1861 16 0 47 68.
1863 12 0 61 86.
1895 21 0 43 70.
1907 13 0 47 75.
1914 12 0 56 82.
1920 11 0 47 67.
1921 12 0 66 87.
1960 10 0 51 71.
1969 15 0 55 51.
1970 11 0 55 75.
1978 10 0 57 59.
1983 5 0 64 86.
2022 8 0 57 44.
2029 11 0 58 51.
2032 25 0 58 75.
2045 19 0 71 84.
2075 11 0 57 45.
2082 15 0 59 53.
2091 17 0 61 77.
2098 6 0 63 63.
2137 14 0 59 46.
2145 11 0 53 70.
2153 18 0 63 55.
2156 9 0 61 79.
2159 13 0 64 63.
2167 9 0 77 87.
2198 16 0 58 46.
2206 15 0 58 54.
2223 11 0 61 63.
2228 12 0 71 87.
2266 16 0 61 53.
2268 13 0 46 70.
2274 13 0 50 77.
2275 12 0 61 58.
2284 8 0 61 62.
2327 22 0 43 70.
2330 20 0 59 55.
2336 17 0 59 58.
2340 15 0 53 79.
2346 15 0 63 85.
2383 10 0 58 48.
2386 8 0 45 68.
2405 5 0 58 65.
2407 10 0 63 84.
2444 21 0 48 55.
2451 17 0 59 79.
2454 14 0 48 60.
2464 9 0 47 67.
2466 17 0 62 88.
2503 10 0 43 72.
2523 10 0 57 89.
2563 12 0 51 53.
2570 31 0 47 80.
2583 12 0 53 68.
2617 12 0 46 53.
2626 26 0 47 60.
2629 24 0 40 80.
2641 19 0 56 83.
2676 16 0 46 53.
2688 23 0 47 60.
2699 11 0 47 68.
2733 14 0 46 53.
2743 24 0 47 60.
2758 32 0 55 85.
2794 13 0 48 53.
2802 27 0 50 60.
2807 20 0 46 80.
2818 26 0 52 84.
2852 15 0 37 72.
2860 11 0 42 79.
2873 12 0 45 60.
2877 11 0 46 67.
2916 15 0 42 52.
2924 21 0 43 58.
2930 16 0 45 60.
2931 31 0 53 82.
2942 32 0 63 84.
2974 16 0 48 52.
2983 22 0 48 58.
2988 18 0 50 60.
2994 22 0 52 82.
3001 33 0 67 83.
3039 16 0 50 52.
3045 24 0 51 58.
3051 31 0 50 82.
3061 32 0 69 84.
3098 15 0 52 52.
3107 27 0 52 58.
3110 21 0 53 60.
3122 31 0 71 85.
3157 17 0 56 52.
3165 20 0 56 58.
3171 25 0 59 82.
3216 13 0 46 72.
3219 17 0 61 53.
3226 18 0 61 56.
3234 6 0 59 84.
3281 16 0 52 75.
3287 18 0 62 58.
3297 13 0 63 63.
3303 15 0 66 70.
3343 9 0 66 56.
3350 10 0 67 63.
3353 18 0 61 84.
3362 7 0 68 72.
3398 17 0 66 56.
3412 20 0 68 65.
3419 18 0 68 71.
3426 16 0 78 89.
3462 27 0 64 58.
3470 17 0 68 82.
3472 16 0 66 65.
3479 16 0 67 70.
3523 26 0 58 58.
3543 14 0 62 68.
3591 20 0 64 79.
3594 14 0 56 63.
3600 16 0 62 67.
3641 10 0 58 57.
3648 25 0 56 75.
3654 20 0 59 78.
3662 20 0 74 87.
3702 26 0 53 74.
3704 19 0 58 58.
3713 12 0 59 65.
3721 16 0 72 86.
3760 13 0 56 52.
3770 23 0 57 61.
3775 14 0 57 79.
3782 16 0 57 67.
3824 8 0 46 68.
3833 5 0 48 80.
3840 12 0 68 84.
3876 14 0 57 46.
3885 17 0 57 53.
3890 11 0 50 77.
3892 16 0 57 56.
3902 7 0 68 86.
3944 7 0 42 67.
3950 11 0 47 75.
3958 14 0 57 39.
3963 6 0 66 87.
4007 7 0 48 51.
4011 23 0 48 58.
4021 26 0 62 82.
4068 16 0 43 70.
4070 13 0 52 58.
4082 30 0 58 81.
4127 16 0 42 70.
4141 28 0 57 82.
4143 10 0 52 67.
4188 4 0 50 51.
4192 16 0 45 75.
4203 9 0 51 67.
4244 10 0 50 51.
4253 14 0 46 75.
4262 23 0 57 82.
4302 9 0 48 50.
4308 11 0 48 58.
4323 5 0 61 89.
4358 7 0 55 50.
4370 29 0 51 80.
4378 7 0 56 68.
4417 5 0 50 50.
4426 26 0 52 80.
4437 8 0 51 68.
4477 29 0 47 70.
4486 24 0 50 80.
4499 6 0 53 68.
4534 21 0 40 70.
4545 35 0 53 58.
4548 23 0 45 80.
4558 20 0 57 84.
4594 28 0 42 70.
4607 25 0 52 58.
4621 7 0 53 68.
4646 14 0 42 70.
4657 14 0 55 51.
4665 8 0 52 82.
4667 26 0 59 58.
4679 10 0 61 67.
4721 20 0 48 70.
4727 22 0 57 58.
4730 13 0 55 74.
4734 18 0 57 82.
4781 20 0 57 55.
4787 13 0 56 75.
4794 12 0 62 82.
4800 11 0 61 67.
4801 12 0 67 87.
4840 10 0 48 71.
4849 15 0 61 51.
4850 11 0 55 75.
4858 10 0 63 59.
4863 5 0 69 86.
4902 8 0 58 44.
4909 11 0 61 51.
4912 25 0 61 75.
4925 19 0 69 84.
4955 11 0 66 45.
4962 15 0 67 53.
4971 17 0 63 77.
4978 6 0 72 63.
5017 14 0 69 46.
5024 15 0 73 51.
5086 15 0 74 54.
5103 11 0 74 63.
5108 12 0 84 87.
5146 16 0 71 53.
5154 13 0 59 77.
5162 10 0 66 82.
5167 7 0 79 86.
5203 16 0 69 48.
5207 22 0 51 70.
5216 16 0 64 76.
5223 11 0 69 64.
5266 8 0 40 68.
5272 14 0 66 56.
5273 16 0 58 77.
5277 17 0 61 80.
5317 15 0 61 48.
5324 21 0 61 55.
5331 17 0 59 79.
5334 14 0 62 60.
5344 9 0 62 67.
5346 17 0 66 88.
5388 16 0 48 80.
5403 10 0 64 89.
5443 12 0 43 53.
5450 31 0 51 80.
5463 12 0 51 68.
5497 12 0 48 53.
5506 26 0 50 60.
5509 24 0 45 80.
5521 34 0 57 83.
5556 16 0 48 53.
5568 23 0 50 60.
5579 11 0 50 68.
5613 14 0 50 53.
5623 24 0 51 60.
5638 32 0 59 85.
5674 13 0 50 53.
5682 27 0 51 60.
5687 20 0 50 80.
5698 29 0 56 84.
5732 15 0 45 72.
5736 15 0 48 52.
5744 25 0 51 58.
5747 8 0 52 82.
5762 9 0 61 91.
5801 30 0 51 72.
5808 24 0 57 79.
5817 11 0 57 67.
5863 25 0 42 71.
5867 19 0 57 79.
5877 12 0 57 67.
5921 31 0 53 72.
5926 27 0 56 79.
5933 19 0 58 60.
5940 12 0 58 67.
5985 21 0 47 73.
5988 15 0 59 79.
5992 21 0 61 82.
5999 12 0 63 67.
6041 29 0 56 72.
6047 21 0 59 79.
6051 16 0 66 60.
6058 11 0 67 67.
6065 17 0 73 84.
6103 17 0 74 53.
6114 6 0 71 84.
6121 15 0 78 68.
6161 16 0 68 75.
6167 18 0 66 58.
6180 18 0 80 87.
6187 16 0 84 91.
6224 26 0 58 77.
6229 18 0 64 84.
6236 22 0 68 87.
6242 23 0 83 89.
6287 15 0 52 75.
6293 19 0 69 83.
6296 23 0 73 87.
6343 15 0 53 74.
6352 16 0 68 65.
6359 16 0 69 70.
6362 14 0 83 89.
6399 11 0 62 74.
6408 10 0 72 80.
6414 16 0 67 65.
6421 8 0 83 91.
6464 28 0 64 75.
6471 20 0 77 79.
6480 18 0 90 87.
6524 10 0 51 51.
6531 21 0 51 58.
6541 11 0 59 66.
6579 17 0 48 51.
6589 15 0 50 59.
6598 4 0 53 66.
6641 19 0 47 52.
6651 16 0 51 76.
6662 18 0 64 85.
6707 16 0 50 66.
6712 13 0 56 59.
6716 20 0 56 63.
6723 16 0 58 78.
6763 10 0 45 66.
6769 12 0 47 73.
6780 17 0 61 82.
6782 11 0 57 64.
6824 10 0 51 47.
6833 20 0 53 54.
6843 16 0 58 83.
6847 7 0 58 63.
6885 39 0 41 66.
6891 29 0 46 75.
6907 6 0 55 63.
6942 9 0 53 47.
6950 32 0 46 75.
6952 19 0 56 54.
6963 7 0 57 63.
6998 10 0 52 47.
7010 30 0 50 75.
7022 21 0 62 78.
7055 12 0 56 45.
7066 27 0 46 66.
7067 22 0 58 54.
7076 19 0 51 75.
7083 28 0 59 80.
7120 11 0 55 45.
7135 21 0 50 73.
7144 23 0 61 81.
7181 12 0 56 44.
7191 22 0 56 54.
7195 22 0 48 72.
7202 11 0 56 60.
7246 27 0 37 66.
7260 24 0 61 80.
7302 8 0 53 44.
7308 22 0 55 54.
7314 19 0 59 79.
7358 28 0 50 66.
7371 9 0 64 60.
7415 10 0 56 48.
7423 24 0 56 56.
7426 12 0 61 78.
7479 9 0 59 68.
7497 8 0 64 66.
7538 11 0 61 68.
7544 19 0 59 56.
7551 3 0 64 76.
7555 11 0 64 64.
7605 30 0 42 68.
7619 13 0 58 64.
7660 27 0 45 67.
7678 12 0 57 64.
7724 27 0 42 68.
7730 23 0 50 76.
7738 9 0 57 64.
7779 31 0 45 68.
7789 20 0 53 56.
7800 11 0 54 64.
7840 27 0 47 68.
7860 19 0 61 83.
7899 29 0 45 68.
7911 20 0 51 74.
7919 12 0 59 62.
7967 32 0 51 68.
7968 19 0 56 56.
7978 11 0 51 62.
8025 28 0 48 68.
8038 13 0 54 62.
8085 27 0 52 68.
8098 9 0 57 62.
8141 13 0 52 70.
8154 8 0 57 80.
8157 7 0 64 68.
8195 8 0 50 50.
8211 9 0 52 80.
8214 10 0 67 68.
8227 10 0 67 89.
8262 12 0 52 51.
8267 9 0 59 70.
8273 17 0 55 58.
8275 5 0 61 78.
8288 5 0 74 90.
8324 13 0 55 51.
8335 16 0 56 58.
8343 18 0 53 82.
8381 13 0 53 51.
8389 21 0 55 58.
8395 23 0 50 78.
8402 18 0 57 81.
8438 14 0 55 51.
8451 23 0 42 70.
8455 24 0 45 78.
8499 10 0 53 49.
8508 24 0 55 58.
8510 23 0 41 71.
8517 20 0 47 77.
8525 17 0 62 83.
8557 11 0 57 49.
8575 12 0 41 77.
8624 7 0 45 66.
8630 8 0 50 75.
8634 19 0 61 54.
8647 8 0 58 63.
8686 8 0 63 47.
8697 18 0 52 75.
8706 10 0 59 63.
8742 10 0 63 47.
8751 21 0 66 54.
8757 23 0 53 75.
8764 9 0 61 63.
8802 9 0 62 47.
8814 23 0 59 75.
8825 18 0 69 78.
8863 10 0 64 46.
8872 21 0 59 75.
8882 17 0 68 80.
8923 7 0 68 46.
8941 13 0 71 82.
8985 7 0 63 71.
8986 12 0 77 44.
9000 9 0 74 83.
9041 18 0 62 44.
9054 19 0 72 51.
9101 25 0 51 62.
9109 23 0 59 71.
9118 16 0 71 74.
9121 16 0 64 59.
9160 32 0 53 63.
9169 24 0 59 71.
9180 12 0 67 59.
9212 19 0 62 44.
9220 29 0 55 64.
9237 14 0 64 59.
9285 25 0 55 63.
9298 15 0 62 59.
9341 18 0 67 44.
9350 22 0 59 71.
9363 16 0 73 76.
9396 16 0 73 44.
9408 18 0 82 53.
9422 17 0 75 77.
9455 19 0 72 44.
9461 29 0 58 64.
9470 17 0 89 52.
9476 15 0 69 59.
9522 29 0 64 65.
9529 23 0 67 71.
9535 16 0 71 59.
9579 14 0 74 44.
9590 17 0 88 54.
9600 17 0 89 78.
9640 11 0 68 44.
9647 16 0 85 51.
9651 16 0 74 71.
9659 17 0 84 75.
9704 22 0 53 62.
9712 18 0 58 70.
9717 24 0 89 34.
9767 32 0 47 68.
9773 26 0 51 53.
9783 33 0 51 82.
9823 22 0 46 68.
9838 33 0 48 82.
9880 29 0 45 68.
9898 11 0 51 62.
9935 13 0 45 46.
9940 30 0 39 68.
9957 10 0 47 63.
9998 11 0 46 46.
10005 9 0 47 53.
10011 21 0 58 74.
10020 25 0 50 82.
10058 14 0 48 46.
10069 17 0 58 75.
10072 18 0 50 55.
10079 10 0 48 82.
10122 10 0 43 46.
10131 18 0 40 75.
10132 21 0 43 54.
10145 14 0 53 84.
10178 9 0 39 46.
10191 23 0 39 54.
10203 12 0 40 63.
10239 11 0 39 46.
10249 20 0 37 75.
10250 19 0 40 54.
10262 10 0 42 63.
10301 9 0 40 46.
10308 17 0 37 75.
10324 12 0 52 86.
10364 13 0 39 69.
10370 17 0 40 75.
10382 16 0 52 84.
10429 9 0 46 81.
10484 27 0 46 68.
10494 13 0 63 77.
10500 17 0 48 82.
10540 28 0 42 68.
10548 20 0 63 76.
10564 11 0 50 61.
10597 13 0 46 46.
10608 23 0 61 77.
10620 11 0 47 62.
10654 11 0 46 46.
10666 24 0 48 68.
10675 16 0 64 79.
10682 18 0 46 82.
10708 29 0 40 68.
10717 14 0 69 80.
10724 9 0 40 53.
10764 14 0 45 82.
10778 14 0 46 46.
10788 13 0 41 67.
10794 15 0 68 75.
10803 8 0 43 82.
10841 10 0 43 46.
10850 22 0 41 75.
10864 15 0 55 84.
10905 26 0 42 69.
10909 25 0 45 75.
10917 10 0 41 63.
10961 18 0 36 69.
10964 21 0 41 54.
10976 11 0 43 63.
10983 14 0 52 84.
11017 12 0 37 69.
11025 26 0 45 53.
11036 12 0 41 63.
11042 9 0 52 86.
11075 13 0 43 46.
11085 21 0 45 75.
11099 19 0 53 84.
11137 21 0 39 74.
11151 13 0 47 80.
11160 20 0 55 34.
11201 12 0 48 46.
11212 17 0 55 77.
11223 11 0 51 62.
11264 20 0 43 68.
11269 18 0 52 76.
11321 13 0 50 46.
11331 19 0 52 77.
11343 20 0 46 82.
11376 11 0 47 46.
11386 18 0 48 53.
11391 20 0 53 79.
11397 12 0 50 63.
11404 20 0 47 82.
11442 33 0 41 68.
11457 11 0 50 62.
11500 13 0 48 46.
11510 21 0 48 54.
11522 19 0 47 83.
11557 12 0 55 46.
11570 20 0 56 54.
11583 16 0 48 83.
11614 10 0 56 46.
11621 25 0 51 69.
11628 20 0 63 77.
11642 18 0 53 83.
11672 8 0 55 46.
11683 27 0 50 69.
11690 23 0 61 78.
11707 11 0 52 83.
11732 8 0 57 46.
11741 24 0 53 69.
11755 9 0 61 65.
11797 9 0 59 46.
11811 18 0 66 78.
11823 18 0 58 83.
11860 26 0 58 70.
11868 22 0 69 79.
11881 16 0 62 84.
11923 20 0 63 70.
11931 22 0 72 79.
11944 17 0 61 84.
11981 8 0 61 46.
11986 21 0 72 78.
11992 20 0 61 55.
12001 11 0 63 63.
12037 25 0 52 70.
12050 20 0 62 55.
12060 18 0 59 84.
12092 9 0 59 46.
12097 26 0 56 70.
12104 8 0 61 55.
12121 15 0 61 84.
12153 25 0 61 70.
12176 13 0 62 84.
12210 15 0 63 46.
12222 22 0 55 77.
12230 17 0 64 57.
12242 15 0 74 84.
12278 15 0 63 46.
12288 28 0 66 53.
12302 12 0 68 62.
12336 12 0 69 46.
12346 15 0 74 82.
12358 13 0 73 62.
12393 13 0 69 46.
12408 13 0 78 82.
12420 7 0 88 89.
12450 14 0 71 46.
12463 23 0 71 53.
12465 8 0 84 84.
12473 12 0 73 62.
12511 12 0 69 46.
12527 16 0 72 56.
12532 7 0 73 82.
12581 9 0 50 70.
12587 15 0 72 79.
12595 8 0 93 39.
12639 13 0 71 51.
12647 23 0 72 58.
12656 18 0 89 82.
12700 24 0 57 79.
12707 22 0 68 58.
12713 18 0 89 81.
12755 15 0 68 51.
12765 28 0 69 58.
12775 16 0 88 82.
12814 28 0 53 79.
12824 25 0 66 58.
12836 9 0 67 67.
12877 12 0 64 51.
12885 23 0 66 58.
12897 17 0 89 82.
12933 12 0 69 50.
12944 17 0 69 58.
12946 12 0 61 80.
12954 10 0 69 68.
12997 15 0 68 50.
13008 22 0 71 58.
13013 24 0 59 80.
13023 21 0 88 82.
13056 14 0 66 50.
13066 26 0 56 80.
13079 10 0 68 68.
13113 26 0 52 70.
13122 24 0 58 80.
13136 11 0 72 68.
13163 15 0 58 70.
13173 14 0 71 50.
13185 17 0 74 58.
13202 12 0 89 84.
13231 24 0 56 70.
13243 21 0 64 80.
13281 16 0 68 70.
13294 11 0 59 79.
13301 10 0 63 82.
13319 7 0 99 91.
13350 17 0 62 53.
13363 32 0 69 58.
13368 17 0 69 62.
13376 23 0 79 68.
13383 14 0 91 86.
13413 11 0 68 70.
13421 27 0 64 58.
13426 20 0 32 75.
13428 20 0 69 63.
13436 14 0 74 67.
13475 11 0 69 43.
13487 15 0 53 75.
13501 11 0 89 86.

