815 19 0 68 84.
837 29 0 68 86.
964 161 0 89 48.
990 27 0 59 91.
1020 27 0 60 89.
1050 27 0 64 84.
1080 27 0 72 81.
1110 27 0 57 79.
1200 27 0 68 69.
1230 27 0 61 67.
1320 27 0 69 57.
1410 27 0 58 48.
1437 65 0 92 41.
1440 27 0 72 53.
1470 27 0 64 55.
1500 27 0 63 57.
1530 27 0 62 60.
1644 29 0 80 48.
1679 125 0 84 57.
1795 89 0 80 53.
1800 27 0 72 89.
1882 42 0 79 45.
1918 197 0 86 48.
1950 27 0 55 84.
1980 27 0 58 81.
2010 27 0 62 79.
2040 27 0 70 77.
2070 27 0 56 72.
2100 27 0 57 69.
2154 26 0 76 47.
2160 27 0 71 65.
2190 27 0 62 60.
2276 19 0 76 48.
2280 27 0 71 53.
2370 27 0 63 57.
2403 69 0 70 28.
2515 96 0 79 50.
2520 27 0 72 58.
2550 27 0 60 60.
2580 27 0 67 67.
2610 27 0 60 69.
2641 147 0 92 55.
2760 19 0 92 62.
2840 25 0 70 40.
2850 27 0 62 93.
2868 113 0 84 48.
2880 27 0 74 94.
2907 99 0 86 60.
3000 27 0 72 82.
3126 16 0 68 47.
3150 27 0 59 69.
3240 17 0 82 48.
3358 59 0 79 40.
3475 88 0 86 50.
3480 27 0 72 67.
3510 27 0 56 69.
3540 27 0 60 70.
3570 27 0 59 72.
3599 80 0 93 58.
3690 27 0 58 84.
3720 27 0 70 91.
3750 27 0 62 93.
3803 32 0 80 43.
3810 27 0 58 93.
3836 201 0 83 48.
3837 424 0 71 40.
3840 27 0 72 91.
3870 27 0 65 84.
3900 27 0 54 82.
3930 27 0 58 81.
3960 27 0 70 79.
3990 27 0 62 72.
4020 27 0 61 70.
4084 22 0 75 47.
4110 27 0 57 60.
4201 16 0 80 48.
4290 27 0 62 58.
4320 27 0 66 57.
4326 42 0 83 41.
4441 85 0 91 50.
4555 119 0 89 53.
4560 27 0 66 69.
4590 27 0 52 72.
4620 27 0 53 77.
4650 27 0 64 79.
4680 27 0 69 81.
4710 27 0 65 84.
4740 27 0 56 89.
4799 179 0 68 65.
4800 171 0 75 62.
5035 31 0 70 60.
5036 36 0 59 65.
5038 31 0 72 57.
5040 27 0 70 72.
5100 27 0 60 79.
5130 27 0 55 81.
5153 29 0 78 60.
5155 28 0 66 53.
5160 27 0 72 84.
5190 27 0 56 89.
5220 27 0 54 91.
5250 27 0 58 93.
5278 187 0 75 58.
5280 27 0 56 91.
5519 34 0 64 65.
5520 28 0 68 57.
5641 32 0 67 65.
5643 32 0 68 53.
5762 343 0 75 65.
5764 348 0 71 55.
5790 27 0 54 93.
5820 27 0 58 91.
5850 27 0 62 89.
5880 27 0 72 86.
5910 27 0 62 83.
5940 27 0 63 84.
5970 27 0 62 81.
6000 27 0 71 79.
6030 27 0 58 81.
6060 27 0 60 79.
6090 27 0 62 77.
6594 95 0 63 43.
6600 27 0 54 50.
6630 27 0 56 53.
6660 27 0 52 52.
6719 335 0 74 43.
7182 19 0 81 48.
7194 253 0 81 55.
7200 27 0 64 96.
7214 222 0 73 64.
7230 27 0 52 89.
7260 27 0 55 88.
7290 27 0 51 98.
7320 27 0 64 96.
7350 27 0 52 89.
7380 27 0 56 88.
7410 27 0 54 98.
7440 27 0 60 96.
7540 15 0 70 48.
7560 27 0 63 96.
7569 18 0 83 64.
7636 26 0 69 41.
7650 27 0 59 91.
7657 25 0 74 48.
7709 23 0 91 65.
7740 27 0 58 89.
7770 27 0 51 84.
7800 27 0 66 81.
7830 27 0 56 79.
7860 27 0 55 77.
7926 20 0 66 47.
7950 27 0 56 67.
8040 19 0 94 48.
8158 29 0 89 41.
8275 70 0 73 50.
8280 27 0 63 65.
8392 139 0 80 57.
8520 87 0 76 53.
8610 27 0 51 91.
8643 220 0 83 48.
8670 27 0 53 84.
8700 27 0 59 81.
8730 27 0 53 79.
8760 27 0 63 77.
8790 27 0 61 72.
8820 27 0 52 69.
8850 27 0 53 67.
8876 27 0 71 47.
8880 27 0 62 65.
8910 27 0 50 60.
9005 16 0 78 48.
9060 27 0 53 53.
9090 27 0 56 57.
9122 14 0 73 28.
9242 74 0 74 50.
9270 27 0 50 60.
9300 27 0 59 67.
9324 39 0 71 48.
9330 27 0 60 69.
9356 124 0 79 55.
9360 27 0 66 70.
9510 27 0 54 84.
9540 27 0 63 91.
9570 27 0 58 93.
9588 130 0 66 48.
9619 95 0 79 60.
9630 27 0 62 93.
9660 27 0 60 91.
9690 27 0 56 84.
9720 27 0 66 82.
9750 27 0 53 81.
9840 27 0 63 70.
9870 27 0 58 69.
9967 20 0 77 48.
10087 18 0 82 40.
10199 107 0 67 50.
10294 48 0 75 48.
10332 100 0 85 58.
10555 192 0 86 48.
10770 27 0 59 69.
10788 26 0 91 47.
10800 27 0 60 67.
10920 18 0 94 48.
11010 27 0 55 58.
11040 27 0 61 57.
11049 23 0 89 41.
11162 92 0 72 50.
11253 45 0 78 48.
11282 113 0 76 53.
11400 27 0 61 81.
11490 27 0 56 93.
11529 172 0 80 62.
11531 177 0 77 65.
11766 30 0 70 57.
11768 28 0 72 65.
11887 24 0 72 57.
11890 22 0 70 65.
12008 158 0 74 62.
12011 162 0 77 65.
12240 27 0 71 72.
12242 25 0 67 65.
12356 16 0 69 65.
12357 14 0 72 60.
12360 27 0 75 84.
12450 27 0 61 93.
12468 408 0 66 53.
12480 27 0 73 91.
12900 27 0 54 72.
12930 27 0 56 69.
12960 27 0 75 67.
12961 225 0 69 53.
13140 27 0 58 72.
13170 27 0 58 81.
13204 162 0 60 52.
13320 27 0 73 84.
13413 20 0 63 41.
13430 354 0 73 48.
13445 336 0 73 52.
13800 27 0 48 79.
13830 27 0 58 76.
13860 27 0 51 77.
13903 29 0 70 41.
13920 27 0 48 72.
13967 161 0 70 57.
13980 27 0 56 72.
14010 27 0 57 69.
14040 27 0 62 65.
14070 27 0 58 60.
14100 27 0 58 62.
14411 376 0 75 38.
14610 27 0 55 69.
14640 27 0 63 65.
14670 27 0 58 64.
14760 27 0 62 53.
14790 27 0 55 52.
14820 27 0 49 50.
14850 27 0 49 45.
14881 25 0 92 38.
14910 27 0 49 52.
15002 100 0 83 46.
15091 31 0 70 45.
15120 27 0 49 74.
15150 27 0 60 76.
15180 27 0 56 77.
15210 27 0 49 81.
15231 89 0 75 50.
15318 35 0 77 41.
15356 195 0 84 45.
15360 27 0 58 86.
15390 27 0 65 81.
15420 27 0 60 77.
15450 27 0 55 76.
15480 27 0 53 74.
15510 27 0 53 69.
15540 27 0 55 65.
15604 30 0 73 44.
15724 21 0 91 45.
15780 27 0 58 50.
15810 27 0 63 53.
15845 33 0 91 37.
15960 27 0 57 55.
15990 27 0 56 57.
16020 27 0 51 64.
16050 27 0 53 65.
16081 126 0 72 52.
16200 27 0 58 79.
16230 27 0 55 81.
16260 27 0 57 88.
16287 28 0 68 37.
16311 151 0 76 45.
16343 117 0 85 57.
16350 27 0 60 89.
16380 27 0 56 88.
16410 27 0 53 81.
16440 27 0 56 79.
16470 27 0 52 77.
16566 27 0 82 44.
16690 20 0 89 45.
16804 21 0 93 37.
16922 100 0 91 46.
17012 31 0 75 45.
17040 27 0 58 76.
17070 27 0 61 77.
17100 27 0 62 79.
17160 27 0 55 88.
17220 27 0 66 91.
17281 411 0 77 37.
17310 27 0 50 81.
17340 27 0 60 79.
17370 27 0 56 77.
17400 27 0 51 76.
17430 27 0 45 69.
17516 29 0 68 44.
17520 27 0 54 64.
17550 27 0 58 57.
17640 27 0 58 52.
17700 27 0 61 52.
17730 27 0 64 55.
17764 64 0 86 36.
17790 27 0 50 45.
17820 27 0 54 51.
17890 87 0 79 47.
17910 27 0 45 57.
17940 27 0 48 63.
18000 117 0 73 48.
18118 116 0 91 60.
18240 27 0 68 90.
18244 62 0 81 47.
18270 27 0 71 88.
18300 27 0 71 87.
18330 27 0 72 96.
18360 27 0 73 90.
18390 27 0 74 88.
18420 27 0 78 87.
18450 27 0 78 81.
18480 27 0 79 89.
18510 27 0 81 87.
18540 27 0 81 86.
18570 27 0 82 95.
18600 27 0 82 89.
18630 27 0 84 87.
18660 27 0 85 86.
18690 27 0 86 80.
18720 27 0 86 89.
18736 46 0 87 58.
18750 27 0 85 87.
18780 27 0 82 86.
18845 22 0 85 70.
18930 27 0 80 80.
18973 65 0 93 58.
19080 27 0 81 65.
19089 39 0 87 53.
19207 41 0 95 34.
19320 27 0 63 89.
19350 27 0 67 87.
19380 27 0 68 86.
19410 27 0 72 80.
19440 27 0 74 88.
19470 27 0 76 86.
19500 27 0 78 85.
19530 27 0 79 94.
19560 27 0 79 88.
19590 27 0 75 86.
19620 27 0 77 85.
19650 27 0 77 79.
19678 68 0 98 57.
19770 27 0 76 93.
19795 23 0 83 69.
19877 19 0 83 52.
19890 27 0 74 79.
19926 65 0 91 45.
20044 73 0 91 40.
20167 39 0 100 33.
20280 27 0 88 88.
20310 27 0 72 86.
20340 27 0 74 85.
20370 27 0 72 79.
20400 27 0 89 86.
20430 27 0 78 85.
20460 27 0 76 83.
20490 27 0 73 78.
20520 27 0 84 85.
20550 27 0 73 83.
20580 27 0 72 81.
20610 27 0 76 76.
20640 27 0 88 83.
20670 27 0 75 81.
20700 27 0 78 79.
20730 27 0 77 74.
20760 27 0 88 81.
20790 27 0 78 79.
20820 27 0 78 78.
20850 27 0 79 73.
20880 27 0 86 79.
20910 27 0 77 78.
20940 27 0 75 76.
20970 27 0 76 71.
21000 27 0 86 78.
21030 27 0 74 76.
21060 27 0 73 74.
21090 27 0 68 69.
21120 27 0 81 76.
21150 27 0 66 74.
21180 27 0 65 73.
21210 27 0 67 67.
21240 27 0 82 74.
21270 27 0 66 73.
21300 27 0 65 71.
21330 27 0 67 68.
21360 27 0 71 74.
21390 27 0 66 73.
21420 27 0 66 71.
21450 27 0 65 66.
21480 27 0 64 74.
21510 27 0 62 73.
21540 27 0 59 71.
21570 27 0 60 65.
21600 27 0 74 73.
21630 27 0 58 71.
21660 27 0 58 69.
21690 27 0 60 66.
21720 27 0 75 72.
21750 27 0 59 71.
21780 27 0 55 69.
21810 27 0 54 66.
21840 27 0 52 72.
21870 27 0 54 71.
21900 27 0 53 69.
21930 27 0 53 64.
21960 27 0 50 72.
21990 27 0 51 71.
22020 27 0 50 69.
22050 27 0 50 63.
22080 27 0 66 71.
22110 27 0 52 69.
22140 27 0 49 67.
22170 27 0 49 64.
22200 27 0 64 70.
22230 27 0 49 69.
22260 27 0 49 67.
22290 27 0 49 64.
22320 27 0 49 70.
22350 27 0 51 69.
22380 27 0 49 67.
22410 27 0 50 62.
22440 27 0 48 70.
22470 27 0 49 69.
22500 27 0 47 67.
22530 27 0 48 61.
22560 27 0 68 62.
22590 27 0 45 64.
22620 27 0 43 65.
22650 27 0 47 74.
22680 27 0 63 61.
22710 27 0 46 62.
22740 27 0 44 64.
22770 27 0 48 73.
22800 27 0 64 62.
22830 27 0 50 64.
22860 27 0 54 65.
22890 27 0 54 74.
22920 27 0 71 65.
22950 27 0 59 67.
22980 27 0 64 68.
23010 27 0 67 77.
23040 27 0 69 69.
23165 165 0 89 45.
23408 72 0 81 52.
23490 27 0 58 69.
23520 27 0 62 70.
23526 122 0 87 53.
23646 92 0 80 55.
23721 205 0 71 53.
23730 27 0 63 94.
23754 118 0 83 58.
23760 27 0 70 86.
23790 27 0 65 84.
23820 21 0 53 82.
23871 51 0 80 62.
23972 64 0 65 45.
23991 57 0 68 51.
24013 29 0 81 59.
24030 27 0 61 73.
24060 27 0 58 75.
24090 21 0 66 83.
24120 27 0 58 83.
24125 162 0 94 33.
24150 27 0 57 85.
24180 27 0 62 87.
24210 27 0 62 95.
24240 27 0 64 87.
24270 27 0 54 85.
24300 21 0 62 83.
24330 27 0 56 83.
24360 27 0 56 75.
24365 69 0 79 53.
24390 27 0 53 73.
24420 21 0 56 71.
24450 27 0 56 71.
24479 157 0 67 45.
24481 119 0 75 55.
24600 27 0 55 84.
24683 193 0 75 55.
24714 137 0 72 60.
24720 27 0 57 88.
24750 27 0 64 86.
24780 21 0 65 84.
24810 27 0 69 84.
24870 27 0 69 74.
24930 27 0 70 72.
24953 63 0 66 52.
24964 43 0 73 55.
25020 27 0 67 76.
25050 27 0 54 85.
25086 123 0 98 33.
25320 27 0 69 55.
25350 27 0 67 57.
25380 27 0 67 58.
25410 27 0 72 64.
25440 27 0 71 58.
25470 27 0 68 60.
25500 27 0 69 61.
25530 27 0 74 67.
25560 27 0 74 61.
25590 27 0 76 62.
25620 27 0 76 64.
25650 27 0 80 70.
25680 27 0 77 64.
25710 27 0 84 65.
25740 27 0 84 67.
25770 27 0 84 73.
25800 27 0 88 67.
25830 27 0 85 69.
25860 27 0 87 70.
25890 27 0 88 76.
25920 46 0 90 79.
25950 27 0 76 86.
26040 27 0 74 67.
26070 27 0 72 69.
26100 27 0 76 70.
26130 27 0 74 61.
26160 27 0 81 88.
26190 27 0 77 86.
26220 27 0 78 85.
26250 27 0 80 79.
26280 27 0 81 88.
26310 27 0 79 86.
26340 27 0 75 85.
26370 27 0 78 94.
26400 27 0 73 88.
26430 27 0 70 86.
26460 27 0 69 85.
26490 27 0 73 79.
26520 27 0 73 85.
26550 27 0 68 86.
26580 27 0 75 88.
26610 27 0 71 94.
26640 27 0 72 88.
26670 27 0 76 86.
26700 27 0 73 85.
26730 27 0 71 79.
26760 27 0 70 85.
26790 27 0 68 86.
26820 27 0 65 88.
26850 27 0 65 94.
26880 27 0 65 88.
26910 27 0 67 86.
26940 27 0 69 84.
26970 27 0 69 79.
27000 27 0 60 88.
27030 27 0 56 86.
27060 27 0 56 84.
27090 27 0 62 94.
27120 27 0 69 88.
27150 27 0 63 86.
27180 27 0 58 84.
27210 27 0 63 79.
27240 27 0 56 88.
27270 27 0 61 86.
27300 27 0 59 84.
27330 27 0 62 94.
27360 27 0 57 88.
27390 27 0 60 86.
27420 27 0 58 84.
27450 27 0 54 79.
27480 27 0 58 84.
27510 27 0 55 86.
27540 27 0 52 88.
27570 27 0 57 94.
27600 27 0 53 88.
27630 27 0 51 86.
27660 27 0 50 84.
27690 27 0 49 79.
27720 27 0 47 84.
27750 27 0 50 86.
27780 27 0 45 88.
27810 27 0 44 94.
27840 27 0 37 88.
27870 27 0 35 86.
27900 27 0 38 84.
27930 27 0 38 79.
27960 27 0 38 89.
27990 27 0 37 88.
28020 27 0 37 86.
28050 27 0 41 80.
28080 27 0 41 89.
28110 27 0 41 88.
28140 27 0 43 86.
28170 27 0 43 80.
28200 27 0 44 88.
28230 27 0 44 86.
28260 27 0 43 85.
28290 27 0 45 79.
28320 27 0 48 88.
28350 27 0 48 86.
28380 27 0 49 85.
28410 27 0 50 79.
28440 27 0 50 89.
28470 27 0 51 88.
28500 27 0 50 86.
28530 27 0 51 80.
28560 27 0 51 89.
28590 27 0 51 88.
28620 27 0 53 86.
28650 27 0 50 80.
28680 27 0 52 90.
28710 27 0 49 88.
28740 27 0 50 87.
28770 27 0 49 81.
28800 27 0 49 90.
28830 27 0 51 88.
28860 27 0 50 87.
28890 27 0 49 81.
28920 27 0 47 91.
28950 27 0 52 89.
28980 27 0 51 88.
29010 27 0 50 82.
29040 27 0 55 91.
29070 27 0 55 89.
29100 27 0 53 88.
29130 27 0 51 82.
29160 27 0 52 90.
29190 27 0 57 88.
29220 27 0 55 87.
29250 27 0 58 81.
29280 27 0 60 90.
29280 27 0 66 69.
29310 27 0 67 70.
29340 27 0 67 72.
29370 27 0 68 78.
29400 27 0 51 91.
29430 27 0 66 89.
29460 27 0 56 88.
29490 27 0 57 82.
29520 27 0 65 91.
29550 27 0 53 89.
29580 27 0 50 88.
29610 27 0 48 82.
29640 27 0 62 92.
29670 27 0 63 91.
29700 27 0 62 89.
29730 27 0 63 83.
29760 27 0 74 93.
29783 44 0 76 72.
29809 26 0 83 81.
29820 27 0 68 89.
29850 27 0 61 84.
29880 27 0 65 81.
29910 27 0 60 79.
29940 27 0 60 77.
30012 22 0 71 60.
30130 31 0 86 41.

