7800 120 0 37 68.
7920 120 0 41 69.
8040 120 0 38 68.
8160 120 0 39 67.
8280 120 0 40 68.
8400 120 0 42 73.
8520 120 0 43 76.
8640 120 0 45 75.
8760 120 0 43 73.
8880 120 0 45 75.
9000 120 0 43 73.
9120 120 0 44 72.
9240 120 0 46 73.
9360 120 0 49 76.
9480 120 0 47 80.
9720 120 0 45 68.
9840 120 0 49 69.
9960 120 0 45 68.
10080 120 0 46 67.
10200 120 0 48 68.
10320 120 0 50 73.
10440 120 0 51 76.
10560 120 0 54 75.
10680 120 0 51 73.
10800 120 0 53 75.
10920 120 0 51 73.
11040 120 0 52 72.
11160 120 0 54 73.
11280 120 0 57 76.
11400 120 0 55 80.
11640 120 0 55 69.
11760 120 0 55 73.
11880 120 0 58 75.
12000 120 0 61 78.
12120 120 0 64 81.
12240 120 0 67 85.
12360 120 0 70 87.
12480 120 0 74 95.
12600 120 0 72 93.
12720 120 0 71 92.
12840 120 0 70 90.
12960 120 0 69 88.
13080 120 0 68 87.
13200 120 0 67 90.
13320 120 0 66 85.
13440 120 0 68 84.
13560 120 0 63 87.
13680 120 0 63 81.
13800 120 0 63 80.
13920 120 0 60 78.
14040 120 0 58 81.
14160 120 0 54 76.
14280 120 0 54 75.
14400 120 0 53 78.
14520 120 0 48 73.
14640 120 0 48 72.
14760 120 0 47 75.
14880 120 0 45 69.
15000 120 0 42 68.
15120 120 0 42 71.
15240 240 0 41 69.
15480 120 0 37 68.
15600 120 0 41 69.
15720 120 0 38 68.
15840 120 0 39 67.
15960 120 0 40 68.
16080 120 0 42 73.
16200 120 0 43 76.
16320 120 0 45 75.
16440 120 0 43 73.
16560 120 0 45 75.
16680 120 0 43 73.
16800 120 0 44 72.
16920 120 0 46 73.
17040 120 0 49 76.
17160 120 0 47 80.
17400 120 0 45 68.
17520 120 0 49 70.
17640 120 0 45 68.
17760 120 0 46 67.
17880 120 0 48 68.
18000 120 0 50 73.
18120 120 0 51 76.
18240 120 0 54 75.
18360 120 0 51 73.
18480 120 0 53 75.
18600 120 0 51 73.
18720 120 0 52 72.
18840 120 0 54 73.
18960 120 0 57 76.
19080 120 0 55 80.
19200 120 0 64 75.
19320 120 0 58 76.
19440 120 0 61 75.
19560 120 0 50 74.
19680 120 0 56 75.
19800 120 0 68 83.
19920 120 0 62 82.
20040 120 0 65 80.
20160 120 0 69 79.
20280 120 0 73 88.
20400 120 0 72 87.
20520 120 0 72 85.
20640 120 0 75 83.
20760 120 0 69 82.
20880 120 0 68 80.
21000 120 0 68 79.
21120 120 0 72 82.
21240 120 0 70 80.
21360 120 0 64 83.
21480 120 0 57 74.
21600 120 0 65 76.
21720 120 0 57 75.
21840 120 0 63 80.
21960 120 0 57 70.
22080 120 0 61 73.
22200 120 0 59 71.
22320 120 0 58 75.
22440 120 0 56 67.
22560 120 0 60 70.
22680 120 0 51 68.
22800 120 0 55 67.
22920 120 0 50 68.
23040 120 0 72 68.
23160 120 0 58 80.
23280 120 0 59 72.
23400 120 0 59 73.
23520 120 0 71 66.
23640 120 0 60 78.
23760 120 0 60 72.
23880 120 0 61 73.
24000 120 0 75 65.
24120 120 0 62 77.
24240 120 0 63 72.
24360 120 0 63 73.
24480 120 0 74 66.
24600 120 0 65 78.
24720 120 0 64 72.
24840 120 0 64 73.
24960 120 0 77 61.
25080 120 0 65 73.
25200 120 0 65 66.
25320 120 0 65 69.
25440 120 0 75 63.
25560 120 0 65 75.
25680 120 0 65 66.
25800 120 0 65 69.
25920 120 0 79 64.
26040 120 0 66 76.
26160 120 0 66 68.
26280 120 0 66 71.
26400 120 0 77 68.
26520 120 0 67 80.
26640 120 0 66 71.
26760 120 0 65 76.
26880 120 0 81 68.
27000 120 0 65 80.
27120 120 0 65 72.
27240 120 0 65 73.
27360 120 0 78 66.
27480 120 0 65 78.
27600 120 0 65 72.
27720 120 0 65 73.
27840 120 0 79 65.
27960 120 0 66 77.
28080 120 0 66 72.
28200 120 0 66 73.
28320 120 0 77 66.
28440 120 0 67 78.
28560 120 0 66 72.
28680 120 0 65 73.
28800 120 0 81 65.
28920 120 0 65 77.
29040 120 0 65 71.
29160 120 0 65 75.
29280 120 0 78 66.
29400 120 0 65 78.
29520 120 0 65 71.
29640 120 0 65 75.
29760 120 0 79 69.
29880 120 0 66 81.
30000 120 0 66 71.
30120 120 0 66 76.
30240 120 0 77 68.
30360 120 0 67 80.
30480 120 0 66 71.
30600 120 0 65 76.
30720 120 0 52 68.
30840 120 0 57 80.
30960 120 0 47 72.
31080 120 0 47 73.
31200 120 0 49 66.
31320 120 0 54 78.
31440 120 0 48 72.
31560 120 0 48 73.
31680 120 0 51 65.
31800 120 0 56 77.
31920 120 0 50 72.
32040 120 0 50 73.
32160 120 0 53 66.
32280 120 0 58 78.
32400 120 0 51 72.
32520 120 0 51 73.
32640 120 0 55 61.
32760 120 0 60 73.
32880 120 0 52 66.
33000 120 0 53 69.
33120 120 0 55 63.
33240 120 0 62 75.
33360 120 0 54 66.
33480 120 0 54 69.
33600 120 0 57 64.
33720 120 0 65 76.
33840 120 0 56 68.
33960 120 0 56 71.
34080 120 0 60 68.
34200 120 0 68 80.
34320 120 0 57 71.
34440 120 0 58 76.
34560 120 0 62 68.
34680 120 0 68 80.
34800 120 0 59 72.
34920 120 0 59 73.
35040 120 0 62 66.
35160 120 0 70 78.
35280 120 0 61 72.
35400 120 0 61 73.
35520 120 0 64 75.
35640 120 0 73 87.
35760 120 0 62 78.
35880 120 0 62 81.
36000 120 0 66 73.
36120 120 0 74 85.
36240 120 0 62 78.
36360 120 0 62 81.
36480 120 0 64 73.
36600 120 0 73 85.
36720 120 0 61 75.
36840 120 0 61 78.
36960 120 0 64 72.
37080 120 0 71 84.
37200 120 0 60 75.
37320 120 0 59 78.
37440 120 0 60 72.
37560 120 0 69 84.
37680 120 0 58 75.
37800 120 0 58 78.
37920 120 0 61 72.
38040 120 0 68 84.
38160 120 0 57 75.
38280 120 0 56 78.
38400 120 0 57 72.
38520 120 0 65 84.
38640 120 0 55 75.
38760 120 0 55 78.
38880 120 0 58 71.
39000 120 0 64 83.
39120 120 0 53 75.
39240 120 0 53 78.
39360 120 0 54 71.
39480 120 0 62 83.
39600 120 0 52 75.
39720 120 0 52 78.
39840 120 0 54 70.
39960 120 0 60 82.
40080 120 0 50 75.
40200 120 0 50 78.
40320 120 0 55 70.
40446 120 0 49 82.
40680 120 0 48 78.
40800 120 0 53 69.
40926 120 0 48 81.
41160 120 0 47 78.
41280 120 0 52 69.
41400 120 0 49 81.
41520 120 0 45 75.
41640 120 0 45 78.
41760 120 0 51 69.
41880 120 0 47 81.
42000 120 0 44 75.
42120 120 0 44 78.
42240 120 0 52 72.
42366 120 0 47 84.
42600 120 0 46 78.
42720 120 0 49 71.
42840 120 0 44 83.
42960 120 0 44 75.
43080 120 0 44 78.
43200 120 0 48 71.
43320 120 0 45 83.
43440 120 0 42 75.
43560 120 0 42 78.
43680 120 0 47 70.
43800 120 0 43 82.
43920 120 0 40 75.
44040 120 0 40 78.
44160 120 0 46 70.
44280 120 0 42 82.
44400 120 0 41 75.
44520 120 0 41 78.
44640 120 0 44 69.
44760 120 0 40 81.
44880 120 0 40 75.
45000 120 0 39 78.
45120 120 0 43 69.
45240 120 0 40 81.
45360 120 0 37 75.
45480 120 0 37 78.
45600 120 0 42 68.
45720 120 0 38 80.
45840 120 0 36 75.
45960 120 0 35 78.
46200 120 0 37 68.
46320 120 0 41 69.
46440 120 0 38 68.
46560 120 0 39 67.
46680 120 0 40 68.
46800 120 0 42 73.
46920 120 0 43 76.
47040 120 0 45 75.
47160 120 0 43 73.
47280 120 0 45 75.
47400 120 0 43 73.
47520 120 0 44 72.
47640 120 0 46 73.
47760 120 0 49 76.
47880 120 0 47 80.
48120 120 0 45 68.
48240 120 0 49 69.
48360 120 0 45 68.
48480 120 0 46 67.
48600 120 0 48 68.
48720 120 0 50 73.
48840 120 0 51 76.
48960 120 0 54 75.
49080 120 0 51 73.
49200 120 0 53 75.
49320 120 0 51 73.
49440 120 0 52 72.
49560 120 0 54 73.
49680 120 0 57 76.
49800 120 0 55 80.
50040 120 0 56 69.
50160 120 0 57 73.
50280 120 0 59 75.
50400 120 0 61 78.
50520 120 0 66 81.
50640 120 0 69 85.
50760 120 0 71 87.
50880 120 0 73 95.
51000 120 0 71 93.
51120 120 0 71 92.
51240 120 0 70 90.
51360 120 0 69 88.
51480 120 0 68 87.
51600 120 0 67 90.
51720 120 0 67 85.
51840 120 0 68 84.
51960 120 0 64 87.
52080 120 0 65 81.
52200 120 0 65 80.
52320 120 0 64 78.
52440 120 0 62 81.
52560 120 0 59 76.
52680 120 0 59 75.
52800 120 0 59 78.
52920 120 0 55 73.
53040 120 0 55 72.
53160 120 0 55 75.
53280 120 0 54 69.
53400 120 0 51 68.
53520 120 0 51 71.
53640 240 0 50 69.
53880 120 0 47 68.
54000 120 0 51 69.
54120 120 0 47 68.
54240 120 0 48 67.
54360 120 0 49 68.
54480 120 0 51 73.
54600 120 0 52 76.
54720 120 0 54 75.
54840 120 0 51 73.
54960 120 0 53 75.
55080 120 0 51 73.
55200 120 0 51 72.
55320 120 0 53 73.
55440 120 0 57 76.
55560 120 0 54 80.
55680 120 0 52 76.
55800 120 0 48 75.
55920 120 0 52 76.
56040 120 0 48 75.
56160 120 0 49 74.
56280 120 0 50 75.
56400 120 0 53 78.
56520 120 0 54 81.
56640 120 0 56 78.
56760 120 0 54 77.
56880 120 0 56 78.
57000 120 0 54 77.
57120 120 0 54 76.
57240 120 0 56 77.
57360 120 0 59 80.
57480 120 0 57 85.
57720 120 0 50 73.
57840 120 0 55 74.
57960 120 0 51 73.
58080 120 0 52 72.
58200 120 0 53 73.
58320 120 0 56 78.
58440 120 0 57 81.
58560 120 0 59 78.
58680 120 0 56 77.
58800 120 0 59 78.
58920 120 0 57 77.
59040 120 0 57 76.
59160 120 0 59 77.
59280 120 0 63 80.
59400 120 0 59 85.
59520 120 0 58 80.
59640 120 0 53 78.
59760 120 0 58 80.
59880 120 0 54 78.
60000 120 0 55 77.
60120 120 0 56 78.
60240 120 0 59 81.
60360 120 0 60 85.
60480 120 0 63 81.
60600 120 0 59 80.
60720 120 0 62 81.
60840 120 0 60 80.
60960 120 0 60 79.
61080 120 0 62 80.
61200 120 0 66 84.
61320 120 0 63 87.
61440 120 0 69 80.
61560 120 0 64 81.
61680 120 0 67 80.
61800 120 0 58 79.
61920 120 0 62 80.
62040 120 0 71 88.
62160 120 0 71 87.
62280 120 0 70 86.
62400 120 0 69 85.
62520 120 0 69 84.
62640 120 0 68 83.
62760 120 0 67 82.
62880 120 0 67 81.
63000 120 0 66 80.
63120 120 0 65 79.
63240 120 0 64 78.
63360 120 0 69 76.
63480 120 0 64 78.
63600 120 0 67 76.
63720 120 0 58 75.
63840 120 0 62 76.
63960 120 0 71 88.
64080 120 0 71 87.
64200 120 0 70 86.
64320 120 0 70 85.
64440 120 0 71 84.
64560 120 0 71 83.
64680 120 0 72 82.
64800 120 0 73 81.
64920 120 0 74 80.
65040 120 0 75 79.
65160 120 0 76 78.
65280 60 0 76 80.
65520 120 0 85 92.
65640 120 0 85 91.
65760 120 0 84 90.
65880 120 0 84 89.
66000 120 0 83 88.
66120 120 0 83 87.
66240 120 0 82 86.
66360 120 0 81 85.
66480 120 0 81 84.
66600 120 0 80 83.
66720 120 0 80 82.
66840 120 0 79 81.
66960 120 0 79 80.
67080 120 0 78 79.
67200 120 0 77 78.
67320 120 0 77 77.
67440 120 0 77 76.
67560 120 0 77 75.
67680 120 0 77 74.
67800 120 0 77 73.
67920 120 0 77 72.
68040 120 0 77 71.
68160 120 0 77 70.
68280 120 0 78 69.
68400 120 0 80 68.
68520 120 0 82 67.
68640 120 0 85 66.
68760 120 0 87 64.
68880 120 0 90 63.
69000 120 0 92 61.
69120 120 0 94 56.
69600 120 0 90 93.
69720 120 0 81 92.
69840 120 0 77 100.
69960 120 0 77 88.
70080 120 0 90 90.
70200 120 0 77 88.
70320 120 0 77 97.
70440 120 0 77 85.
70560 120 0 89 87.
70680 120 0 77 85.
70800 120 0 77 92.
70920 120 0 77 80.
71040 120 0 89 81.
71160 120 0 77 80.
71280 120 0 77 88.
71400 120 0 77 76.
71520 120 0 88 78.
71640 120 0 77 76.
71760 120 0 77 85.
71880 120 0 77 73.
72000 120 0 89 75.
72120 120 0 77 73.
72240 120 0 77 80.
72360 120 0 77 68.
72480 120 0 90 69.
72600 120 0 77 68.
72720 120 0 77 76.
72840 120 0 77 64.
72960 120 0 88 66.
73080 120 0 77 64.
73200 120 0 77 73.
73320 120 0 77 61.
73440 120 0 89 63.
73560 120 0 77 61.
73680 120 0 77 68.
73800 120 0 77 56.
73920 120 0 89 63.
74040 120 0 77 61.
74160 120 0 77 68.
74280 120 0 77 56.
74400 120 0 89 63.
74520 120 0 77 61.
74640 120 0 77 69.
74760 120 0 77 57.
74880 120 0 89 63.
75000 120 0 75 61.
75120 120 0 74 68.
75240 120 0 73 56.
75360 120 0 83 63.
75480 120 0 71 61.
75600 120 0 71 67.
75720 120 0 70 55.
75840 120 0 79 63.
75960 120 0 68 61.
76080 120 0 67 68.
76200 120 0 66 56.
76320 120 0 75 63.
76440 120 0 63 60.
76560 120 0 63 68.
76680 120 0 62 56.
80640 960 0 45 68.
81600 60 0 42 70.
81660 60 0 42 72.
81720 120 0 46 70.
81840 240 0 45 68.
82080 240 0 45 73.
82320 240 0 48 75.
82560 960 0 51 77.
83520 960 0 56 80.
84480 480 0 53 78.
84960 480 0 51 77.
85440 480 0 49 75.
85920 360 0 51 77.
86280 120 0 47 73.
86400 960 0 48 68.
87360 1920 0 48 70.
89280 60 0 42 71.
89340 60 0 42 73.
89400 120 0 46 71.
89520 240 0 45 70.
89760 240 0 45 75.
90000 240 0 48 77.
90240 480 0 51 78.
90720 480 0 50 77.
91200 480 0 51 75.
91680 480 0 49 77.
92160 720 0 48 73.
92880 60 0 49 72.
92940 60 0 45 73.
93000 60 0 45 75.
93060 60 0 45 73.
93120 720 0 50 77.
93840 240 0 49 75.
94080 1920 0 47 75.
96000 960 0 45 68.
96960 60 0 42 70.
97020 60 0 42 72.
97080 120 0 46 70.
97200 240 0 45 68.
97440 240 0 45 73.
97680 240 0 48 75.
97920 960 0 51 77.
98880 960 0 56 80.
99840 480 0 53 78.
100320 480 0 51 77.
100800 240 0 49 75.
101040 60 0 47 77.
101100 60 0 47 75.
101160 60 0 47 73.
101220 60 0 47 75.
101280 360 0 51 77.
101640 120 0 47 73.
101760 960 0 48 68.
102720 1920 0 48 70.
104640 60 0 42 71.
104700 60 0 42 73.
104760 120 0 46 71.
104880 240 0 45 70.
105120 240 0 45 75.
105360 240 0 48 77.
105600 480 0 51 78.
106080 480 0 50 77.
106560 480 0 51 75.
107040 480 0 49 77.
107520 720 0 48 73.
108240 60 0 49 67.
108300 60 0 45 68.
108360 60 0 45 70.
108420 60 0 45 68.
108480 720 0 50 77.
109200 240 0 49 75.
109440 960 0 52 75.
110400 480 0 52 73.
111120 240 0 60 80.
111360 960 0 65 68.
112320 60 0 59 70.
112380 60 0 59 72.
112440 240 0 64 70.
112680 120 0 57 69.
112800 360 0 64 70.
113160 120 0 62 72.
113280 240 0 66 68.
113760 617 0 66 84.
114377 137 0 63 82.
114514 137 0 62 80.
114651 137 0 61 76.
114788 137 0 59 73.
114925 206 0 58 70.
115131 69 0 55 80.
115200 900 0 66 63.
116100 60 0 59 72.
116160 360 0 64 70.
116520 120 0 57 69.
116640 360 0 64 70.
117000 120 0 62 75.
117120 480 0 65 68.
118080 480 0 39 70.
118560 160 0 44 73.
118720 160 0 39 72.
118880 160 0 39 70.
119040 960 0 43 68.
120000 48 0 46 70.
120048 48 0 42 72.
120096 48 0 42 70.
120144 48 0 44 72.
120192 48 0 42 70.
120240 240 0 41 68.
120480 240 0 45 73.
120720 240 0 48 75.
120960 960 0 51 77.
121920 960 0 56 80.
122880 480 0 53 78.
123360 480 0 51 77.
123840 240 0 49 75.
124080 60 0 47 77.
124140 60 0 47 75.
124200 60 0 47 73.
124260 60 0 47 75.
124320 240 0 51 77.
124560 240 0 47 73.
124800 960 0 48 68.
125760 1920 0 48 70.
127680 48 0 45 71.
127728 48 0 42 73.
127776 48 0 41 71.
127824 48 0 42 73.
127876 48 0 42 71.
128160 240 0 45 75.
128400 240 0 48 77.
128640 480 0 51 78.
129120 480 0 50 77.
129600 480 0 51 75.
130080 480 0 49 77.
130560 720 0 48 73.
131280 60 0 49 67.
131340 60 0 45 68.
131400 60 0 45 70.
131460 60 0 45 68.
131520 720 0 50 77.
132240 240 0 49 75.
132480 960 0 52 75.
133440 480 0 52 73.
134160 240 0 60 80.
134400 960 0 65 68.
135360 60 0 65 70.
135420 60 0 59 72.
135480 60 0 60 70.
135540 60 0 59 72.
135600 40 0 56 70.
135640 40 0 56 72.
135680 40 0 56 70.
135720 120 0 62 69.
135840 360 0 64 70.
136200 120 0 62 72.
136320 240 0 66 68.
136800 617 0 66 84.
137417 137 0 63 82.
137554 137 0 62 80.
137691 137 0 61 76.
137828 137 0 59 73.
137965 206 0 58 70.
138171 69 0 55 80.
138240 900 0 66 63.
139140 60 0 59 72.
139200 360 0 64 70.
139560 120 0 57 69.
139680 360 0 64 70.
140040 120 0 62 75.
140160 480 0 65 68.
141120 480 0 39 70.
141600 160 0 44 73.
141760 160 0 39 72.
141920 160 0 39 70.
142080 960 0 43 68.
143040 48 0 47 70.
143088 48 0 43 72.
143136 48 0 43 70.
143184 48 0 43 72.
143232 48 0 43 70.
143280 240 0 45 68.
143520 240 0 45 73.
143760 240 0 48 75.
144000 960 0 51 77.
144960 960 0 56 80.
145920 480 0 53 78.
146400 480 0 51 77.
146880 240 0 49 75.
147120 60 0 47 77.
147180 60 0 47 75.
147240 60 0 47 73.
147300 60 0 47 75.
147360 240 0 51 77.
147600 240 0 47 73.
147840 960 0 48 68.
148800 1920 0 48 70.
150720 48 0 48 71.
150768 48 0 42 73.
150816 48 0 43 71.
150864 48 0 42 73.
150912 48 0 42 71.
150960 240 0 45 70.
151200 240 0 45 75.
151440 240 0 48 77.
151680 480 0 51 78.
152160 480 0 47 77.
152640 480 0 49 75.
153120 480 0 45 77.
153600 720 0 43 73.
154320 60 0 44 67.
154380 60 0 40 68.
154440 60 0 40 70.
154500 60 0 40 68.
154560 720 0 45 77.
155280 240 0 44 75.
155520 1920 0 44 75.
157560 120 0 37 68.
157680 120 0 41 69.
157800 120 0 38 68.
157920 120 0 39 67.
158040 120 0 40 68.
158160 120 0 42 73.
158280 120 0 43 76.
158400 120 0 45 75.
158520 120 0 43 73.
158640 120 0 45 75.
158760 120 0 43 73.
158880 120 0 44 72.
159000 120 0 46 73.
159120 120 0 49 76.
159240 120 0 47 80.
159480 120 0 45 68.
159600 120 0 49 69.
159720 120 0 45 68.
159840 120 0 46 67.
159960 120 0 48 68.
160080 120 0 50 73.
160200 120 0 51 76.
160320 120 0 54 75.
160440 120 0 51 73.
160560 120 0 53 75.
160680 120 0 51 73.
160800 120 0 52 72.
160920 120 0 54 73.
161040 120 0 57 76.
161160 120 0 55 80.
161400 120 0 56 69.
161520 120 0 58 73.
161640 120 0 60 75.
161760 120 0 63 78.
161880 120 0 63 81.
162000 120 0 66 85.
162120 120 0 72 87.
162240 120 0 76 95.
162360 120 0 75 93.
162480 120 0 70 92.
162600 120 0 69 90.
162720 120 0 68 88.
162840 120 0 67 87.
162960 120 0 66 90.
163080 120 0 67 85.
163200 120 0 68 84.
163320 120 0 63 87.
163440 120 0 63 81.
163560 120 0 63 80.
163680 120 0 60 78.
163800 120 0 58 81.
163920 120 0 54 76.
164040 120 0 54 75.
164160 120 0 53 78.
164280 120 0 48 73.
164400 120 0 48 72.
164520 120 0 47 75.
164640 120 0 45 69.
164760 120 0 42 68.
164880 120 0 42 71.
165000 240 0 41 69.
165240 120 0 37 68.
165360 120 0 41 69.
165480 120 0 38 68.
165600 120 0 39 67.
165720 120 0 40 68.
165840 120 0 42 73.
165960 120 0 43 76.
166080 120 0 45 75.
166200 120 0 43 73.
166320 120 0 45 75.
166440 120 0 43 73.
166560 120 0 44 72.
166680 120 0 46 73.
166800 120 0 49 76.
166920 120 0 47 80.
167160 120 0 45 68.
167280 120 0 49 70.
167400 120 0 45 68.
167520 120 0 46 67.
167640 120 0 48 68.
167760 120 0 50 73.
167880 120 0 51 76.
168000 120 0 54 75.
168120 120 0 51 73.
168240 120 0 53 75.
168360 120 0 51 73.
168480 120 0 52 72.
168600 120 0 54 73.
168720 120 0 57 76.
168840 120 0 55 80.
168960 120 0 64 75.
169080 120 0 58 76.
169200 120 0 61 75.
169320 120 0 50 74.
169440 120 0 56 75.
169560 120 0 68 83.
169680 120 0 62 82.
169800 120 0 65 80.
169920 120 0 68 79.
170040 120 0 72 88.
170160 120 0 69 87.
170280 120 0 69 85.
170400 120 0 74 83.
170520 120 0 69 82.
170640 120 0 69 80.
170760 120 0 69 79.
170880 120 0 72 82.
171000 120 0 70 80.
171120 120 0 64 83.
171240 120 0 57 74.
171360 120 0 65 76.
171480 120 0 57 75.
171600 120 0 63 80.
171720 120 0 57 70.
171840 120 0 61 73.
171960 120 0 59 71.
172080 120 0 58 75.
172200 120 0 56 67.
172320 120 0 60 70.
172440 120 0 51 68.
172560 120 0 55 67.
172680 120 0 50 68.
172800 120 0 72 68.
172920 120 0 58 80.
173040 120 0 59 72.
173160 120 0 59 73.
173280 120 0 71 66.
173400 120 0 60 78.
173520 120 0 60 72.
173640 120 0 61 73.
173760 120 0 75 65.
173880 120 0 62 77.
174000 120 0 63 72.
174120 120 0 63 73.
174240 120 0 74 66.
174360 120 0 65 78.
174480 120 0 64 72.
174600 120 0 64 73.
174720 120 0 77 61.
174840 120 0 65 73.
174960 120 0 65 66.
175080 120 0 65 69.
175200 120 0 75 63.
175320 120 0 65 75.
175440 120 0 65 66.
175560 120 0 65 69.
175680 120 0 79 64.
175800 120 0 66 76.
175920 120 0 66 68.
176040 120 0 66 71.
176160 120 0 77 68.
176280 120 0 67 80.
176400 120 0 66 71.
176520 120 0 65 76.
176640 120 0 81 68.
176760 120 0 65 80.
176880 120 0 65 72.
177000 120 0 65 73.
177120 120 0 78 66.
177240 120 0 65 78.
177360 120 0 65 72.
177480 120 0 65 73.
177600 120 0 79 65.
177720 120 0 66 77.
177840 120 0 66 72.
177960 120 0 66 73.
178080 120 0 77 66.
178200 120 0 67 78.
178320 120 0 66 72.
178440 120 0 65 73.
178560 120 0 81 65.
178680 120 0 65 77.
178800 120 0 65 71.
178920 120 0 65 75.
179040 120 0 78 66.
179160 120 0 65 78.
179280 120 0 65 71.
179400 120 0 65 75.
179520 120 0 79 69.
179640 120 0 66 81.
179760 120 0 66 71.
179880 120 0 66 76.
180000 120 0 77 68.
180120 120 0 67 80.
180240 120 0 66 71.
180360 120 0 65 76.
180480 120 0 52 68.
180600 120 0 57 80.
180720 120 0 47 72.
180840 120 0 47 73.
180960 120 0 49 66.
181080 120 0 54 78.
181200 120 0 48 72.
181320 120 0 48 73.
181440 120 0 51 65.
181560 120 0 56 77.
181680 120 0 50 72.
181800 120 0 50 73.
181920 120 0 53 66.
182040 120 0 58 78.
182160 120 0 51 72.
182280 120 0 51 73.
182400 120 0 55 61.
182520 120 0 60 73.
182640 120 0 52 66.
182760 120 0 53 69.
182880 120 0 55 63.
183000 120 0 62 75.
183120 120 0 54 66.
183240 120 0 54 69.
183360 120 0 57 64.
183480 120 0 65 76.
183600 120 0 56 68.
183720 120 0 56 71.
183840 120 0 60 68.
183960 120 0 68 80.
184080 120 0 57 71.
184200 120 0 58 76.
184320 120 0 62 68.
184440 120 0 68 80.
184560 120 0 59 72.
184680 120 0 59 73.
184800 120 0 62 66.
184920 120 0 70 78.
185040 120 0 61 72.
185160 120 0 61 73.
185280 120 0 64 75.
185400 120 0 73 87.
185520 120 0 62 78.
185640 120 0 62 81.
185760 120 0 66 73.
185880 120 0 74 85.
186000 120 0 62 78.
186120 120 0 62 81.
186240 120 0 64 73.
186360 120 0 73 85.
186480 120 0 61 75.
186600 120 0 61 78.
186720 120 0 64 72.
186840 120 0 71 84.
186960 120 0 60 75.
187080 120 0 59 78.
187200 120 0 60 72.
187320 120 0 69 84.
187440 120 0 58 75.
187560 120 0 58 78.
187680 120 0 61 72.
187800 120 0 68 84.
187920 120 0 57 75.
188040 120 0 56 78.
188160 120 0 57 72.
188280 120 0 65 84.
188400 120 0 55 75.
188520 120 0 55 78.
188640 120 0 58 71.
188760 120 0 64 83.
188880 120 0 53 75.
189000 120 0 53 78.
189120 120 0 54 71.
189240 120 0 62 83.
189360 120 0 52 75.
189480 120 0 52 78.
189600 120 0 54 70.
189720 120 0 60 82.
189840 120 0 50 75.
189960 120 0 50 78.
190080 120 0 55 70.
190206 120 0 49 82.
190440 120 0 48 78.
190560 120 0 53 69.
190686 120 0 48 81.
190920 120 0 47 78.
191040 120 0 52 69.
191160 120 0 49 81.
191280 120 0 45 75.
191400 120 0 45 78.
191520 120 0 51 69.
191640 120 0 47 81.
191760 120 0 44 75.
191880 120 0 44 78.
192000 120 0 52 72.
192126 120 0 47 84.
192360 120 0 47 78.
192480 120 0 51 71.
192600 120 0 46 83.
192720 120 0 46 75.
192840 120 0 46 78.
192960 120 0 51 71.
193080 120 0 48 83.
193200 120 0 45 75.
193320 120 0 45 78.
193440 120 0 51 70.
193560 120 0 47 82.
193680 120 0 44 75.
193800 120 0 44 78.
193920 120 0 52 70.
194040 120 0 46 82.
194160 120 0 46 75.
194280 120 0 45 78.
194400 120 0 48 69.
194520 120 0 43 81.
194640 120 0 42 75.
194760 120 0 42 78.
194880 120 0 45 69.
195000 120 0 42 81.
0 3840 0 79 44.
3840 160 0 75 37.
4000 160 0 60 56.
4160 160 0 64 61.
4320 160 0 65 64.
4480 160 0 62 61.
4640 160 0 61 56.
4800 160 0 57 49.
4960 160 0 58 56.
5120 160 0 60 61.
5280 160 0 60 64.
5440 160 0 58 61.
5600 160 0 57 56.
5760 160 0 53 49.
5920 160 0 54 56.
6080 160 0 55 61.
6240 160 0 54 64.
6400 160 0 52 61.
6560 160 0 50 56.
6720 160 0 45 49.
6880 160 0 47 56.
7040 160 0 49 61.
7200 160 0 46 64.
7360 160 0 43 61.
7520 160 0 38 56.
7680 160 0 27 49.
9600 160 0 32 49.
11520 160 0 37 51.
13440 160 0 39 44.
15360 160 0 27 49.
17280 160 0 32 49.
19200 160 0 36 51.
21120 160 0 39 44.
23040 160 0 46 45.
24960 160 0 52 47.
26880 160 0 52 45.
28800 160 0 52 47.
30720 160 0 36 45.
32640 160 0 41 47.
34560 160 0 46 45.
46080 160 0 27 49.
48000 160 0 32 49.
49920 160 0 37 51.
51840 160 0 39 44.
53760 160 0 34 49.
55680 160 0 34 54.
57600 160 0 36 57.
59520 160 0 38 57.
61440 160 0 42 49.
63360 160 0 42 52.
65280 240 0 71 68.
65280 240 0 71 61.
66240 480 0 71 69.
66240 480 0 71 61.
69120 120 0 78 32.
69600 480 0 75 76.
70080 480 0 78 61.
70560 480 0 78 56.
71040 480 0 78 52.
71520 480 0 74 49.
72000 480 0 78 44.
72480 480 0 74 40.
72960 480 0 78 37.
73440 480 0 73 32.
73920 480 0 78 32.
74400 480 0 74 33.
74880 480 0 78 32.
75360 480 0 72 31.
75840 960 0 69 32.
76800 160 0 95 37.
80640 160 0 30 37.
80800 160 0 31 56.
80960 160 0 32 60.
81120 160 0 34 63.
81280 160 0 33 60.
81440 160 0 32 56.
81600 160 0 32 49.
81760 160 0 32 56.
81920 160 0 34 60.
82080 160 0 33 66.
82240 160 0 32 60.
82400 160 0 31 56.
82560 160 0 32 49.
86400 160 0 31 44.
87360 160 0 32 42.
88320 160 0 32 46.
96000 160 0 29 44.
101760 160 0 31 44.
102720 160 0 32 42.
103680 160 0 32 46.
119040 160 0 25 44.
124800 160 0 31 44.
125760 160 0 32 42.
126720 160 0 32 46.
142080 160 0 25 44.
147840 160 0 31 44.
148800 160 0 32 42.
149760 160 0 32 46.

