0 960 0 80 70.
6240 260 0 60 74.
6480 260 0 49 75.
6720 480 0 57 74.
7920 260 0 48 77.
8160 480 0 56 75.
9360 260 0 52 79.
9600 480 0 75 77.
10080 960 0 82 79.
11040 240 0 68 79.
11280 240 0 58 79.
11520 960 0 63 73.
12240 260 0 48 82.
12480 240 0 54 80.
12960 960 0 67 71.
13920 240 0 54 70.
14400 960 0 66 70.
15360 240 0 59 68.
15840 960 0 64 68.
16800 240 0 53 75.
18000 260 0 60 75.
18240 480 0 63 74.
19440 260 0 64 77.
19680 480 0 73 75.
20880 260 0 62 79.
21120 480 0 75 77.
21600 720 0 89 79.
22320 240 0 74 82.
22800 240 0 73 82.
23280 260 0 72 82.
24000 240 0 54 72.
24720 260 0 69 80.
25440 240 0 51 70.
26160 260 0 46 79.
26880 480 0 50 68.
27360 240 0 59 75.
29280 260 0 65 74.
29520 260 0 57 75.
29760 480 0 66 74.
30960 260 0 56 77.
31200 480 0 73 75.
32400 260 0 58 79.
32640 480 0 75 77.
33120 960 0 85 79.
34080 240 0 69 79.
34320 240 0 47 79.
34560 960 0 65 73.
35040 260 0 53 84.
35280 260 0 49 82.
35520 240 0 51 72.
36000 960 0 68 71.
36960 240 0 53 70.
37440 960 0 68 70.
38400 240 0 61 68.
38880 960 0 74 68.
39840 240 0 68 75.
41040 260 0 60 75.
41280 480 0 63 74.
42480 260 0 60 77.
42720 480 0 68 75.
43920 260 0 70 79.
44160 480 0 77 77.
44640 720 0 84 79.
45360 240 0 72 82.
45840 240 0 65 82.
46320 260 0 58 82.
47040 240 0 54 72.
47760 260 0 69 80.
48480 240 0 55 70.
49200 260 0 50 79.
49920 480 0 57 68.
50400 240 0 48 75.
53520 260 0 58 75.
53760 260 0 56 72.
54000 260 0 49 68.
54240 240 0 49 63.
56400 260 0 53 68.
56640 260 0 48 72.
56880 260 0 64 75.
57120 260 0 61 80.
57360 240 0 52 76.
59200 180 0 55 79.
59360 180 0 55 77.
59520 260 0 65 75.
59760 260 0 57 80.
60000 240 0 51 84.
60960 260 0 51 87.
61200 260 0 45 85.
61440 240 0 50 79.
62400 260 0 43 80.
62640 260 0 44 75.
62880 240 0 38 72.
65040 260 0 59 75.
65280 260 0 52 72.
65520 260 0 52 68.
65760 240 0 47 63.
67920 260 0 54 68.
68160 260 0 50 72.
68400 260 0 43 75.
68640 260 0 52 80.
68880 240 0 47 76.
70720 180 0 55 79.
70880 180 0 55 77.
71040 260 0 66 75.
71280 260 0 64 80.
71520 240 0 60 84.
72480 260 0 52 87.
72720 260 0 48 85.
72960 240 0 52 79.
75360 260 0 62 74.
75600 260 0 62 75.
75840 480 0 67 74.
77040 260 0 69 77.
77280 480 0 76 75.
78480 260 0 68 79.
78720 480 0 83 77.
79200 960 0 77 79.
80160 240 0 75 79.
80400 240 0 69 79.
80640 960 0 70 73.
81120 260 0 59 84.
81360 260 0 50 82.
81600 240 0 53 72.
82080 960 0 69 71.
83040 240 0 52 70.
83520 960 0 66 70.
84480 240 0 56 68.
84960 960 0 64 68.
85920 240 0 53 75.
87360 480 0 56 77.
88800 480 0 64 79.
90240 480 0 80 80.
90720 720 0 74 79.
91440 240 0 44 82.
91920 240 0 52 82.
92400 260 0 56 82.
93120 240 0 56 72.
93840 260 0 51 80.
94560 240 0 50 70.
95280 260 0 46 79.
96000 480 0 50 68.
96480 240 0 45 75.
120960 980 0 62 75.
121920 500 0 48 71.
122400 240 0 48 72.
122880 120 0 50 68.
123120 120 0 42 68.
123360 480 0 56 68.
123840 980 0 60 78.
124800 500 0 48 76.
125280 240 0 49 77.
125760 120 0 49 68.
126000 120 0 42 68.
126240 480 0 55 68.
126720 980 0 58 75.
127680 500 0 44 71.
128160 240 0 48 72.
128640 120 0 51 68.
128880 120 0 43 68.
129120 480 0 52 68.
129600 480 0 53 70.
130080 480 0 45 68.
130560 480 0 49 66.
131040 240 0 47 65.
131520 120 0 40 68.
131760 120 0 36 68.
132000 480 0 40 68.
132480 980 0 47 75.
133440 500 0 42 71.
133920 240 0 42 72.
134400 120 0 44 68.
134640 120 0 39 68.
134880 480 0 53 68.
135360 980 0 64 78.
136320 500 0 52 76.
136800 240 0 52 77.
137280 120 0 45 68.
137520 120 0 36 68.
137760 480 0 55 68.
138240 240 0 63 80.
138720 480 0 63 70.
139200 1200 0 56 78.
140640 960 0 50 73.
142080 480 0 38 66.
142560 480 0 36 65.
143040 120 0 43 68.
143280 120 0 35 68.
143520 480 0 43 68.
144000 980 0 48 75.
144960 500 0 45 71.
145440 240 0 45 72.
145920 120 0 47 68.
146160 120 0 42 68.
146400 480 0 56 68.
146880 980 0 60 78.
147840 500 0 48 76.
148320 240 0 49 77.
148800 120 0 47 68.
149040 120 0 40 68.
149280 480 0 55 68.
149760 980 0 58 75.
150720 500 0 44 71.
151200 240 0 48 72.
151680 120 0 44 68.
151920 120 0 39 68.
152160 480 0 52 68.
152640 480 0 53 70.
153120 480 0 46 68.
153600 480 0 49 66.
154080 240 0 47 65.
154560 120 0 40 68.
154800 120 0 33 68.
155040 480 0 40 68.
155520 980 0 47 75.
156480 500 0 42 71.
156960 240 0 42 72.
157440 120 0 37 68.
157680 120 0 29 68.
157920 480 0 53 68.
158400 980 0 64 78.
159360 500 0 52 76.
159840 240 0 52 77.
160320 120 0 45 68.
160560 120 0 41 68.
160800 480 0 55 68.
161280 240 0 63 80.
161760 480 0 63 70.
162240 1200 0 56 78.
163680 960 0 50 73.
165120 480 0 38 66.
165600 480 0 36 65.
166560 240 0 77 65.
166980 60 0 69 77.
167040 240 0 82 67.
167520 240 0 68 67.
167940 60 0 55 77.
168000 240 0 67 67.
168480 240 0 81 67.
168900 60 0 59 77.
168960 240 0 69 67.
169440 240 0 66 67.
169920 240 0 59 68.
170160 240 0 47 72.
170400 240 0 53 75.
170640 240 0 53 80.
170880 240 0 59 84.
171360 160 0 63 80.
171520 160 0 44 82.
171680 160 0 51 80.
171840 240 0 36 77.
172080 240 0 58 74.
172320 240 0 63 75.
172740 60 0 64 77.
172800 240 0 78 67.
173280 240 0 60 67.
173700 60 0 53 77.
173760 240 0 71 67.
174240 240 0 81 67.
174660 60 0 51 77.
174720 240 0 72 67.
175200 240 0 72 67.
175680 160 0 64 63.
175840 160 0 52 65.
176000 160 0 60 63.
176160 240 0 44 62.
176400 240 0 54 63.
176640 240 0 58 72.
176880 240 0 53 70.
177120 60 0 48 68.
177180 60 0 41 70.
177240 120 0 64 68.
177360 240 0 49 67.
177600 240 0 71 68.
177840 240 0 66 70.
178080 240 0 77 72.
178320 180 0 56 73.
178500 60 0 69 77.
178560 240 0 85 67.
179040 240 0 63 67.
179460 60 0 57 77.
179520 240 0 70 67.
180000 240 0 86 67.
180420 60 0 67 77.
180480 240 0 74 67.
180960 240 0 65 67.
181440 240 0 57 68.
181680 240 0 38 72.
181920 240 0 43 75.
182160 240 0 53 80.
182400 240 0 57 84.
182880 160 0 67 80.
183040 160 0 52 82.
183200 160 0 58 80.
183360 240 0 64 77.
183600 240 0 50 74.
183840 240 0 68 75.
184260 60 0 67 77.
184320 240 0 81 67.
184800 240 0 72 67.
185220 60 0 67 77.
185280 240 0 72 67.
185760 240 0 86 67.
186180 60 0 64 77.
186240 240 0 72 67.
186720 240 0 63 67.
187200 60 0 45 68.
187260 60 0 37 70.
187320 120 0 46 68.
187440 240 0 39 67.
187680 240 0 58 68.
187920 240 0 53 70.
188160 240 0 58 72.
188400 240 0 54 73.
188640 240 0 60 75.
188880 240 0 57 77.
189120 240 0 67 78.
189360 240 0 59 79.
189600 360 0 68 82.
189960 120 0 47 80.
190080 980 0 55 75.
191040 500 0 48 71.
191520 240 0 48 72.
192000 120 0 43 68.
192240 120 0 37 68.
192480 480 0 56 68.
192960 980 0 60 78.
193920 500 0 48 76.
194400 240 0 49 77.
194880 120 0 42 68.
195120 120 0 35 68.
195360 480 0 55 68.
195840 980 0 58 75.
196800 500 0 44 71.
197280 240 0 48 72.
197760 120 0 44 68.
198000 120 0 44 68.
198240 480 0 52 68.
198720 480 0 53 70.
199200 480 0 51 68.
199680 480 0 49 66.
200160 240 0 47 65.
200640 120 0 40 68.
200880 120 0 37 68.
201120 480 0 40 68.
201600 980 0 47 75.
202560 500 0 42 71.
203040 240 0 42 72.
203520 120 0 37 68.
203760 120 0 35 68.
204000 480 0 53 68.
204480 980 0 64 78.
205440 500 0 52 76.
205920 240 0 52 77.
206400 120 0 45 68.
206640 120 0 36 68.
206880 480 0 55 68.
207360 240 0 63 80.
207840 480 0 63 70.
208320 1200 0 56 78.
209760 960 0 50 73.
211200 480 0 38 66.
211680 240 0 36 65.
212160 120 0 52 61.
212400 120 0 52 61.
212640 480 0 52 61.
213120 240 0 72 65.
214080 240 0 69 65.
214560 60 0 66 68.
214620 60 0 66 70.
214680 120 0 72 65.
215280 240 0 60 63.
215520 480 0 72 65.
216000 240 0 76 66.
216960 240 0 81 70.
217440 1440 0 87 70.
218880 240 0 58 68.
219600 120 0 54 75.
219840 480 0 58 66.
220320 240 0 60 68.
221040 120 0 50 75.
221280 480 0 56 66.
221760 240 0 60 68.
222480 120 0 51 75.
222720 480 0 57 66.
223200 240 0 68 64.
223920 120 0 56 73.
224160 480 0 62 65.
224640 240 0 86 77.
225360 120 0 72 80.
225600 480 0 80 77.
226080 60 0 77 80.
226140 60 0 78 82.
226200 120 0 86 77.
226800 240 0 80 75.
227040 480 0 80 77.
227520 240 0 88 82.
228480 240 0 88 85.
228960 1440 0 94 90.
230400 240 0 58 89.
231120 120 0 48 87.
231360 480 0 56 78.
231840 240 0 59 89.
232560 120 0 55 87.
232800 480 0 55 78.
233280 240 0 59 80.
234000 120 0 50 87.
234240 480 0 55 78.
234720 480 0 59 85.
235680 480 0 67 61.
236160 240 0 72 65.
237120 240 0 69 65.
237600 60 0 66 68.
237660 60 0 66 70.
237720 120 0 72 65.
238320 240 0 68 63.
238560 480 0 72 65.
239040 240 0 76 66.
240000 240 0 81 70.
240480 1440 0 87 70.
241920 240 0 61 68.
242640 120 0 52 75.
242880 480 0 56 66.
243360 240 0 60 68.
244080 120 0 52 75.
244320 480 0 56 66.
244800 240 0 60 68.
245520 120 0 55 75.
245760 480 0 57 66.
246240 240 0 68 64.
246960 120 0 58 73.
247200 480 0 62 65.
247680 240 0 86 77.
248400 120 0 80 80.
248640 480 0 80 77.
249120 60 0 77 80.
249180 60 0 78 82.
249240 120 0 86 77.
249840 240 0 75 75.
250080 480 0 80 77.
250560 240 0 88 82.
251520 240 0 92 85.
252000 1440 0 101 90.
253440 240 0 59 89.
254160 120 0 56 87.
254400 480 0 56 78.
254880 240 0 59 89.
255600 120 0 51 87.
255840 480 0 55 78.
256320 240 0 59 80.
257040 120 0 52 87.
257280 480 0 55 78.
257760 480 0 59 85.
258720 480 0 50 77.
259200 240 0 52 78.
259620 60 0 41 78.
259680 240 0 46 76.
260100 60 0 43 76.
260160 240 0 50 77.
260580 60 0 46 77.
260640 240 0 53 78.
261060 60 0 44 78.
261120 240 0 50 76.
261540 60 0 45 76.
261600 240 0 50 77.
262020 60 0 50 77.
262080 240 0 57 85.
262500 60 0 50 85.
262560 240 0 59 84.
262980 60 0 56 84.
263040 240 0 66 83.
263460 60 0 64 83.
263520 240 0 75 82.
263940 60 0 63 82.
264000 240 0 73 81.
264420 60 0 63 81.
264480 240 0 70 80.
264900 60 0 58 80.
264960 240 0 67 79.
265380 60 0 54 79.
265440 240 0 65 78.
265860 60 0 51 78.
265920 240 0 63 77.
266340 60 0 49 77.
266400 240 0 60 76.
266820 60 0 46 76.
266880 240 0 58 75.
267300 60 0 44 75.
267360 240 0 54 72.
267780 60 0 44 72.
267840 240 0 52 73.
268260 60 0 38 73.
268320 240 0 48 69.
268740 60 0 39 69.
268800 240 0 50 70.
269220 60 0 39 70.
269280 240 0 50 73.
269700 60 0 39 73.
269760 240 0 50 75.
270180 60 0 37 75.
270240 240 0 51 76.
270660 60 0 40 76.
270720 240 0 54 78.
271140 60 0 44 78.
271200 240 0 55 76.
271620 60 0 44 76.
271680 240 0 58 77.
272100 60 0 49 77.
272160 240 0 62 78.
272580 60 0 51 78.
272640 240 0 68 76.
273060 60 0 54 76.
273120 240 0 73 77.
273540 60 0 71 77.
273600 240 0 83 89.
274020 60 0 68 89.
274080 240 0 80 85.
274500 60 0 63 85.
274560 240 0 76 82.
274980 60 0 57 82.
275040 240 0 71 78.
275460 60 0 52 78.
275520 240 0 66 75.
275940 60 0 44 75.
276000 240 0 57 72.
276420 60 0 41 78.
276480 240 0 55 77.
276900 60 0 42 77.
276960 240 0 53 76.
277380 60 0 42 76.
277440 240 0 55 75.
277860 60 0 43 75.
277920 240 0 56 74.
278340 60 0 44 74.
278400 240 0 58 73.
278820 60 0 46 73.
278880 240 0 60 72.
279300 60 0 46 72.
279360 240 0 62 71.
279780 60 0 49 71.
279840 240 0 64 70.
280260 60 0 48 70.
280320 240 0 66 69.
280740 60 0 47 69.
280800 240 0 67 68.
281220 60 0 51 68.
281280 240 0 69 67.
281700 60 0 55 67.
281760 240 0 71 66.
282240 240 0 72 65.
283200 240 0 69 65.
283680 60 0 66 68.
283740 60 0 66 70.
283800 120 0 72 65.
284400 240 0 68 63.
284640 480 0 72 65.
285120 240 0 76 66.
286080 240 0 81 70.
286560 1440 0 87 70.
288000 240 0 61 68.
288720 120 0 52 75.
288960 480 0 56 66.
289440 240 0 60 68.
290160 120 0 53 75.
290400 480 0 56 66.
290880 240 0 60 68.
291600 120 0 53 75.
291840 480 0 57 66.
292320 240 0 68 64.
293040 120 0 57 73.
293280 480 0 62 65.
293760 240 0 86 77.
294480 120 0 76 80.
294720 480 0 80 77.
295200 60 0 77 80.
295260 60 0 78 82.
295320 120 0 86 77.
295920 240 0 76 75.
296160 480 0 80 77.
296640 240 0 88 82.
297600 240 0 92 85.
298080 1440 0 96 90.
299520 240 0 59 89.
300240 120 0 52 87.
300480 480 0 56 78.
300960 240 0 59 89.
301680 120 0 52 87.
301920 480 0 55 78.
302400 240 0 59 80.
303120 120 0 53 87.
303360 480 0 55 78.
303840 480 0 59 85.
304800 480 0 50 77.
305280 240 0 52 78.
305700 60 0 44 78.
305760 240 0 50 76.
306180 60 0 43 76.
306240 240 0 50 77.
306660 60 0 46 77.
306720 240 0 53 78.
307140 60 0 44 78.
307200 240 0 50 76.
307620 60 0 45 76.
307680 240 0 50 77.
308100 60 0 50 77.
308160 240 0 57 85.
308580 60 0 50 85.
308640 240 0 59 84.
309060 60 0 56 84.
309120 240 0 66 83.
309540 60 0 64 83.
309600 240 0 75 82.
310020 60 0 63 82.
310080 240 0 73 81.
310500 60 0 63 81.
310560 240 0 70 80.
310980 60 0 58 80.
311040 240 0 67 79.
311460 60 0 54 79.
311520 240 0 65 78.
311940 60 0 51 78.
312000 240 0 63 77.
312420 60 0 49 77.
312480 240 0 60 76.
312900 60 0 46 76.
312960 240 0 58 75.
313380 60 0 44 75.
313440 240 0 54 72.
313860 60 0 44 72.
313920 240 0 52 73.
314340 60 0 38 73.
314400 240 0 50 69.
314820 60 0 39 69.
314880 240 0 50 70.
315300 60 0 39 70.
315360 240 0 50 73.
315780 60 0 39 73.
315840 240 0 50 75.
316260 60 0 37 75.
316320 240 0 51 76.
316740 60 0 40 76.
316800 240 0 54 78.
317220 60 0 44 78.
317280 240 0 55 76.
317700 60 0 44 76.
317760 240 0 58 77.
318180 60 0 49 77.
318240 240 0 62 78.
318660 60 0 51 78.
318720 240 0 68 76.
319140 60 0 54 76.
319200 240 0 73 77.
319620 60 0 71 77.
319680 240 0 83 89.
320100 60 0 68 89.
320160 240 0 80 85.
320580 60 0 63 85.
320640 240 0 76 82.
321060 60 0 57 82.
321120 240 0 71 78.
321540 60 0 52 78.
321600 240 0 66 75.
322020 60 0 44 75.
322080 240 0 57 72.
322500 60 0 41 78.
322560 240 0 55 77.
322980 60 0 42 77.
323040 240 0 53 76.
323460 60 0 42 76.
323520 240 0 55 75.
323940 60 0 43 75.
324000 240 0 56 74.
324420 60 0 44 74.
324480 240 0 58 73.
324900 60 0 46 73.
324960 240 0 60 72.
325380 60 0 46 72.
325440 240 0 62 71.
325860 60 0 49 71.
325920 240 0 64 70.
326340 60 0 48 70.
326400 240 0 66 69.
326820 60 0 47 69.
326880 240 0 67 68.
327300 60 0 51 68.
327360 240 0 69 67.
327780 60 0 55 67.
327840 240 0 71 66.
328320 240 0 72 65.
329280 240 0 69 65.
329760 60 0 66 68.
329820 60 0 66 70.
329880 120 0 72 65.
330480 240 0 68 63.
330720 480 0 72 65.
331200 240 0 76 66.
332160 240 0 81 70.
332640 1440 0 87 70.
334080 240 0 61 68.
334800 120 0 54 75.
335040 480 0 56 66.
335520 240 0 60 68.
336240 120 0 54 75.
336480 480 0 56 66.
336960 240 0 60 68.
337680 120 0 55 75.
337920 480 0 57 66.
338400 240 0 68 64.
339120 120 0 57 73.
339360 480 0 62 65.
339840 240 0 86 77.
340560 120 0 77 80.
340800 480 0 80 77.
341280 60 0 77 80.
341340 60 0 78 82.
341400 120 0 86 77.
342000 240 0 77 75.
342240 480 0 80 77.
342720 240 0 88 82.
343680 240 0 92 85.
344160 1440 0 95 90.
345600 240 0 59 89.
346320 120 0 53 87.
346560 480 0 56 78.
347040 240 0 59 89.
347760 120 0 52 87.
348000 480 0 55 78.
348480 240 0 59 80.
349200 120 0 52 87.
349440 480 0 55 78.
349920 480 0 59 85.
350880 240 0 51 73.
351120 240 0 51 73.
351360 240 0 54 73.
351600 240 0 55 75.
351840 240 0 54 73.
352080 240 0 48 72.
352320 240 0 49 73.
352560 240 0 51 74.
352800 960 0 53 77.
353760 480 0 50 75.
354240 240 0 50 68.
354480 240 0 50 70.
354720 240 0 50 68.
354960 240 0 50 67.
355200 240 0 50 68.
355440 240 0 50 69.
355680 480 0 61 70.
356160 120 0 50 66.
356400 240 0 51 70.
356640 240 0 54 71.
356880 240 0 56 72.
357120 60 0 50 73.
357180 60 0 50 75.
357240 120 0 50 73.
357360 240 0 55 72.
357600 240 0 57 73.
357840 240 0 58 82.
358080 240 0 60 80.
358320 240 0 62 78.
358560 960 0 64 77.
359520 480 0 56 75.
360000 160 0 52 68.
360160 160 0 50 70.
360320 160 0 50 68.
360480 240 0 52 67.
360720 240 0 50 68.
360960 240 0 56 71.
361200 240 0 50 70.
361440 120 0 50 66.
361680 240 0 42 60.
361920 240 0 43 61.
362160 240 0 45 65.
362400 240 0 47 66.
362640 240 0 48 70.
362880 240 0 50 73.
363120 240 0 51 75.
363360 240 0 53 73.
363600 240 0 55 72.
363840 240 0 56 73.
364080 180 0 58 74.
364260 60 0 54 74.
364320 960 0 67 77.
365280 480 0 59 75.
365760 240 0 50 68.
366000 240 0 50 70.
366240 60 0 41 68.
366300 60 0 41 70.
366360 120 0 49 68.
366480 240 0 50 67.
366720 240 0 52 68.
366960 240 0 55 69.
367200 480 0 64 70.
367680 120 0 54 66.
367920 240 0 53 70.
368160 240 0 55 71.
368400 240 0 57 72.
368640 60 0 50 73.
368700 60 0 50 75.
368760 120 0 59 73.
368880 240 0 57 72.
369120 160 0 58 73.
369280 160 0 67 83.
369440 160 0 65 82.
369600 160 0 63 82.
369760 160 0 61 80.
369920 160 0 59 78.
370080 960 0 57 77.
371040 480 0 55 75.
371520 160 0 46 68.
371680 160 0 46 70.
371840 160 0 46 68.
372000 240 0 46 67.
372240 240 0 47 68.
372480 240 0 49 71.
372720 240 0 45 70.
372960 240 0 39 66.
373920 120 0 39 70.
374160 120 0 39 70.
374400 240 0 39 70.
375360 120 0 39 70.
375600 120 0 39 70.
375840 240 0 39 70.
376800 120 0 39 70.
377040 120 0 39 70.
377280 240 0 39 70.
377760 120 0 94 70.
378000 120 0 91 70.
5760 720 0 40 46.
6240 480 0 47 65.
6720 480 0 51 68.
6720 480 0 51 58.
7200 720 0 40 51.
7680 480 0 46 67.
7680 480 0 46 58.
8160 480 0 50 63.
9120 480 0 54 68.
9120 480 0 54 58.
9600 480 0 59 65.
10080 240 0 69 51.
10560 240 0 62 67.
10560 240 0 62 58.
11040 480 0 70 52.
11520 240 0 36 53.
12000 240 0 33 65.
12480 240 0 37 44.
12960 240 0 58 46.
13440 480 0 31 55.
13920 480 0 44 55.
14400 240 0 37 46.
14880 480 0 38 53.
15360 480 0 45 58.
15840 1440 0 28 51.
16320 480 0 35 58.
16800 480 0 57 58.
17280 720 0 61 46.
17760 480 0 32 68.
17760 480 0 32 58.
18240 480 0 32 65.
19200 480 0 37 67.
19200 480 0 37 58.
19680 480 0 48 63.
20640 480 0 62 68.
20640 480 0 62 58.
21120 480 0 66 65.
21600 240 0 61 51.
22080 240 0 42 67.
22080 240 0 42 58.
22560 480 0 32 52.
23040 240 0 43 53.
23520 240 0 49 65.
24000 240 0 37 44.
24480 240 0 43 46.
24960 480 0 31 55.
25440 480 0 41 55.
25920 240 0 33 46.
26400 480 0 40 53.
26880 960 0 27 58.
27360 480 0 44 63.
28800 720 0 26 46.
29280 480 0 38 68.
29280 480 0 38 58.
29760 480 0 34 65.
30720 480 0 46 67.
30720 480 0 46 58.
31200 480 0 57 67.
31200 480 0 57 58.
31680 720 0 71 50.
32160 480 0 52 68.
32160 480 0 52 58.
32640 480 0 56 65.
33120 240 0 62 51.
33600 240 0 56 67.
33600 240 0 56 58.
34080 480 0 37 52.
34560 240 0 40 53.
35040 240 0 34 65.
35520 240 0 38 44.
36000 240 0 31 46.
36480 480 0 33 55.
36960 480 0 43 55.
37440 240 0 50 46.
37920 480 0 37 53.
38400 480 0 27 58.
38880 1440 0 33 51.
39360 480 0 36 58.
39840 480 0 42 58.
40320 720 0 58 46.
40800 480 0 47 65.
41280 480 0 44 68.
41280 480 0 44 58.
42240 480 0 43 67.
42240 480 0 43 58.
42720 480 0 64 63.
43680 480 0 49 68.
43680 480 0 49 58.
44160 480 0 61 65.
44640 240 0 65 51.
45120 240 0 48 67.
45120 240 0 48 58.
45600 480 0 49 52.
46080 240 0 44 53.
46560 240 0 33 65.
47040 240 0 28 44.
47520 240 0 26 46.
48000 480 0 34 55.
48480 480 0 38 55.
48960 240 0 30 46.
49440 480 0 36 53.
49920 480 0 24 58.
50400 960 0 30 51.
50880 480 0 45 55.
51360 480 0 52 51.
51360 480 0 52 55.
51840 720 0 25 44.
52320 480 0 33 56.
52800 480 0 41 60.
52800 480 0 41 51.
53280 720 0 33 44.
53760 480 0 33 56.
54240 480 0 37 51.
54240 480 0 37 60.
54720 720 0 37 44.
55200 480 0 26 56.
55680 480 0 32 50.
55680 480 0 32 59.
56160 720 0 38 44.
56640 480 0 29 56.
57120 480 0 48 60.
57120 480 0 48 51.
57600 720 0 55 50.
58080 480 0 24 59.
58560 480 0 36 65.
58560 480 0 36 56.
59040 720 0 44 51.
59520 480 0 32 60.
59520 480 0 32 68.
60000 480 0 42 63.
60480 720 0 20 51.
60960 480 0 20 63.
61440 480 0 30 61.
61440 480 0 30 67.
61920 720 0 34 56.
62400 480 0 23 63.
62880 480 0 38 60.
62880 480 0 38 68.
63360 720 0 34 44.
63840 480 0 31 56.
64320 480 0 49 60.
64320 480 0 49 51.
64800 720 0 47 44.
65280 480 0 35 56.
65760 480 0 52 51.
65760 480 0 52 60.
66240 720 0 40 44.
66720 480 0 35 56.
67200 480 0 31 50.
67200 480 0 31 59.
67680 720 0 38 44.
68160 480 0 30 56.
68640 480 0 36 60.
68640 480 0 36 51.
69120 720 0 38 50.
69600 480 0 33 59.
70080 480 0 36 65.
70080 480 0 36 56.
70560 720 0 44 51.
71040 480 0 29 60.
71040 480 0 29 68.
71520 480 0 44 63.
72480 480 0 32 61.
72480 480 0 32 67.
72960 480 0 37 63.
73920 480 0 35 60.
74400 480 0 47 65.
75360 480 0 55 68.
75360 480 0 55 58.
75840 480 0 65 68.
75840 480 0 65 58.
76320 720 0 74 51.
76800 480 0 57 67.
76800 480 0 57 58.
77280 480 0 62 63.
78240 480 0 56 68.
78240 480 0 56 58.
78720 480 0 69 65.
79680 240 0 61 61.
80640 240 0 38 53.
81120 240 0 41 65.
81600 240 0 36 44.
82080 240 0 31 46.
82560 480 0 27 55.
83040 480 0 41 55.
83520 240 0 39 46.
84000 480 0 26 53.
84480 480 0 34 58.
84960 1440 0 23 51.
85440 480 0 33 63.
85920 480 0 53 63.
86880 480 0 32 65.
87360 480 0 35 65.
88320 480 0 45 63.
88800 480 0 41 67.
88800 480 0 41 58.
89280 480 0 52 50.
89760 480 0 67 65.
90240 480 0 56 65.
91200 240 0 54 61.
92160 240 0 20 53.
92640 240 0 32 65.
93120 240 0 30 44.
93600 240 0 37 46.
94080 480 0 29 55.
94560 480 0 34 55.
95040 240 0 33 46.
95520 480 0 33 53.
96000 960 0 41 58.
96480 480 0 36 51.
97440 480 0 32 51.
97440 480 0 32 55.
97920 480 0 27 44.
98400 480 0 27 60.
98400 480 0 27 51.
98880 480 0 44 60.
98880 480 0 44 51.
99360 480 0 39 44.
99840 480 0 35 60.
99840 480 0 35 51.
100320 480 0 33 51.
100320 480 0 33 60.
100800 480 0 47 44.
101280 480 0 29 59.
101280 480 0 29 50.
101760 480 0 29 50.
101760 480 0 29 59.
102240 480 0 43 44.
102720 480 0 31 60.
102720 480 0 31 51.
103200 480 0 38 60.
103200 480 0 38 51.
103680 480 0 44 50.
104160 480 0 29 65.
104160 480 0 29 56.
104640 480 0 40 65.
104640 480 0 40 56.
105120 480 0 45 51.
105600 480 0 31 63.
106080 480 0 50 63.
107040 480 0 35 63.
107520 480 0 37 63.
108480 480 0 37 68.
108480 480 0 37 60.
108960 480 0 45 60.
108960 480 0 45 68.
109440 480 0 27 44.
109920 480 0 34 60.
109920 480 0 34 51.
110400 480 0 41 60.
110400 480 0 41 51.
110880 480 0 33 44.
111360 480 0 37 60.
111360 480 0 37 51.
111840 480 0 37 51.
111840 480 0 37 60.
112320 480 0 35 44.
112800 480 0 35 59.
112800 480 0 35 50.
113280 480 0 35 50.
113280 480 0 35 59.
113760 480 0 38 44.
114240 480 0 28 60.
114240 480 0 28 51.
114720 480 0 41 60.
114720 480 0 41 51.
115200 480 0 32 50.
115680 480 0 25 65.
115680 480 0 25 56.
116160 480 0 31 65.
116160 480 0 31 56.
116640 1440 0 33 51.
117120 480 0 25 60.
117120 480 0 25 56.
117600 480 0 33 60.
117600 480 0 33 56.
118080 1440 0 44 51.
118560 480 0 25 61.
118560 480 0 25 67.
119040 480 0 25 61.
119040 480 0 25 67.
119520 480 0 17 44.
120000 480 0 24 51.
120960 240 0 34 44.
121440 500 0 44 51.
121920 480 0 37 56.
122400 240 0 37 44.
122880 500 0 29 51.
123360 480 0 29 56.
123840 240 0 37 49.
124320 500 0 34 61.
124800 480 0 41 56.
125280 240 0 31 49.
125760 500 0 26 61.
126240 480 0 32 65.
126720 240 0 40 44.
127200 500 0 35 51.
127680 480 0 41 56.
128160 240 0 37 44.
128640 500 0 25 51.
129120 480 0 37 66.
129600 1440 0 35 49.
131040 240 0 29 61.
131520 500 0 36 53.
132000 480 0 36 65.
132480 240 0 36 44.
132960 500 0 31 51.
133440 480 0 39 56.
133920 240 0 40 44.
134400 500 0 36 51.
134880 480 0 32 56.
135360 240 0 45 37.
135840 500 0 30 61.
136320 480 0 53 56.
136800 240 0 32 49.
137280 500 0 44 61.
137760 480 0 39 65.
138240 240 0 38 42.
138720 500 0 43 54.
139200 480 0 37 58.
139680 240 0 37 44.
140160 500 0 30 53.
140640 480 0 46 56.
141120 240 0 33 44.
141600 480 0 30 56.
142080 480 0 36 56.
142560 480 0 45 56.
144480 500 0 44 51.
144960 480 0 49 56.
145440 240 0 42 44.
145920 500 0 39 51.
146400 480 0 39 56.
146880 240 0 51 49.
147360 500 0 45 61.
147840 480 0 50 56.
148320 240 0 52 49.
148800 500 0 37 61.
149280 480 0 34 65.
149760 240 0 45 44.
150240 500 0 34 51.
150720 480 0 41 56.
151200 240 0 43 44.
151680 500 0 28 51.
152160 480 0 43 66.
152640 1440 0 44 49.
154080 240 0 29 61.
154560 240 0 35 53.
155040 240 0 35 65.
155520 240 0 35 44.
156000 500 0 38 51.
156480 480 0 40 56.
156960 240 0 61 44.
157440 500 0 49 51.
157920 480 0 57 56.
158400 240 0 61 37.
158880 500 0 47 61.
159360 480 0 57 56.
159840 240 0 53 49.
160320 480 0 40 53.
160800 480 0 48 56.
161280 240 0 49 42.
161760 500 0 43 54.
162240 480 0 48 58.
162720 240 0 42 44.
163200 500 0 28 53.
163680 480 0 41 56.
164160 240 0 43 44.
164640 480 0 29 56.
165120 480 0 46 56.
165600 480 0 46 56.
166560 240 0 67 56.
167040 240 0 73 58.
168000 240 0 67 58.
168480 240 0 73 58.
169440 240 0 52 58.
169920 480 0 36 44.
170400 480 0 32 60.
170400 480 0 32 51.
170880 480 0 37 60.
170880 480 0 37 51.
171360 480 0 38 44.
171840 480 0 39 59.
171840 240 0 39 50.
172080 240 0 29 53.
172320 240 0 50 51.
172320 240 0 50 60.
172800 240 0 76 61.
172800 240 0 76 51.
173760 240 0 63 61.
173760 240 0 63 51.
174240 240 0 68 61.
174240 240 0 68 51.
175200 240 0 45 61.
175200 240 0 45 51.
175680 480 0 40 39.
176160 480 0 39 61.
176640 480 0 37 51.
177120 480 0 48 44.
177600 480 0 36 56.
178080 480 0 45 51.
178560 240 0 72 61.
178560 240 0 72 51.
179520 240 0 64 61.
179520 240 0 64 51.
180000 240 0 73 61.
180000 240 0 73 51.
180960 240 0 51 61.
180960 240 0 51 51.
181440 480 0 46 44.
181920 480 0 35 60.
181920 480 0 35 51.
182400 480 0 42 60.
182400 480 0 42 51.
182880 480 0 49 44.
183360 480 0 44 59.
183360 240 0 44 50.
183600 240 0 29 53.
183840 240 0 51 51.
183840 240 0 51 60.
184320 240 0 68 61.
184320 240 0 68 51.
185280 240 0 63 61.
185280 240 0 63 51.
185760 240 0 71 61.
185760 240 0 71 51.
186720 240 0 36 61.
186720 240 0 36 51.
187200 480 0 45 60.
190080 240 0 38 44.
190560 500 0 44 51.
191040 480 0 36 56.
191520 240 0 43 44.
192000 500 0 35 51.
192480 480 0 39 56.
192960 240 0 51 37.
193440 500 0 37 61.
193920 480 0 45 56.
194400 240 0 37 49.
194880 500 0 40 53.
195360 480 0 39 56.
195840 240 0 38 44.
196320 500 0 45 51.
196800 480 0 45 56.
197280 240 0 44 44.
197760 500 0 42 60.
198240 480 0 34 56.
198720 1440 0 38 49.
200160 240 0 43 61.
200640 240 0 36 53.
201120 240 0 36 65.
201600 240 0 33 44.
202080 500 0 38 51.
202560 480 0 35 56.
203040 240 0 43 44.
203520 500 0 35 51.
204000 480 0 39 56.
204480 240 0 48 37.
204960 500 0 38 61.
205440 480 0 47 56.
205920 240 0 52 49.
206400 500 0 40 53.
206880 480 0 39 56.
207360 240 0 46 42.
207840 500 0 37 62.
208320 480 0 43 63.
208800 240 0 35 44.
209280 500 0 40 60.
209760 480 0 41 61.
210240 240 0 33 44.
210720 480 0 36 60.
210720 480 0 36 51.
211200 480 0 30 60.
211200 480 0 30 51.
211680 240 0 42 61.
211680 240 0 42 49.
213120 240 0 61 37.
213600 480 0 43 56.
214080 480 0 51 56.
215040 480 0 56 56.
215520 480 0 57 56.
216480 480 0 45 54.
216960 480 0 45 54.
217920 480 0 41 50.
218400 480 0 46 51.
218880 240 0 35 44.
219360 480 0 32 56.
219840 480 0 37 56.
220320 240 0 45 44.
220800 480 0 38 60.
220800 480 0 38 51.
221280 480 0 38 51.
221280 480 0 38 60.
222240 480 0 35 56.
222720 480 0 40 56.
223680 480 0 38 61.
224160 480 0 35 61.
225120 480 0 45 68.
225600 480 0 54 68.
226560 480 0 45 68.
227040 480 0 48 68.
228000 480 0 49 66.
228480 480 0 55 66.
229440 480 0 43 62.
229920 480 0 43 63.
230400 240 0 49 56.
230880 480 0 42 68.
231360 480 0 36 68.
231840 240 0 44 56.
232320 480 0 36 72.
232320 480 0 36 63.
232800 480 0 36 63.
232800 480 0 36 72.
233760 480 0 32 68.
234240 480 0 38 68.
234720 480 0 38 68.
236640 480 0 49 56.
237120 480 0 55 56.
238080 480 0 50 56.
238560 480 0 54 56.
239520 480 0 51 54.
240000 480 0 54 54.
240960 480 0 51 50.
241440 480 0 54 51.
241920 240 0 45 44.
242400 480 0 34 56.
242880 480 0 37 56.
243840 480 0 34 56.
244320 480 0 38 56.
245280 480 0 36 56.
245760 480 0 40 56.
246720 480 0 45 61.
247200 480 0 45 61.
248160 480 0 50 68.
248640 480 0 56 68.
249600 480 0 47 68.
250080 480 0 53 68.
251040 480 0 56 66.
251520 480 0 60 66.
252480 480 0 61 62.
252960 480 0 62 63.
253440 240 0 45 56.
253920 480 0 35 63.
253920 480 0 35 72.
254400 480 0 38 72.
254400 480 0 38 63.
254880 240 0 44 56.
255360 480 0 35 72.
255360 480 0 35 63.
255840 480 0 36 63.
255840 480 0 36 72.
256320 240 0 46 56.
256800 480 0 36 72.
256800 480 0 36 63.
257280 480 0 38 63.
257280 480 0 38 72.
257760 480 0 45 68.
259680 480 0 42 53.
260160 480 0 46 53.
261120 480 0 45 63.
261600 480 0 39 60.
262560 480 0 47 58.
263040 480 0 53 58.
264000 480 0 49 60.
264480 480 0 50 58.
265440 480 0 46 61.
265920 480 0 50 61.
266880 480 0 46 65.
267360 480 0 48 63.
268320 480 0 47 53.
268800 480 0 47 53.
269760 480 0 47 53.
270240 480 0 47 53.
271200 480 0 49 53.
271680 480 0 52 53.
272640 480 0 54 60.
273120 480 0 60 60.
274080 480 0 62 58.
274560 480 0 56 58.
275520 480 0 56 60.
276000 480 0 57 60.
276960 480 0 52 61.
277440 480 0 52 61.
278400 480 0 49 63.
278880 480 0 53 65.
279360 480 0 58 61.
282720 480 0 49 56.
283200 480 0 49 56.
284160 480 0 50 56.
284640 480 0 50 56.
285600 480 0 51 58.
285600 480 0 51 49.
286080 480 0 54 49.
286080 480 0 54 58.
286560 240 0 63 42.
287040 480 0 54 50.
287520 480 0 54 51.
288000 240 0 45 44.
288480 480 0 36 56.
288960 480 0 37 56.
289920 480 0 37 56.
290400 480 0 38 56.
291360 480 0 39 56.
291840 480 0 40 56.
292800 480 0 43 61.
293280 480 0 45 61.
294240 480 0 54 68.
294720 480 0 56 68.
295680 480 0 53 68.
296160 480 0 54 68.
297120 480 0 56 66.
297600 480 0 60 66.
298560 480 0 58 70.
299040 480 0 62 63.
299520 240 0 45 56.
300000 480 0 36 68.
300480 480 0 38 68.
300960 240 0 44 56.
301440 480 0 34 72.
301440 480 0 34 63.
301920 480 0 36 63.
301920 480 0 36 72.
302400 240 0 46 56.
302880 480 0 37 72.
302880 480 0 37 63.
303360 480 0 38 63.
303360 480 0 38 72.
303840 480 0 45 68.
305760 480 0 45 53.
306240 480 0 46 53.
307200 480 0 44 63.
307680 480 0 45 60.
308640 480 0 50 58.
309120 480 0 53 58.
310080 480 0 53 60.
310560 480 0 50 58.
311520 480 0 49 61.
312000 480 0 50 61.
312960 480 0 48 65.
313440 480 0 48 63.
314400 480 0 47 53.
314880 480 0 47 53.
315840 480 0 46 53.
316320 480 0 47 53.
317280 480 0 49 53.
317760 480 0 52 53.
318720 480 0 56 60.
319200 480 0 60 60.
320160 480 0 62 58.
320640 480 0 56 58.
321600 480 0 55 60.
322080 480 0 57 60.
323040 480 0 52 61.
323520 480 0 52 61.
324480 480 0 49 63.
324960 480 0 53 65.
325440 480 0 58 61.
328800 480 0 49 56.
329280 480 0 49 56.
330240 480 0 48 56.
330720 480 0 50 56.
331680 480 0 51 54.
332160 480 0 54 54.
333120 480 0 54 50.
333600 480 0 54 51.
334080 240 0 45 44.
334560 480 0 36 56.
335040 480 0 37 56.
336000 480 0 37 56.
336480 480 0 38 56.
337440 480 0 39 56.
337920 480 0 40 56.
338880 480 0 42 61.
339360 480 0 45 61.
340320 480 0 53 68.
340800 480 0 56 68.
341760 480 0 53 68.
342240 480 0 54 68.
343200 480 0 56 66.
343680 480 0 60 66.
344640 480 0 61 62.
345120 480 0 62 63.
345600 240 0 45 56.
346080 480 0 36 63.
346080 480 0 36 72.
346560 480 0 38 72.
346560 480 0 38 63.
347040 240 0 44 56.
347520 480 0 36 72.
347520 480 0 36 63.
348000 480 0 36 63.
348000 480 0 36 72.
348960 480 0 38 68.
349440 480 0 38 68.
349920 480 0 45 68.
351840 480 0 36 61.
352320 480 0 36 61.
353280 480 0 35 56.
353760 480 0 35 56.
354720 480 0 24 59.
355200 480 0 30 59.
356160 480 0 29 49.
356640 480 0 34 58.
357600 480 0 29 61.
358080 480 0 35 61.
359040 480 0 29 56.
359520 480 0 36 56.
360480 480 0 19 59.
360960 480 0 26 53.
361920 480 0 32 49.
362400 480 0 34 58.
363360 480 0 28 61.
363840 480 0 37 61.
364800 480 0 30 63.
365280 480 0 33 63.
366240 480 0 20 59.
366720 480 0 29 53.
367680 480 0 28 58.
368160 480 0 33 49.
369120 480 0 28 61.
369600 480 0 28 54.
370560 480 0 30 56.
371040 480 0 28 56.
372000 480 0 26 59.
372480 480 0 25 53.
373440 480 0 27 49.
374400 480 0 35 46.
375360 480 0 37 58.
375840 480 0 32 58.
376800 480 0 36 58.
377280 480 0 32 58.
377760 120 0 82 46.
378000 120 0 78 34.
378240 240 0 82 34.
378720 120 0 82 34.
378960 120 0 78 34.
379200 240 0 82 34.

