173 51 0 62 49.
297 44 0 79 48.
376 44 0 75 58.
493 41 0 82 53.
536 37 0 78 63.
576 36 0 72 61.
613 41 0 78 60.
656 35 0 82 59.
694 36 0 77 61.
733 43 0 76 59.
776 34 0 79 58.
815 35 0 72 59.
862 44 0 74 70.
906 42 0 75 68.
949 40 0 73 66.
995 52 0 70 65.
1096 54 0 69 73.
1156 73 0 50 69.
1230 50 0 66 70.
1286 33 0 65 71.
1328 44 0 85 72.
1372 29 0 82 75.
1411 25 0 46 58.
1450 34 0 84 82.
1495 25 0 86 83.
1500 41 0 48 54.
1537 35 0 79 82.
1544 26 0 58 66.
1584 25 0 46 58.
1621 19 0 43 66.
1656 29 0 89 75.
1702 54 0 47 49.
1750 42 0 88 77.
1758 40 0 52 56.
1806 23 0 57 65.
1855 17 0 36 59.
1882 15 0 58 65.
1919 26 0 89 77.
1956 23 0 85 75.
1985 24 0 79 77.
2001 32 0 81 75.
2006 44 0 43 56.
2037 25 0 88 74.
2087 25 0 45 59.
2124 13 0 44 65.
2158 28 0 79 73.
2202 40 0 62 50.
2247 45 0 77 71.
2253 37 0 58 51.
2294 31 0 72 66.
2302 22 0 58 63.
2343 21 0 61 54.
2377 20 0 52 63.
2414 35 0 47 54.
2459 35 0 49 46.
2499 35 0 95 77.
2540 32 0 96 76.
2576 35 0 92 75.
2617 25 0 76 74.
2654 29 0 46 54.
2695 19 0 78 71.
2741 35 0 64 53.
2784 15 0 52 62.
2826 27 0 48 56.
2865 19 0 45 62.
2902 27 0 78 73.
2946 29 0 84 72.
2994 80 0 48 53.
3037 29 0 69 65.
3082 27 0 75 69.
3128 20 0 47 62.
3167 31 0 75 71.
3218 66 0 41 46.
3281 170 0 78 66.
3289 37 0 51 51.
3333 37 0 64 63.
3378 37 0 59 61.
3421 19 0 42 58.
3422 76 0 75 60.
3467 36 0 84 65.
3510 28 0 89 66.
3563 63 0 89 70.
3567 41 0 49 54.
3568 207 0 53 49.
3612 33 0 81 68.
3659 29 0 52 54.
3705 68 0 36 56.
3754 30 0 78 63.
3856 18 0 51 42.
3910 15 0 74 61.
3916 8 0 46 54.
3954 14 0 79 62.
3954 20 0 51 58.
3994 21 0 84 63.
3998 30 0 62 58.
4038 29 0 99 69.
4083 50 0 100 70.
4143 33 0 94 73.
4191 31 0 88 72.
4204 9 0 50 57.
4234 32 0 83 66.
4239 11 0 45 63.
4278 39 0 86 65.
4285 53 0 60 60.
4286 52 0 44 53.
4326 33 0 92 66.
4369 27 0 89 65.
4418 14 0 69 46.
4468 7 0 66 65.
4470 11 0 46 58.
4511 18 0 74 66.
4512 10 0 38 58.
4556 41 0 84 67.
4642 37 0 96 76.
4677 58 0 49 61.
4691 38 0 104 77.
4740 38 0 92 78.
4781 19 0 99 80.
4804 8 0 57 55.
4813 34 0 61 61.
4825 26 0 63 64.
4834 34 0 67 70.
4882 36 0 97 84.
4932 18 0 89 85.
4990 32 0 42 32.
5004 339 0 87 68.
5060 12 0 54 61.
5110 20 0 54 61.
5168 90 0 48 56.
5173 74 0 47 60.
5273 49 0 90 77.
5321 11 0 32 49.
5370 15 0 45 65.
5374 32 0 48 59.
5424 31 0 66 70.
5484 54 0 67 71.
5488 74 0 40 59.
5548 60 0 71 73.
5613 44 0 60 68.
5683 40 0 66 70.
5742 31 0 75 71.
5792 12 0 59 69.
5834 12 0 75 71.
5881 6 0 69 70.
5923 17 0 72 73.
5928 32 0 52 49.
5968 25 0 82 75.
6009 21 0 90 82.
6010 16 0 72 73.
6053 14 0 72 68.
6096 22 0 83 78.
6139 25 0 88 75.
6188 18 0 78 70.
6248 86 0 58 56.
6251 49 0 90 77.
6300 63 0 69 65.
6344 26 0 79 71.
6386 21 0 52 68.
6422 27 0 55 59.
6464 24 0 91 75.
6470 32 0 39 61.
6510 36 0 86 75.
6515 37 0 58 56.
6556 24 0 86 74.
6558 20 0 54 65.
6600 13 0 50 71.
6636 22 0 49 68.
6680 23 0 92 73.
6732 36 0 60 50.
6779 42 0 81 66.
6784 26 0 54 51.
6832 23 0 61 58.
6867 29 0 81 70.
6874 20 0 48 54.
6910 33 0 90 69.
6912 19 0 55 58.
6950 17 0 86 70.
6950 22 0 57 54.
6980 12 0 79 66.
6994 28 0 91 78.
6997 19 0 75 70.
7001 23 0 53 46.
7040 23 0 89 77.
7044 18 0 39 51.
7084 22 0 99 76.
7088 8 0 65 67.
7123 27 0 91 75.
7128 8 0 60 66.
7162 20 0 49 63.
7206 19 0 62 54.
7208 19 0 54 66.
7251 42 0 46 46.
7257 7 0 46 63.
7300 22 0 79 62.
7305 34 0 50 53.
7320 14 0 70 70.
7330 13 0 73 71.
7341 25 0 84 70.
7381 30 0 63 56.
7423 17 0 60 68.
7464 30 0 91 73.
7513 39 0 46 46.
7558 44 0 50 53.
7599 18 0 61 68.
7641 27 0 75 70.
7687 24 0 82 69.
7688 22 0 56 65.
7728 30 0 43 56.
7733 19 0 55 62.
7775 23 0 72 68.
7778 63 0 49 46.
7835 24 0 49 63.
7842 39 0 49 51.
7884 27 0 64 62.
7928 40 0 72 61.
7982 27 0 49 44.
8022 34 0 58 56.
8064 20 0 68 51.
8115 41 0 91 70.
8118 224 0 49 49.
8119 43 0 60 54.
8167 20 0 57 53.
8202 39 0 61 54.
8248 90 0 38 56.
8303 43 0 83 63.
8406 19 0 57 42.
8458 29 0 69 66.
8464 7 0 50 58.
8498 12 0 82 62.
8510 6 0 58 54.
8539 35 0 80 63.
8541 42 0 68 54.
8585 28 0 93 69.
8628 32 0 106 70.
8671 15 0 71 41.
8682 31 0 96 73.
8735 17 0 37 63.
8744 8 0 55 53.
8778 18 0 59 58.
8785 8 0 48 53.
8826 55 0 57 63.
8835 52 0 45 53.
8882 31 0 86 66.
8922 32 0 81 65.
8960 14 0 60 46.
8966 64 0 100 73.
9008 18 0 60 61.
9010 8 0 63 65.
9053 13 0 69 65.
9054 17 0 51 61.
9099 19 0 69 64.
9103 25 0 42 58.
9141 33 0 100 75.
9186 36 0 101 76.
9190 9 0 73 67.
9234 21 0 96 77.
9238 180 0 60 56.
9280 22 0 95 78.
9326 19 0 93 80.
9371 28 0 92 82.
9467 15 0 90 77.
9540 18 0 52 44.
9540 83 0 91 68.
9542 257 0 70 66.
9600 8 0 75 60.
9653 16 0 57 44.
9711 51 0 68 75.
9716 124 0 51 60.
9770 29 0 50 66.
9819 19 0 69 72.
9886 204 0 38 49.
9889 43 0 37 56.
9941 34 0 74 66.
9990 61 0 51 54.
10053 84 0 60 65.
10058 32 0 43 56.
10123 19 0 54 61.
10204 31 0 88 76.
10299 67 0 34 37.
10474 320 0 50 64.
10515 38 0 78 75.
10658 36 0 84 72.
10700 28 0 84 71.
10744 41 0 75 70.
10788 29 0 83 69.
10832 27 0 83 68.
10869 17 0 66 49.
10902 12 0 57 64.
10933 29 0 45 58.
10971 10 0 45 64.
11018 29 0 51 63.
11062 9 0 48 59.
11099 15 0 61 47.
11137 18 0 71 67.
11173 18 0 79 70.
11182 35 0 54 49.
11233 34 0 74 67.
11280 26 0 79 76.
11327 41 0 76 75.
11334 27 0 57 63.
11372 10 0 57 59.
11430 25 0 58 68.
11477 77 0 55 62.
11498 61 0 70 67.
11517 67 0 44 35.
11542 37 0 89 74.
11648 51 0 48 55.
11702 38 0 54 62.
11751 7 0 64 67.
11949 29 0 82 71.
12143 41 0 70 66.
12188 35 0 85 65.
12236 10 0 41 62.
12280 33 0 76 73.
12284 31 0 47 61.
12320 8 0 38 57.
12369 22 0 74 66.
12402 16 0 71 65.
12418 16 0 74 66.
12436 19 0 78 68.
12450 47 0 76 66.
12500 28 0 77 65.
12550 24 0 80 74.
12599 37 0 72 73.
12606 32 0 49 61.
12643 7 0 31 57.
12650 49 0 69 65.
12708 39 0 63 66.
12764 134 0 46 61.
12800 92 0 39 33.
12843 187 0 93 73.
12948 81 0 49 52.
13045 39 0 57 62.
13090 41 0 82 73.
13138 45 0 84 71.
13183 50 0 47 61.
13234 32 0 91 76.
13294 48 0 84 74.
13302 59 0 41 62.
13463 184 0 95 73.
13469 100 0 69 67.
13566 64 0 55 52.
13612 170 0 52 57.
13656 34 0 60 62.
13700 27 0 62 64.
13753 28 0 52 62.
13792 51 0 42 61.
13796 31 0 84 69.
13852 22 0 44 67.
13912 68 0 34 66.
14079 136 0 95 73.
14083 58 0 57 61.
14133 43 0 58 52.
14225 37 0 76 64.
14279 33 0 92 75.
14315 32 0 60 61.
14372 26 0 99 77.
14376 73 0 58 61.
14382 62 0 49 56.
14416 23 0 98 78.
14465 21 0 98 80.
14490 91 0 63 55.
14514 41 0 99 82.
14530 36 0 50 64.
14691 17 0 52 32.
14754 13 0 61 66.
14759 8 0 48 56.
14807 16 0 57 66.
14809 14 0 45 56.
14871 58 0 90 78.
14878 82 0 46 56.
14980 52 0 96 77.
15026 18 0 58 49.
15030 34 0 84 73.
15084 33 0 82 75.
15135 29 0 76 70.
15198 117 0 40 56.
15201 83 0 46 65.
15260 54 0 70 73.
15404 22 0 53 42.
15460 19 0 55 66.
15506 16 0 68 69.
15550 17 0 81 71.
15597 16 0 88 73.
15640 19 0 75 73.
15650 14 0 48 49.
15687 19 0 78 75.
15735 21 0 66 66.
15775 25 0 58 58.
15814 21 0 50 70.
15860 26 0 91 75.
15907 40 0 50 61.
15907 16 0 81 70.
15966 32 0 69 71.
16023 24 0 70 65.
16066 27 0 84 71.
16105 35 0 83 73.
16108 20 0 52 65.
16146 28 0 95 77.
16146 28 0 52 59.
16192 28 0 92 75.
16196 49 0 50 61.
16228 29 0 68 77.
16241 33 0 76 75.
16285 25 0 84 74.
16286 20 0 60 68.
16323 29 0 77 73.
16325 23 0 55 59.
16368 27 0 83 72.
16377 54 0 50 65.
16414 23 0 83 73.
16459 77 0 88 71.
16468 8 0 50 62.
16515 37 0 75 66.
16567 23 0 65 58.
16607 30 0 85 70.
16616 12 0 57 66.
16650 31 0 89 69.
16656 7 0 44 58.
16688 15 0 60 54.
16691 17 0 87 70.
16713 13 0 70 66.
16734 26 0 92 78.
16738 25 0 52 58.
16778 21 0 90 77.
16782 27 0 55 51.
16822 22 0 60 63.
16834 8 0 59 67.
16864 29 0 87 75.
16866 24 0 61 54.
16905 18 0 55 63.
16907 24 0 60 65.
16948 37 0 54 54.
16950 24 0 57 66.
16993 38 0 54 46.
16995 73 0 93 71.
17042 24 0 69 62.
17045 35 0 51 53.
17073 11 0 70 71.
17084 26 0 60 68.
17130 25 0 60 56.
17169 14 0 58 62.
17209 29 0 88 73.
17254 39 0 49 46.
17260 29 0 58 68.
17301 28 0 72 62.
17345 25 0 75 71.
17385 28 0 59 56.
17428 25 0 76 69.
17467 29 0 47 56.
17473 29 0 50 62.
17514 100 0 48 65.
17517 48 0 45 46.
17569 164 0 84 66.
17620 40 0 65 63.
17627 100 0 39 58.
17667 41 0 74 61.
17715 62 0 77 60.
17723 30 0 50 44.
17762 29 0 47 56.
17808 32 0 90 66.
17865 60 0 90 70.
17868 10 0 66 59.
17909 162 0 22 59.
17917 24 0 52 53.
17957 37 0 81 63.
18004 41 0 82 61.
18057 46 0 83 63.
18178 20 0 58 30.
18233 19 0 65 64.
18242 7 0 64 61.
18279 20 0 65 64.
18281 10 0 49 54.
18329 81 0 61 54.
18331 100 0 68 64.
18378 44 0 96 68.
18504 29 0 71 64.
18509 72 0 47 55.
18515 329 0 51 47.
18573 50 0 65 63.
18668 15 0 58 58.
18672 8 0 54 67.
18701 33 0 58 61.
18704 26 0 47 67.
18782 73 0 54 63.
18863 34 0 69 75.
18959 218 0 70 68.
18962 240 0 46 66.
19026 23 0 61 62.
19247 44 0 92 73.
19295 48 0 51 51.
19349 10 0 57 47.
19384 17 0 83 70.
19419 62 0 75 70.
19423 153 0 46 66.
19558 24 0 76 75.
19632 355 0 46 63.
19688 25 0 60 62.
19841 49 0 78 70.
19851 15 0 55 58.
19901 39 0 76 73.
19949 41 0 52 51.
20003 7 0 48 47.
20075 177 0 52 66.
20143 32 0 68 68.
20230 29 0 60 78.
20366 83 0 45 63.
20376 66 0 34 35.
20540 65 0 41 61.
20540 58 0 41 66.
20693 56 0 50 66.
20695 76 0 43 59.
20850 62 0 43 59.
20852 70 0 36 53.
21001 93 0 35 58.
21007 76 0 41 54.
21156 136 0 32 54.
21161 110 0 47 47.
21311 168 0 63 66.
21316 111 0 36 58.
21493 91 0 61 65.
21679 60 0 55 63.
21689 60 0 41 47.
21759 26 0 50 50.
21804 14 0 52 61.
21844 27 0 54 48.
21884 25 0 51 47.
21926 34 0 57 46.
21929 23 0 84 70.
21985 15 0 72 63.
21987 16 0 64 44.
22035 10 0 64 51.
22078 7 0 68 32.
22134 191 0 66 51.
22134 240 0 53 63.
22191 46 0 76 68.
22238 28 0 82 75.
22298 49 0 72 68.
22307 9 0 45 66.
22355 26 0 64 62.
22398 23 0 58 49.
22440 26 0 68 60.
22481 22 0 55 47.
22521 18 0 88 70.
22574 26 0 89 73.
22577 31 0 62 66.
22577 19 0 58 44.
22622 46 0 87 71.
22629 8 0 64 51.
22670 7 0 73 32.
22701 18 0 79 70.
22741 70 0 78 70.
22743 76 0 52 63.
22810 19 0 78 68.
22923 47 0 66 90.
23177 86 0 60 68.
23183 72 0 27 63.
23189 70 0 27 35.
23338 57 0 41 66.
23343 67 0 36 49.
23491 64 0 46 66.
23493 76 0 36 51.
23641 51 0 43 59.
23646 68 0 42 53.
23784 68 0 70 70.
23791 111 0 43 61.
23793 82 0 36 54.
23939 144 0 34 54.
23943 123 0 46 47.
24095 155 0 39 58.
24097 250 0 38 61.
24278 77 0 55 65.
24468 55 0 65 70.
24572 57 0 43 58.
24630 10 0 57 49.
24681 21 0 88 75.
24725 25 0 86 77.
24765 22 0 64 51.
24774 24 0 87 78.
24814 23 0 59 66.
24856 16 0 83 82.
24857 9 0 52 56.
24905 23 0 87 84.
24948 33 0 91 85.
25000 21 0 87 87.
25074 341 0 83 68.
25144 11 0 45 66.
25144 11 0 43 56.
25190 15 0 54 61.
25196 10 0 28 56.
25243 131 0 45 61.
25246 84 0 27 56.
25401 176 0 75 73.
25408 14 0 48 49.
25457 16 0 49 65.
25508 10 0 60 49.
25572 109 0 75 75.
25577 78 0 31 65.
25606 63 0 7 56.
25763 86 0 43 54.
25814 75 0 39 66.
25861 59 0 48 58.
25909 28 0 85 77.
25912 20 0 79 53.
25955 29 0 83 78.
25999 40 0 87 80.
26042 26 0 74 51.
26092 22 0 88 84.
26139 14 0 57 56.
26201 27 0 76 44.
26247 48 0 88 89.
26305 22 0 78 90.
26387 339 0 82 68.
26461 11 0 48 66.
26461 11 0 40 56.
26513 14 0 54 66.
26515 13 0 51 56.
26569 95 0 42 66.
26577 77 0 27 56.
26736 14 0 46 49.
26786 13 0 48 65.
26838 16 0 52 49.
26908 116 0 33 56.
26909 103 0 78 75.
26918 89 0 40 65.
27098 43 0 64 70.
27151 34 0 74 73.
27189 43 0 56 58.
27240 28 0 82 77.
27245 16 0 49 49.
27372 18 0 81 82.
27375 30 0 64 54.
27421 39 0 96 85.
27473 20 0 57 58.
27535 53 0 85 92.
27545 20 0 49 49.
27596 23 0 81 94.
27675 107 0 82 99.
27809 95 0 74 97.
28065 89 0 82 65.
28072 78 0 48 59.
28237 81 0 89 66.
28245 67 0 49 54.
28403 70 0 97 71.
28407 93 0 62 63.
28412 76 0 50 44.
28580 192 0 68 66.
28582 373 0 65 59.
28857 130 0 63 65.
29015 212 0 59 59.
29175 222 0 70 66.
29275 105 0 48 58.
29294 51 0 47 42.
29445 18 0 58 46.
29495 39 0 63 51.
29715 55 0 56 53.
29995 50 0 51 66.
30053 18 0 63 75.
30155 32 0 63 63.
30210 25 0 39 70.
30253 142 0 79 59.
30304 29 0 56 63.
30351 42 0 49 68.
30391 106 0 81 58.
30433 29 0 59 63.
30479 11 0 56 71.
30509 31 0 74 56.
30552 142 0 74 58.
30602 28 0 55 62.
30650 14 0 41 65.
30745 25 0 58 58.
30790 19 0 41 70.
30794 11 0 29 62.
30890 27 0 49 58.
30931 33 0 60 70.
30975 102 0 75 53.
31018 39 0 52 58.
31169 32 0 58 58.
31192 68 0 72 49.
31231 25 0 38 61.
31261 69 0 81 51.
31306 27 0 57 58.
31333 74 0 84 53.
31374 23 0 33 61.
31444 27 0 55 58.
31469 66 0 76 46.
31506 25 0 59 65.
31543 60 0 88 48.
31578 32 0 52 58.
31650 15 0 47 65.
31733 27 0 54 58.
31783 14 0 50 60.
31812 29 0 70 44.
31882 27 0 57 57.
31927 17 0 51 65.
31973 32 0 70 41.
32013 95 0 76 46.
32075 27 0 43 58.
32126 19 0 52 62.
32198 106 0 75 58.
32249 24 0 73 62.
32300 25 0 79 74.
32352 167 0 87 63.
32405 50 0 72 66.
32443 29 0 90 75.
32500 64 0 86 76.
32511 138 0 88 61.
32616 21 0 52 70.
32659 138 0 85 59.
32707 25 0 66 63.
32755 33 0 42 68.
32796 112 0 73 58.
32838 31 0 57 63.
32883 33 0 48 68.
32916 36 0 68 56.
32957 164 0 77 59.
33009 147 0 49 63.
33048 31 0 74 71.
33123 138 0 79 57.
33234 29 0 81 71.
33281 94 0 83 57.
33330 43 0 68 64.
33361 76 0 88 56.
33393 22 0 60 71.
33480 28 0 65 59.
33550 33 0 38 68.
33598 155 0 78 56.
33653 30 0 57 59.
33702 23 0 62 64.
33756 143 0 66 50.
33814 35 0 54 58.
33857 25 0 68 68.
33956 33 0 49 58.
34049 48 0 70 65.
34155 10 0 52 59.
34204 75 0 74 46.
34252 25 0 58 53.
34291 24 0 60 63.
34330 30 0 68 49.
34362 82 0 78 47.
34399 42 0 56 53.
34445 78 0 34 56.
34449 12 0 45 62.
34490 27 0 69 46.
34534 117 0 70 39.
34597 29 0 42 54.
34640 19 0 55 63.
34770 29 0 61 58.
34798 60 0 88 53.
34833 30 0 68 70.
34837 29 0 50 63.
34876 116 0 83 54.
34929 28 0 54 58.
34979 63 0 45 61.
35027 77 0 91 54.
35081 25 0 61 58.
35129 24 0 59 70.
35193 37 0 89 54.
35232 25 0 82 56.
35265 26 0 86 54.
35298 31 0 88 53.
35331 40 0 93 54.
35385 132 0 81 58.
35441 22 0 59 60.
35484 25 0 43 63.
35529 15 0 72 56.
35575 132 0 78 54.
35641 29 0 56 56.
35686 83 0 37 61.
35787 28 0 46 56.
35828 21 0 35 61.
35860 45 0 79 51.
35899 71 0 82 49.
35945 38 0 64 56.
35976 56 0 84 48.
36009 30 0 60 68.
36021 8 0 48 65.
36089 38 0 72 61.
36157 27 0 74 70.
36161 22 0 62 67.
36265 30 0 59 59.
36311 29 0 55 63.
36355 94 0 87 56.
36454 27 0 64 68.
36510 31 0 78 56.
36586 26 0 48 61.
36624 8 0 54 68.
36645 51 0 90 56.
36759 69 0 79 64.
36812 16 0 79 76.
36899 282 0 58 51.
36963 33 0 60 58.
37009 20 0 50 63.
37058 107 0 84 55.
37105 26 0 52 58.
37149 16 0 53 70.
37229 69 0 83 55.
37279 34 0 43 58.
37327 21 0 44 70.
37366 10 0 64 41.
37394 52 0 83 57.
37491 16 0 52 65.
37532 315 0 58 46.
37613 20 0 66 61.
37657 19 0 45 65.
37663 14 0 39 70.
37753 26 0 68 62.
37798 17 0 69 74.
37799 22 0 46 70.
37843 139 0 83 54.
37894 31 0 65 63.
37941 16 0 42 66.
37982 107 0 93 53.
38023 31 0 61 58.
38066 23 0 45 63.
38096 37 0 87 51.
38147 160 0 83 54.
38197 118 0 69 58.
38240 48 0 81 70.
38300 85 0 72 68.
38308 125 0 73 52.
38362 36 0 52 58.
38408 22 0 74 66.
38511 31 0 57 59.
38537 69 0 84 51.
38571 18 0 75 71.
38660 47 0 60 54.
38709 17 0 47 63.
38829 34 0 63 54.
38877 39 0 60 59.
38933 75 0 70 65.
38986 42 0 49 54.
39032 25 0 64 63.
39138 33 0 70 53.
39233 49 0 76 60.
39286 44 0 64 54.
39338 66 0 68 61.
39391 69 0 79 41.
39433 29 0 62 53.
39472 30 0 58 61.
39518 28 0 64 44.
39588 37 0 58 51.
39639 22 0 46 57.
39679 29 0 72 41.
39723 95 0 68 34.
39772 25 0 63 50.
39825 18 0 63 53.
39892 109 0 90 58.
39948 26 0 64 62.
39993 24 0 78 74.
39995 25 0 61 70.
40091 30 0 82 66.
40134 54 0 72 70.
40167 33 0 75 78.
40198 128 0 83 61.
40297 23 0 61 70.
40380 31 0 65 63.
40428 17 0 52 71.
40510 30 0 58 63.
40552 24 0 51 71.
40579 35 0 84 56.
40620 177 0 85 58.
40670 126 0 63 62.
40713 27 0 65 70.
40764 38 0 77 71.
40826 44 0 73 62.
40889 10 0 47 65.
40928 80 0 87 56.
40976 39 0 66 58.
41002 73 0 84 54.
41027 43 0 73 70.
41036 40 0 49 63.
41081 70 0 75 53.
41129 57 0 56 58.
41190 32 0 66 66.

