244 130 0 127 69.
365 105 0 112 50.
470 10 0 99 62.
470 9 0 102 54.
476 77 0 127 74.
541 51 0 117 76.
581 37 0 127 78.
581 10 0 109 57.
694 12 0 114 45.
818 10 0 98 52.
819 10 0 93 61.
877 73 0 127 74.
936 58 0 127 73.
941 19 0 100 52.
992 69 0 111 71.
1058 85 0 123 69.
1183 29 0 119 74.
1183 9 0 105 57.
1211 37 0 114 76.
1284 9 0 110 57.
1284 10 0 111 50.
1421 37 0 111 45.
1542 29 0 111 64.
1660 119 0 122 69.
1663 59 0 106 57.
1800 76 0 126 69.
1867 50 0 127 73.
1920 11 0 107 62.
1922 9 0 106 57.
1992 55 0 114 76.
2034 9 0 115 62.
2036 32 0 127 78.
2152 20 0 111 43.
2181 33 0 107 79.
2274 13 0 107 59.
2335 66 0 123 74.
2390 60 0 127 73.
2391 33 0 103 59.
2448 61 0 112 71.
2509 82 0 122 69.
2511 25 0 94 45.
2625 9 0 107 64.
2629 22 0 116 73.
2656 37 0 112 74.
2675 83 0 121 73.
2744 63 0 116 71.
2747 23 0 105 57.
2806 71 0 119 69.
2871 371 0 122 74.
3001 26 0 66 57.
3004 13 0 85 50.
3128 179 0 81 66.
3128 179 0 89 57.
3257 67 0 109 69.
3315 31 0 112 73.
3365 14 0 92 62.
3371 48 0 113 74.
3475 14 0 92 62.
3476 21 0 94 50.
3542 32 0 97 79.
3593 23 0 106 45.
3720 14 0 86 52.
3726 47 0 106 76.
3785 57 0 98 74.
3840 37 0 90 52.
3842 14 0 92 57.
3900 52 0 99 71.
3955 28 0 100 38.
4080 29 0 90 62.
4080 1 0 111 74.
4129 74 0 110 74.
4193 63 0 107 73.
4202 12 0 93 57.
4324 240 0 106 73.
4440 59 0 89 57.
4560 58 0 105 69.
4560 59 0 93 64.
4688 118 0 112 50.
4750 40 0 121 73.
4800 59 0 109 62.
4804 59 0 107 57.
4865 67 0 116 76.
4918 29 0 100 62.
4920 67 0 125 78.
4978 32 0 112 79.
5037 12 0 101 78.
5167 21 0 97 64.
5280 27 0 94 59.
5280 62 0 126 73.
5400 84 0 114 69.
5518 15 0 104 73.
5520 7 0 103 64.
5546 37 0 108 74.
5568 70 0 116 73.
5624 62 0 111 71.
5625 12 0 101 64.
5750 268 0 111 74.
5753 27 0 100 38.
5866 10 0 98 62.
5993 23 0 88 57.
6120 57 0 116 64.
6236 10 0 99 57.
6299 68 0 123 71.
6355 70 0 127 73.
6358 18 0 104 45.
6414 31 0 124 74.
6473 22 0 109 40.
6491 30 0 108 74.
6600 10 0 107 52.
6652 72 0 106 69.
6712 9 0 100 45.
6713 70 0 124 68.
6834 62 0 120 64.
6945 9 0 102 52.
6945 11 0 102 61.
6976 32 0 104 71.
6992 76 0 108 69.
7062 61 0 127 68.
7062 9 0 91 57.
7191 22 0 97 40.
7311 29 0 111 59.
7435 119 0 123 64.
7435 59 0 113 62.
7560 66 0 126 64.
7626 37 0 120 68.
7680 9 0 106 52.
7680 29 0 123 61.
7800 10 0 111 52.
7800 9 0 100 57.
7860 25 0 117 74.
7920 33 0 108 38.
8040 10 0 99 59.
8040 33 0 108 50.
8160 71 0 124 68.
8164 24 0 99 54.
8220 63 0 121 66.
8280 62 0 119 64.
8398 9 0 115 68.
8400 9 0 105 52.
8429 32 0 106 69.
8511 16 0 109 52.
8511 23 0 91 62.
8567 66 0 120 64.
8635 377 0 116 69.
8759 10 0 91 57.
8760 29 0 84 61.
8880 21 0 99 52.
8880 59 0 79 61.
9131 12 0 87 57.
9185 55 0 107 71.
9249 26 0 97 45.
9252 16 0 91 52.
9360 25 0 102 40.
9396 112 0 125 73.
9483 9 0 99 59.
9490 43 0 99 71.
9541 61 0 107 69.
9597 19 0 99 52.
9707 107 0 115 45.
9824 24 0 110 69.
9824 9 0 105 52.
9855 29 0 97 71.
9951 8 0 89 57.
9951 11 0 102 45.
10085 239 0 113 68.
10200 12 0 108 59.
10320 31 0 104 52.
10320 89 0 110 64.
10443 113 0 121 45.
10505 41 0 120 68.
10555 9 0 112 52.
10559 65 0 127 69.
10612 68 0 115 71.
10672 21 0 116 45.
10675 68 0 126 73.
10730 35 0 127 74.
10788 20 0 106 38.
10826 110 0 127 73.
10912 25 0 105 54.
10916 51 0 109 71.
11030 39 0 92 54.
11030 12 0 108 61.
11035 41 0 100 50.
11094 58 0 116 66.
11150 29 0 102 40.
11155 69 0 116 64.
11274 6 0 104 52.
11278 9 0 85 59.
11304 46 0 112 69.
11329 67 0 121 68.
11385 59 0 122 66.
11391 10 0 97 59.
11529 22 0 113 33.
11640 59 0 104 61.
11640 59 0 104 57.
11767 29 0 106 67.
11768 29 0 95 57.
11880 59 0 127 50.
11958 26 0 122 73.
12000 73 0 127 74.
12000 9 0 114 57.
12000 29 0 112 50.
12069 68 0 125 76.
12124 22 0 117 54.
12128 9 0 113 57.
12129 9 0 107 62.
12240 25 0 127 45.
12270 32 0 112 79.
12361 10 0 107 57.
12363 62 0 123 76.
12416 74 0 126 74.
12479 23 0 114 61.
12480 43 0 113 57.
12600 30 0 114 38.
12720 9 0 111 50.
12723 9 0 96 62.
12755 47 0 110 76.
12837 9 0 115 50.
12840 8 0 108 57.
12960 32 0 114 45.
13080 9 0 111 64.
13195 55 0 114 69.
13198 23 0 98 61.
13328 59 0 126 50.
13437 9 0 102 62.
13439 7 0 101 54.
13508 64 0 123 76.
13560 22 0 107 54.
13560 69 0 127 78.
13567 10 0 88 57.
13620 35 0 119 79.
13679 33 0 100 43.
13801 68 0 118 76.
13915 30 0 106 59.
13917 41 0 98 55.
14039 87 0 115 69.
14158 10 0 102 57.
14163 15 0 106 73.
14192 38 0 111 74.
14268 22 0 102 57.
14327 66 0 109 69.
14511 29 0 126 66.
14511 9 0 74 50.
14630 209 0 105 66.
14632 8 0 79 50.
14765 115 0 99 50.
14880 11 0 98 62.
14880 51 0 111 74.
14996 13 0 79 62.
14996 25 0 88 54.
15115 26 0 104 45.
15138 17 0 102 79.
15152 108 0 111 78.
15242 47 0 102 76.
15246 10 0 93 57.
15300 60 0 97 74.
15359 19 0 90 61.
15362 31 0 88 52.
15416 56 0 94 71.
15474 24 0 99 38.
15597 9 0 94 57.
15631 42 0 94 76.
15654 74 0 107 74.
15716 53 0 124 73.
15721 11 0 95 57.
15839 256 0 104 73.
15960 18 0 95 57.
15961 13 0 93 61.
16084 25 0 94 64.
16086 25 0 83 61.
16207 55 0 82 69.
16316 15 0 101 62.
16321 79 0 119 74.
16384 73 0 118 76.
16439 69 0 122 78.
16441 11 0 100 62.
16498 42 0 120 79.
16555 35 0 100 43.
16577 28 0 105 79.
16595 118 0 126 78.
16681 65 0 115 76.
16688 38 0 75 64.
16792 72 0 127 73.
16799 21 0 95 59.
16911 83 0 118 69.
17021 9 0 99 64.
17026 25 0 106 73.
17057 47 0 116 74.
17083 83 0 113 73.
17152 57 0 111 71.
17153 10 0 104 64.
17207 75 0 113 69.
17275 27 0 92 38.
17400 29 0 106 62.
17400 28 0 104 66.
17519 119 0 106 66.
17524 16 0 105 57.
17645 151 0 119 65.
17724 22 0 121 74.
17775 14 0 101 58.
17778 109 0 122 75.
17888 88 0 96 70.
17893 10 0 99 62.
18011 19 0 109 41.
18125 12 0 108 63.
18128 9 0 99 53.
18180 59 0 95 67.
18240 239 0 110 65.
18249 14 0 108 63.
18249 11 0 110 53.
18385 60 0 98 70.
18460 13 0 111 74.
18505 56 0 124 75.
18505 27 0 106 70.
18506 12 0 99 62.
18619 28 0 102 70.
18619 209 0 104 65.
18619 27 0 106 53.
18731 88 0 123 79.
18867 150 0 109 57.
18867 58 0 120 72.
18960 41 0 120 43.
18989 59 0 108 69.
18989 59 0 115 72.
19114 49 0 127 82.
19118 19 0 113 48.
19122 54 0 119 76.
19202 18 0 104 70.
19202 12 0 98 76.
19241 22 0 116 70.
19241 28 0 127 82.
19246 9 0 119 76.
19360 23 0 124 82.
19366 9 0 113 76.
19474 30 0 126 82.
19478 23 0 119 77.
19560 19 0 115 82.
19565 7 0 107 77.
19604 89 0 127 60.
19606 38 0 123 70.
19730 46 0 127 60.
19732 14 0 115 69.
19845 27 0 111 81.
19848 16 0 123 48.
19929 20 0 102 70.
19931 36 0 118 59.
19970 67 0 114 81.
19972 56 0 104 70.
20088 68 0 127 60.
20198 17 0 108 70.
20203 9 0 103 75.
20278 14 0 99 70.
20287 7 0 73 75.
20319 71 0 127 60.
20324 32 0 106 75.
20403 42 0 125 64.
20447 12 0 87 69.
20564 28 0 119 74.
20642 8 0 112 74.
20682 26 0 104 58.
20685 23 0 108 53.
20800 32 0 122 76.
20802 27 0 110 62.
20915 63 0 127 78.
20980 48 0 108 77.
21033 18 0 101 53.
21039 9 0 100 60.
21156 20 0 113 63.
21160 10 0 106 60.
21276 49 0 126 73.
21357 21 0 115 73.
21385 18 0 106 61.
21389 11 0 105 53.
21398 9 0 79 73.
21508 24 0 122 76.
21510 42 0 115 53.
21623 22 0 127 44.
21697 15 0 121 77.
21748 49 0 127 65.
21750 25 0 122 73.
21750 48 0 120 56.
21840 25 0 127 46.
21870 25 0 127 44.
21876 50 0 117 56.
21878 39 0 122 61.
21880 30 0 127 73.
22008 30 0 127 78.
22013 26 0 118 72.
22102 20 0 114 78.
22105 9 0 97 66.
22135 56 0 116 66.
22135 49 0 110 72.
22135 49 0 127 56.
22249 18 0 121 66.
22367 23 0 127 78.
22370 18 0 116 73.
22459 18 0 124 78.
22461 32 0 123 55.
22497 53 0 120 66.
22582 29 0 125 57.
22616 18 0 125 65.
22728 21 0 116 77.
22735 7 0 106 72.
22812 31 0 120 55.
22813 11 0 104 77.
22844 84 0 126 56.
22853 72 0 121 77.
22928 40 0 127 58.
22966 21 0 122 66.
23082 31 0 125 49.
23086 8 0 114 68.
23161 30 0 127 55.
23165 12 0 116 66.
23200 78 0 122 56.
23205 72 0 127 66.
23327 49 0 127 61.
23332 59 0 106 73.
23420 54 0 122 74.
23420 19 0 126 41.
23456 42 0 124 62.
23490 23 0 116 74.
23531 9 0 112 53.
23536 95 0 126 74.
23651 21 0 118 62.
23654 9 0 120 53.
23767 59 0 125 74.
23772 12 0 126 42.
23852 9 0 116 69.
23888 8 0 112 57.
23892 209 0 116 69.
24010 16 0 110 57.
24076 20 0 110 73.
24135 42 0 123 68.
24208 23 0 116 74.
24251 9 0 102 59.
24256 95 0 127 68.
24374 23 0 115 68.
24374 9 0 120 53.
24487 48 0 122 69.
24572 9 0 107 69.
24608 8 0 112 57.
24612 187 0 116 69.
24730 16 0 110 57.
24796 20 0 110 73.
24854 47 0 124 74.
24894 43 0 118 62.
24928 18 0 121 68.
24968 10 0 100 59.
24970 93 0 127 62.
25084 28 0 114 74.
25087 9 0 100 59.
25205 111 0 127 45.
25208 43 0 119 69.
25278 18 0 108 74.
25316 9 0 111 52.
25320 88 0 118 74.
25324 171 0 123 69.
25444 8 0 109 57.
25495 21 0 110 61.
25496 22 0 110 73.
25558 50 0 122 74.
25599 42 0 116 62.
25628 18 0 109 74.
25676 9 0 114 52.
25678 68 0 126 62.
25799 17 0 120 62.
25801 7 0 115 59.
25932 41 0 127 67.
26005 14 0 114 74.
26048 29 0 116 62.
26048 23 0 122 57.
26165 29 0 116 61.
26165 23 0 122 64.
26236 25 0 119 73.
26298 51 0 127 69.
26403 10 0 114 54.
26404 9 0 114 57.
26463 28 0 125 76.
26510 19 0 120 54.
26518 20 0 127 78.
26629 17 0 111 45.
26663 30 0 93 79.
26756 10 0 99 57.
26814 61 0 120 74.
26866 24 0 99 52.
26869 60 0 127 73.
26930 54 0 99 71.
26989 31 0 107 38.
27104 9 0 111 50.
27107 7 0 109 57.
27141 36 0 111 76.
27223 9 0 113 50.
27227 9 0 105 57.
27352 282 0 124 73.
27478 11 0 114 57.
27592 20 0 99 67.
27593 9 0 109 64.
27728 93 0 121 50.
27788 41 0 123 73.
27836 75 0 127 74.
27838 10 0 105 62.
27900 63 0 119 76.
27950 10 0 111 62.
27954 46 0 127 78.
28068 12 0 113 78.
28193 13 0 100 59.
28251 74 0 119 74.
28311 31 0 95 59.
28315 36 0 101 55.
28552 9 0 98 57.
28554 29 0 99 67.
28598 82 0 127 73.
28672 24 0 105 57.
28672 58 0 111 67.
28812 33 0 83 38.
28920 29 0 111 62.
28923 45 0 106 66.
29040 14 0 96 62.
29040 20 0 111 66.
29165 81 0 119 50.
29223 33 0 120 73.
29281 17 0 117 62.
29283 13 0 110 54.
29288 9 0 81 50.
29336 57 0 119 76.
29389 14 0 105 54.
29392 8 0 105 57.
29393 14 0 96 62.
29511 14 0 104 78.
29537 27 0 88 79.
29633 25 0 99 57.
29640 50 0 108 76.
29696 60 0 112 74.
29749 11 0 101 61.
29754 11 0 103 57.
29873 29 0 96 38.
29992 10 0 93 50.
29994 9 0 91 57.
30026 31 0 104 76.
30046 69 0 111 74.
30106 46 0 124 73.
30111 11 0 101 57.
30229 261 0 107 73.
30234 25 0 109 45.
30350 25 0 95 69.
30354 14 0 96 64.
30477 24 0 99 67.
30480 28 0 92 61.
30606 71 0 116 50.
30719 65 0 122 74.
30723 7 0 112 57.
30776 68 0 112 76.
30830 22 0 116 50.
30834 10 0 108 57.

