241 94 0 100 74.
360 47 0 106 74.
477 30 0 106 54.
592 136 0 93 71.
594 33 0 93 62.
718 73 0 114 70.
721 31 0 114 42.
797 35 0 98 79.
837 118 0 102 78.
842 9 0 102 64.
844 8 0 102 54.
952 43 0 93 54.
955 14 0 92 64.
1022 35 0 100 74.
1077 27 0 119 74.
1107 31 0 115 76.
1182 20 0 123 62.
1306 21 0 115 62.
1433 92 0 125 69.
1548 21 0 78 61.
1552 10 0 91 57.
1673 51 0 87 54.
1679 36 0 86 57.
1807 40 0 80 43.
1847 47 0 93 73.
1924 22 0 81 50.
2037 28 0 86 59.
2038 41 0 85 50.
2167 63 0 124 66.
2251 11 0 81 64.
2288 14 0 86 57.
2293 140 0 98 62.
2396 49 0 99 50.
2524 28 0 118 40.
2645 34 0 101 55.
2645 40 0 104 47.
2763 113 0 115 64.
2767 29 0 86 52.
2876 239 0 91 35.
2956 46 0 111 61.
2998 121 0 92 42.
3002 111 0 91 50.
3183 37 0 112 74.
3247 32 0 112 74.
3255 33 0 104 47.
3301 64 0 111 74.
3349 125 0 119 73.
3360 13 0 67 62.
3470 50 0 93 54.
3593 25 0 91 42.
3673 26 0 95 79.
3709 8 0 81 54.
3712 14 0 82 58.
3827 35 0 82 54.
3911 24 0 101 74.
3957 25 0 103 74.
4080 14 0 71 62.
4190 21 0 87 62.
4190 52 0 84 54.
4309 36 0 93 42.
4431 124 0 102 66.
4547 21 0 79 61.
4617 24 0 98 71.
4674 22 0 104 71.
4812 25 0 88 50.
4917 127 0 102 67.
4923 25 0 76 59.
5040 64 0 120 66.
5045 36 0 86 38.
5127 8 0 96 76.
5169 100 0 99 74.
5170 28 0 88 50.
5278 22 0 80 57.
5348 21 0 106 67.
5393 23 0 103 67.
5420 28 0 110 69.
5512 40 0 82 49.
5634 22 0 91 52.
5634 34 0 90 46.
5744 239 0 96 35.
5832 36 0 105 61.
5868 125 0 70 42.
5869 73 0 75 50.
6003 120 0 124 66.
6123 25 0 103 37.
6248 20 0 100 49.
6253 100 0 102 68.
6356 77 0 90 69.
6360 16 0 90 59.
6367 10 0 91 53.
6478 87 0 104 61.
6599 59 0 101 57.
6602 59 0 103 61.
6722 69 0 96 71.
6724 29 0 81 57.
6842 71 0 109 64.
6847 59 0 95 52.
6965 69 0 88 57.
6966 79 0 71 62.
6970 51 0 100 65.
7083 95 0 111 64.
7085 59 0 92 56.
7164 38 0 96 71.
7202 86 0 117 69.
7204 85 0 107 64.
7286 38 0 96 71.
7322 76 0 106 73.
7324 59 0 98 57.
7325 59 0 102 69.
7454 62 0 126 75.
7457 59 0 103 57.
7573 79 0 109 68.
7578 57 0 111 56.
7645 44 0 115 73.
7690 75 0 99 61.
7800 98 0 96 68.
7806 61 0 102 56.
7922 84 0 117 73.
7924 59 0 120 49.
7999 41 0 104 75.
8045 112 0 116 77.
8046 59 0 116 73.
8160 89 0 117 78.
8164 59 0 118 61.
8280 109 0 115 73.
8280 98 0 109 68.
8280 201 0 99 61.
8361 35 0 109 66.
8407 64 0 101 65.
8407 45 0 65 71.
8530 43 0 109 81.
8532 29 0 91 71.
8646 116 0 127 78.
8758 14 0 81 69.
8758 36 0 91 61.
8895 56 0 124 66.
8895 41 0 86 60.
9014 89 0 115 61.
9014 72 0 108 56.
9138 89 0 75 49.
9139 89 0 86 59.
9249 56 0 87 49.
9249 56 0 89 61.
9249 59 0 95 53.
9322 36 0 107 68.
9360 98 0 116 66.
9360 89 0 91 42.
9480 68 0 64 57.
9484 82 0 85 54.
9595 72 0 106 71.
9595 59 0 94 53.
9669 47 0 103 69.
9720 98 0 121 68.
9720 62 0 94 59.
9840 89 0 85 57.
9840 119 0 98 71.
9960 89 0 94 56.
9960 89 0 117 64.
10080 89 0 107 45.
10080 85 0 116 69.
10209 39 0 110 69.
10209 44 0 97 64.
10323 79 0 122 75.
10325 56 0 118 67.
10442 85 0 108 68.
10444 89 0 112 63.
10518 27 0 110 73.
10555 89 0 109 66.
10557 89 0 109 75.
10557 89 0 103 69.
10676 89 0 127 68.
10678 89 0 112 56.
10746 59 0 100 75.
10797 85 0 119 73.
10799 85 0 112 71.
10878 59 0 107 75.
10919 89 0 108 68.
10921 89 0 111 73.
11036 89 0 99 73.
11040 89 0 115 69.
11157 59 0 122 77.
11159 59 0 112 71.
11159 59 0 116 68.
11243 29 0 112 71.
11243 29 0 116 74.
11280 89 0 104 71.
11280 89 0 111 61.
11409 59 0 126 61.
11409 91 0 126 73.
11473 29 0 125 81.
11534 209 0 119 78.
11655 59 0 103 73.
11655 59 0 103 69.
11655 79 0 103 61.
11883 33 0 86 47.
12014 48 0 99 54.
12019 38 0 75 62.
12079 25 0 117 77.
12119 66 0 108 78.
12123 37 0 95 62.
12242 30 0 103 42.
12255 37 0 106 74.
12361 9 0 100 54.
12471 44 0 108 54.
12595 48 0 106 50.
12631 44 0 99 78.
12714 22 0 75 62.
12716 23 0 86 57.
12837 20 0 91 62.
12839 36 0 79 57.
12967 32 0 102 45.
13073 66 0 89 61.
13075 99 0 101 69.
13192 35 0 92 61.
13195 64 0 84 52.
13306 12 0 105 78.
13322 32 0 100 47.
13337 70 0 99 78.
13401 32 0 107 77.
13433 29 0 89 54.
13434 23 0 83 62.
13435 29 0 88 59.
13555 32 0 79 62.
13559 127 0 104 74.
13682 34 0 91 52.
13796 14 0 79 64.
13923 8 0 96 64.
13925 26 0 79 61.
14006 29 0 118 69.
14047 8 0 103 78.
14056 24 0 101 40.
14068 23 0 100 80.
14165 119 0 109 78.
14172 9 0 91 52.
14280 38 0 83 56.
14284 118 0 102 74.
14285 21 0 70 62.
14402 118 0 106 73.
14403 29 0 99 45.
14520 59 0 72 52.
14520 59 0 81 57.
14641 52 0 96 61.
14760 11 0 100 78.
14785 26 0 88 80.
14795 68 0 119 78.
14886 23 0 91 59.
14886 23 0 82 54.
14995 37 0 85 59.
15231 13 0 87 57.
15347 36 0 87 54.
15480 11 0 99 78.
15515 48 0 106 78.
15578 37 0 117 77.
15606 16 0 91 57.
15608 14 0 87 54.
15720 22 0 86 62.
15724 25 0 90 57.
15830 31 0 95 45.
15952 14 0 84 57.
15953 10 0 85 52.
16069 41 0 87 61.
16073 46 0 83 52.

