193 65 0 114 64.
376 17 0 121 76.
452 57 0 122 76.
503 25 0 107 52.
613 33 0 111 52.
619 20 0 127 75.
642 23 0 111 76.
690 38 0 127 75.
726 36 0 121 76.
732 34 0 116 45.
816 45 0 114 76.
854 8 0 103 60.
963 124 0 104 72.
966 12 0 91 60.
1079 61 0 116 71.
1156 39 0 104 71.
1198 119 0 116 66.
1207 13 0 83 62.
1314 25 0 108 68.
1356 16 0 108 68.
1394 33 0 115 68.
1424 22 0 108 45.
1505 40 0 116 64.
1536 7 0 108 52.
1610 42 0 127 64.
1644 9 0 118 52.
1765 33 0 127 76.
1890 101 0 116 72.
1892 7 0 109 52.
2004 57 0 117 59.
2050 13 0 108 75.
2064 25 0 120 74.
2084 47 0 124 75.
2123 16 0 114 45.
2236 7 0 103 52.
2238 8 0 85 60.
2365 17 0 93 52.
2367 11 0 91 60.
2490 38 0 104 71.
2493 17 0 103 45.
2569 43 0 109 71.
2609 9 0 106 62.
2725 21 0 127 68.
2731 10 0 101 62.
2766 10 0 106 68.
2804 41 0 120 68.
2842 16 0 107 45.
2963 89 0 99 52.
3050 49 0 108 64.
3164 54 0 102 72.
3221 19 0 107 76.
3311 43 0 111 76.
3350 29 0 110 60.
3462 22 0 127 75.
3463 7 0 109 59.
3489 25 0 108 76.
3542 50 0 122 75.
3588 27 0 97 45.
3593 23 0 111 76.
3674 40 0 100 76.
3714 10 0 89 52.
3717 8 0 89 60.
3834 118 0 91 72.
3839 24 0 80 52.
3952 62 0 100 71.
3960 26 0 90 45.
4038 27 0 102 71.
4076 71 0 114 66.
4082 9 0 91 62.
4191 25 0 109 52.
4196 20 0 82 62.
4214 14 0 116 69.
4244 19 0 110 69.
4265 29 0 107 66.
4399 39 0 122 64.
4434 8 0 111 52.
4510 48 0 127 64.
4545 15 0 123 52.
4674 12 0 127 45.
4796 102 0 111 72.
4916 7 0 96 59.
4994 42 0 124 75.
5031 25 0 122 76.
5121 32 0 98 76.
5156 114 0 102 69.
5163 10 0 92 60.
5275 11 0 93 52.
5399 16 0 90 45.
5474 33 0 98 71.
5515 85 0 106 66.
5520 10 0 82 62.
5626 8 0 111 62.
5666 29 0 120 68.
5685 22 0 115 66.
5753 143 0 91 57.
5818 17 0 105 81.
5945 58 0 118 67.
6113 15 0 122 48.
6186 49 0 119 79.
6235 5 0 111 64.
6237 123 0 119 76.
6352 54 0 116 55.
6354 49 0 119 63.
6376 29 0 116 79.
6399 19 0 126 78.
6440 46 0 116 78.
6478 20 0 110 48.
6593 19 0 100 64.
6717 31 0 127 63.
6720 22 0 126 78.
6741 25 0 120 79.
6763 15 0 116 78.
6802 48 0 112 78.
6843 25 0 123 79.
6927 61 0 111 79.
6970 18 0 101 55.
7080 55 0 127 74.
7153 25 0 94 72.
7321 52 0 103 64.
7444 47 0 92 62.
7445 56 0 105 56.
7561 25 0 100 64.
7588 16 0 103 76.
7664 38 0 97 76.
7699 27 0 98 72.
7810 14 0 108 75.
7850 11 0 113 75.
7885 34 0 114 75.
7926 34 0 75 45.
8004 38 0 108 76.
8048 7 0 78 52.
8155 116 0 98 72.
8159 15 0 84 52.
8271 54 0 104 71.
8280 27 0 88 45.
8385 10 0 101 62.
8502 12 0 106 62.
8542 17 0 117 68.
8585 29 0 111 68.
8615 14 0 117 45.
8696 48 0 127 64.
8734 7 0 123 60.
8814 48 0 127 64.
8845 12 0 127 52.
8849 81 0 127 69.
8919 62 0 127 72.
8972 42 0 127 76.
9085 7 0 114 52.
9089 87 0 127 72.
9202 16 0 112 59.
9251 12 0 78 75.
9263 28 0 122 74.
9283 35 0 119 75.
9317 33 0 121 76.
9408 44 0 116 76.
9447 122 0 114 69.
9573 8 0 97 60.
9700 28 0 96 45.
9782 41 0 88 71.
9828 7 0 83 52.
9830 8 0 83 62.
9944 12 0 91 62.
10019 48 0 102 68.
10064 8 0 102 45.
10196 88 0 87 60.
10450 39 0 126 73.
10453 15 0 111 52.
10525 47 0 126 73.
10566 123 0 125 64.
10682 25 0 111 61.
10683 14 0 100 52.
10806 63 0 127 61.
10806 53 0 109 52.
10889 15 0 107 61.
10924 122 0 127 64.
10925 36 0 111 45.
11040 35 0 113 69.
11044 29 0 104 45.
11161 81 0 127 73.
11171 69 0 127 64.
11239 14 0 127 72.
11243 24 0 127 60.
11284 164 0 127 62.
11285 125 0 127 66.
11456 10 0 126 76.
11457 12 0 126 73.
11505 29 0 110 72.
11526 29 0 110 78.
11544 59 0 111 76.
11544 59 0 110 61.
11620 21 0 111 72.
11620 21 0 111 60.
11650 146 0 111 74.
11650 142 0 111 62.
11827 9 0 110 73.
11831 7 0 110 76.
11900 39 0 100 73.
11900 51 0 100 61.
12004 8 0 102 45.
12012 41 0 103 61.
12132 63 0 106 69.
12136 10 0 99 45.
12253 23 0 93 45.
12255 21 0 93 52.
12263 24 0 93 64.
12371 27 0 107 45.
12378 59 0 108 52.
12484 22 0 100 69.
12491 14 0 102 52.
12600 56 0 127 73.
12602 172 0 127 44.
12672 17 0 119 72.
12713 15 0 125 63.
12849 44 0 119 49.
12900 8 0 117 73.
12907 10 0 116 64.
12974 54 0 102 73.
12975 9 0 102 64.
13049 24 0 99 72.
13051 10 0 99 56.
13094 122 0 97 66.
13100 118 0 97 75.
13220 34 0 96 73.
13226 30 0 96 64.
13340 59 0 96 74.
13340 89 0 69 59.
13477 59 0 99 71.
13478 44 0 97 52.
13592 59 0 79 68.
13592 59 0 81 59.
13714 29 0 56 52.
13714 48 0 85 61.
13823 44 0 69 45.
13824 74 0 87 57.
13827 117 0 106 64.
13942 29 0 93 45.
13942 40 0 97 69.
13946 34 0 96 52.
14050 36 0 81 54.
14050 80 0 96 66.
14052 25 0 92 63.
14128 13 0 86 63.
14180 33 0 87 56.
14181 16 0 100 62.
14300 30 0 90 71.
14304 17 0 78 62.
14432 59 0 73 61.
14432 132 0 74 57.
14544 59 0 93 45.
14545 111 0 102 64.
14655 59 0 110 69.
14656 59 0 101 52.
14775 40 0 121 74.
14775 84 0 83 62.
14775 59 0 110 45.
14888 49 0 112 71.
14889 40 0 111 62.
14890 59 0 93 45.
15007 47 0 98 68.
15007 39 0 89 52.

