240 128 0 93 67.
365 168 0 100 76.
482 9 0 74 55.
595 66 0 102 77.
707 239 0 92 48.
768 54 0 103 73.
820 114 0 103 76.
820 17 0 87 54.
936 29 0 69 62.
939 38 0 77 54.
1061 170 0 106 74.
1188 18 0 69 62.
1188 29 0 68 53.
1295 63 0 105 76.
1297 14 0 86 62.
1297 11 0 68 59.
1349 36 0 112 74.
1416 269 0 90 48.
1434 24 0 91 74.
1457 31 0 95 72.
1543 127 0 105 74.
1546 15 0 74 55.
1674 43 0 93 72.
1674 16 0 76 55.
1800 59 0 83 42.
1926 11 0 81 57.
1979 61 0 109 68.
2090 53 0 120 69.
2145 61 0 108 67.
2227 35 0 108 72.
2266 24 0 90 55.
2392 25 0 86 60.
2396 14 0 76 55.
2519 59 0 101 43.
2599 27 0 95 76.
2632 10 0 89 59.
2636 7 0 86 53.
2739 66 0 123 76.
2742 11 0 101 53.
2791 72 0 127 77.
2859 267 0 115 81.
2987 149 0 91 54.
3134 59 0 76 64.
3248 149 0 101 76.
3253 119 0 92 67.
3363 9 0 98 55.
3409 59 0 113 66.
3466 59 0 113 77.
3473 10 0 105 55.
3527 59 0 99 76.
3588 59 0 100 66.
3608 29 0 99 76.
3630 29 0 97 74.
3640 55 0 107 73.
3708 127 0 103 76.
3709 11 0 83 54.
3714 89 0 82 67.
3831 59 0 76 66.
3838 28 0 83 54.
3842 15 0 76 57.
3959 149 0 98 65.
4076 15 0 92 62.
4076 16 0 89 56.
4130 59 0 112 64.
4190 59 0 106 76.
4193 59 0 83 67.
4194 24 0 92 56.
4244 59 0 108 65.
4312 59 0 104 64.
4332 29 0 96 74.
4368 59 0 115 63.
4431 119 0 109 65.
4437 8 0 88 60.
4550 59 0 99 72.
4552 59 0 80 64.
4560 18 0 70 55.
4677 105 0 76 65.
4694 29 0 97 71.
4720 119 0 101 69.
4790 118 0 96 57.
4795 110 0 101 53.
4843 59 0 105 68.
4901 59 0 105 67.
4953 63 0 113 69.
5017 59 0 111 64.
5092 29 0 103 64.
5136 240 0 115 76.
5136 18 0 92 60.
5266 10 0 90 60.
5389 59 0 111 43.
5435 10 0 105 74.
5460 10 0 91 76.
5475 33 0 102 74.
5501 65 0 122 73.
5502 9 0 89 55.
5507 59 0 112 64.
5563 59 0 88 65.
5633 59 0 103 77.
5635 28 0 84 59.
5723 37 0 95 76.
5781 84 0 103 74.
5781 89 0 99 65.
5875 59 0 97 76.
5934 161 0 65 60.
5934 150 0 92 72.
5934 179 0 80 48.
6099 119 0 93 67.
6249 239 0 77 48.
6369 12 0 81 55.
6372 10 0 65 64.
6479 51 0 109 77.
6485 13 0 66 55.
6531 62 0 107 76.
6594 54 0 99 74.
6710 114 0 97 76.
6712 13 0 82 57.
6831 15 0 62 62.
6831 24 0 67 54.
6958 151 0 109 74.
7074 22 0 78 62.
7077 11 0 81 53.
7187 65 0 114 76.
7189 21 0 88 56.
7189 10 0 80 59.
7305 29 0 84 72.
7321 26 0 92 74.
7340 34 0 95 72.
7374 53 0 104 71.
7432 8 0 67 60.
7432 12 0 86 52.
7547 28 0 94 72.
7551 21 0 77 60.
7551 40 0 84 52.
7679 23 0 82 42.
7800 21 0 75 50.
7857 49 0 114 68.
7907 51 0 102 71.
7963 49 0 111 69.
8018 20 0 95 43.
8099 28 0 109 72.
8135 260 0 121 76.
8140 14 0 91 52.
8272 20 0 75 60.
8273 27 0 78 55.
8390 24 0 90 43.
8490 32 0 112 74.
8506 10 0 81 55.
8506 29 0 82 59.
8616 64 0 121 76.
8617 13 0 80 59.
8667 74 0 127 77.
8736 257 0 118 81.
8742 269 0 104 48.
8866 119 0 101 54.
9000 34 0 92 79.
9007 65 0 92 55.
9136 119 0 103 76.
9141 239 0 83 48.
9242 12 0 88 55.
9293 59 0 106 66.
9350 59 0 107 77.
9354 9 0 100 55.
9357 7 0 101 64.
9405 59 0 104 67.
9472 29 0 110 74.
9487 29 0 100 76.
9527 59 0 110 64.
9583 116 0 112 76.
9585 9 0 97 57.
9588 89 0 104 67.
9701 59 0 94 66.
9705 10 0 88 57.
9826 239 0 79 48.
9943 14 0 79 59.
9945 12 0 73 56.
9999 59 0 108 73.
10055 59 0 108 76.
10060 10 0 74 53.
10108 59 0 109 65.
10176 29 0 109 72.
10191 29 0 100 74.
10214 29 0 100 72.
10233 59 0 115 63.
10291 10 0 76 52.
10291 119 0 109 65.
10294 10 0 78 55.
10407 59 0 93 72.
10411 15 0 75 60.
10416 11 0 83 55.
10540 149 0 70 65.
10658 12 0 86 57.
10715 59 0 104 64.
10770 59 0 100 71.
10776 59 0 89 67.
10821 59 0 80 65.
10892 59 0 96 67.
10973 59 0 108 72.
11020 173 0 112 67.
11020 10 0 98 60.
11145 23 0 102 52.
11269 18 0 109 43.
11315 59 0 89 65.
11377 10 0 95 50.
11378 9 0 95 55.
11378 59 0 107 64.
11434 59 0 114 74.
11505 13 0 94 50.
11508 11 0 91 59.
11597 59 0 96 67.
11655 89 0 94 65.
11657 149 0 86 36.
11756 74 0 89 76.
11841 195 0 74 64.
11850 196 0 66 48.
12239 629 0 127 62.
12429 38 0 99 69.
12429 43 0 87 60.
12480 29 0 88 67.
12483 33 0 71 59.
12542 59 0 99 57.
12542 29 0 82 72.
12598 53 0 85 59.
12651 59 0 96 72.
12652 42 0 80 57.
12711 59 0 87 55.
12713 59 0 87 71.
12826 43 0 99 70.
12827 31 0 89 67.
12932 28 0 120 38.
12957 546 0 127 50.
13150 59 0 96 69.
13153 59 0 91 60.
13205 59 0 83 59.
13207 59 0 94 67.
13263 59 0 74 72.
13327 59 0 84 71.
13329 59 0 89 67.
13377 59 0 100 69.
13381 59 0 87 57.
13450 239 0 79 64.
13582 108 0 101 61.
13700 18 0 122 38.
13713 569 0 126 62.
13894 59 0 95 69.

