960 480 0 54 76.
1440 360 0 55 77.
1800 120 0 53 76.
1920 480 0 53 74.
2400 480 0 57 77.
2880 960 0 56 77.
3840 480 0 51 76.
4320 80 0 50 74.
4400 80 0 51 76.
4480 80 0 52 74.
4560 240 0 53 73.
4800 240 0 56 74.
5040 240 0 53 75.
5280 240 0 56 76.
5520 240 0 50 71.
5760 960 0 55 74.
6720 480 0 54 72.
7200 160 0 62 69.
7360 160 0 57 71.
7520 160 0 57 69.
7680 240 0 63 68.
8160 240 0 67 69.
8640 240 0 70 71.
9120 960 0 72 76.
10080 240 0 76 71.
10320 240 0 73 67.
10560 240 0 76 64.
10800 240 0 71 71.
11040 480 0 73 63.
11520 960 0 76 64.
12480 480 0 54 76.
12960 360 0 55 77.
13320 120 0 53 76.
13440 480 0 53 74.
13920 480 0 57 77.
14400 960 0 56 77.
15360 480 0 51 76.
15840 80 0 50 74.
15920 80 0 51 76.
16000 80 0 52 74.
16080 240 0 53 73.
16320 240 0 56 74.
16560 240 0 53 75.
16800 240 0 56 76.
17040 120 0 50 71.
17160 120 0 50 71.
17280 960 0 55 74.
18240 480 0 54 72.
18720 160 0 55 69.
18880 160 0 51 70.
19040 160 0 51 69.
19200 480 0 56 67.
19680 480 0 60 69.
20160 480 0 63 70.
20640 480 0 64 74.
21600 360 0 57 69.
21960 120 0 52 68.
22080 480 0 48 62.
22560 480 0 54 68.
23040 480 0 46 60.
24000 480 0 54 76.
24480 360 0 55 77.
24840 120 0 53 76.
24960 480 0 53 74.
25440 480 0 57 77.
25920 960 0 56 77.
26880 480 0 51 76.
27360 80 0 50 74.
27440 80 0 51 76.
27520 80 0 52 74.
27600 240 0 53 73.
27840 240 0 56 74.
28080 240 0 53 75.
28320 240 0 56 76.
28560 240 0 50 71.
28800 960 0 55 74.
29760 480 0 54 72.
30240 160 0 62 69.
30400 160 0 57 71.
30560 160 0 57 69.
30720 240 0 63 68.
31200 240 0 67 69.
31680 240 0 70 71.
32160 960 0 72 76.
33120 240 0 76 71.
33360 240 0 73 67.
33600 240 0 76 64.
33840 240 0 71 71.
34080 480 0 73 63.
34560 960 0 76 64.
35520 480 0 54 76.
36000 360 0 55 77.
36360 120 0 53 76.
36480 480 0 53 74.
36960 480 0 57 77.
37440 960 0 56 77.
38400 480 0 51 76.
38880 80 0 50 74.
38960 80 0 51 76.
39040 80 0 52 74.
39120 240 0 53 73.
39360 240 0 56 74.
39600 240 0 53 75.
39840 240 0 56 76.
40080 120 0 50 71.
40200 120 0 50 71.
40320 960 0 55 74.
41280 480 0 54 72.
41760 160 0 55 69.
41920 160 0 51 70.
42080 160 0 51 69.
42240 480 0 56 67.
42720 480 0 60 69.
43200 480 0 63 70.
43680 480 0 64 74.
44640 360 0 57 69.
45000 120 0 52 68.
45120 480 0 48 62.
45600 480 0 54 68.
46080 480 0 46 60.
47040 480 0 51 71.
47520 240 0 52 72.
47760 240 0 53 74.
48000 480 0 55 75.
48480 360 0 60 75.
48840 120 0 55 77.
48960 960 0 62 75.
49920 480 0 54 74.
50400 240 0 52 72.
50640 240 0 53 74.
50880 480 0 55 75.
51360 360 0 60 75.
51720 120 0 55 77.
51840 960 0 62 75.
52800 480 0 54 74.
53280 960 0 69 82.
54240 480 0 54 73.
54720 960 0 68 81.
55680 480 0 54 72.
56160 960 0 68 80.
57120 480 0 54 71.
57600 720 0 67 79.
58320 240 0 54 70.
58560 240 0 54 69.
58800 240 0 54 76.
59040 240 0 55 77.
59280 240 0 53 76.
59520 480 0 53 74.
60000 480 0 57 77.
60480 960 0 56 77.
61440 480 0 51 76.
61920 80 0 50 74.
62000 80 0 51 76.
62080 80 0 52 74.
62160 240 0 53 73.
62400 240 0 56 74.
62640 240 0 53 75.
62880 240 0 56 76.
63120 240 0 50 71.
63360 960 0 55 74.
64320 480 0 54 72.
64800 160 0 55 69.
64960 160 0 51 70.
65120 160 0 51 69.
65280 480 0 56 67.
65760 480 0 60 69.
66240 480 0 63 70.
66720 480 0 64 74.
67680 360 0 57 69.
68040 120 0 52 68.
68160 480 0 48 62.
68640 480 0 54 68.
69120 480 0 46 60.
70080 480 0 51 71.
70560 240 0 52 72.
70800 240 0 53 74.
71040 480 0 55 75.
71520 360 0 60 75.
71880 120 0 55 77.
72000 960 0 62 75.
72960 480 0 54 74.
73440 240 0 52 72.
73680 240 0 53 74.
73920 480 0 55 75.
74400 360 0 60 75.
74760 120 0 55 77.
74880 960 0 62 75.
75840 480 0 54 74.
76320 960 0 68 82.
77280 480 0 54 73.
77760 960 0 68 81.
78720 480 0 54 72.
79200 960 0 68 80.
80160 480 0 54 71.
80640 720 0 68 79.
81360 240 0 54 70.
81600 240 0 54 69.
81840 240 0 54 76.
82080 240 0 55 77.
82320 240 0 53 76.
82560 480 0 53 74.
83040 480 0 57 77.
83520 960 0 56 77.
84480 480 0 51 76.
84960 80 0 50 74.
85040 80 0 51 76.
85120 80 0 52 74.
85200 240 0 53 73.
85440 240 0 56 74.
85680 240 0 53 75.
85920 240 0 56 76.
86160 240 0 50 71.
86400 960 0 55 74.
87360 480 0 54 72.
87840 160 0 55 69.
88000 160 0 51 70.
88160 160 0 51 69.
88320 480 0 56 67.
88800 480 0 60 69.
89280 480 0 63 70.
89760 480 0 64 74.
90720 360 0 57 69.
91080 120 0 52 68.
91200 480 0 48 62.
91680 480 0 54 68.
92160 960 0 55 69.
92640 480 0 36 64.
93120 480 0 31 61.
93600 480 0 50 67.
94080 480 0 51 66.
94560 480 0 49 65.
95040 480 0 50 62.
95520 720 0 50 61.
96240 240 0 50 68.
96480 480 0 51 67.
96960 360 0 53 66.
97440 480 0 50 65.
97920 480 0 51 62.
98400 720 0 58 61.
99120 240 0 50 68.
99360 60 0 49 67.
99520 60 0 50 67.
99680 60 0 52 67.
99840 240 0 56 66.
100320 480 0 49 65.
100800 60 0 51 62.
100960 60 0 48 62.
101120 60 0 48 62.
101280 720 0 50 61.
102000 240 0 50 68.
102240 60 0 48 67.
102400 60 0 50 67.
102560 60 0 53 67.
102720 240 0 57 66.
103200 480 0 50 65.
103680 60 0 51 62.
103840 60 0 51 62.
104000 60 0 51 62.
104160 960 0 57 61.
105120 240 0 80 73.
105480 120 0 75 73.
105600 360 0 79 74.
106080 360 0 72 71.
106560 160 0 65 69.
106720 160 0 60 68.
106880 160 0 72 69.
107040 360 0 66 71.
107520 360 0 61 68.
108000 240 0 80 73.
108360 120 0 75 73.
108480 360 0 79 74.
108960 360 0 72 71.
109440 160 0 65 69.
109600 160 0 60 68.
109760 160 0 72 69.
109920 480 0 75 78.
110400 480 0 70 78.
110880 240 0 80 73.
111240 120 0 75 73.
111360 360 0 79 74.
111840 360 0 72 71.
112320 160 0 65 69.
112480 160 0 60 68.
112640 160 0 72 69.
112800 360 0 66 71.
113280 360 0 61 68.
113760 480 0 57 69.
114240 960 0 62 68.
115200 480 0 57 69.
115680 960 0 62 68.
116640 480 0 50 67.
117120 480 0 51 66.
117600 480 0 49 65.
118080 480 0 50 62.
118560 720 0 50 61.
119280 240 0 50 68.
119520 480 0 51 67.
120000 480 0 53 66.
120480 480 0 50 65.
120960 480 0 51 62.
121440 720 0 58 61.
122160 240 0 50 68.
122400 60 0 49 67.
122560 60 0 50 67.
122720 60 0 52 67.
122880 240 0 56 66.
123360 480 0 49 65.
123840 60 0 51 62.
124000 60 0 48 62.
124160 60 0 48 62.
124320 720 0 50 61.
125040 240 0 50 68.
1920 480 0 32 65.
1920 480 0 27 57.
2400 480 0 32 65.
2400 480 0 27 57.
3360 480 0 30 65.
3360 480 0 25 57.
3840 480 0 30 64.
3840 480 0 25 57.
4800 480 0 34 62.
4800 480 0 28 56.
5280 480 0 30 62.
5280 480 0 25 52.
6240 480 0 36 45.
6720 480 0 27 52.
7680 480 0 39 52.
8160 480 0 48 45.
9120 480 0 41 52.
9120 480 0 41 55.
10560 480 0 45 47.
10560 480 0 54 59.
11040 480 0 41 54.
11520 480 0 45 52.
11520 480 0 54 59.
13440 480 0 27 62.
13920 480 0 27 62.
14880 480 0 25 60.
15360 480 0 25 60.
16320 480 0 28 52.
16800 480 0 25 56.
17760 480 0 25 57.
18240 480 0 31 60.
19200 480 0 35 60.
19200 480 0 41 63.
19680 480 0 35 53.
19680 480 0 41 63.
20160 960 0 40 58.
22080 480 0 35 52.
22560 480 0 31 52.
23040 480 0 35 45.
23520 480 0 36 33.
24960 480 0 27 62.
25440 480 0 27 62.
26400 480 0 25 60.
26880 480 0 25 60.
27840 480 0 28 52.
28320 480 0 25 56.
29760 480 0 27 52.
30720 480 0 39 52.
31200 480 0 48 45.
32160 480 0 41 52.
32160 480 0 41 55.
33600 480 0 45 47.
33600 480 0 54 59.
34080 480 0 41 54.
34560 480 0 45 52.
34560 480 0 54 59.
36480 480 0 27 62.
36960 480 0 27 62.
37920 480 0 25 60.
38400 480 0 25 60.
39360 480 0 28 52.
39840 480 0 25 56.
40800 480 0 25 57.
41280 480 0 31 60.
42240 480 0 35 60.
42240 480 0 41 63.
42720 480 0 35 53.
42720 480 0 41 63.
43200 960 0 40 58.
45120 480 0 35 52.
45600 480 0 31 52.
46080 480 0 35 45.
46560 480 0 36 33.
48000 480 0 27 60.
48480 480 0 27 60.
49440 480 0 33 66.
49440 480 0 27 55.
49920 480 0 33 67.
49920 480 0 27 55.
50880 480 0 35 66.
50880 480 0 29 56.
51360 480 0 29 60.
52320 480 0 37 65.
52320 480 0 31 56.
52800 480 0 37 65.
52800 480 0 31 56.
53760 480 0 46 65.
53760 480 0 37 55.
54240 480 0 42 64.
54240 480 0 35 55.
55200 480 0 41 64.
55200 480 0 33 55.
55680 480 0 37 63.
55680 480 0 31 54.
56640 480 0 36 63.
56640 480 0 29 53.
57120 480 0 33 62.
57120 480 0 27 53.
58080 480 0 36 62.
58080 480 0 29 52.
58560 480 0 33 61.
58560 480 0 27 52.
59040 480 0 27 50.
59040 480 0 33 62.
59520 480 0 32 65.
59520 480 0 27 57.
60000 480 0 32 65.
60000 480 0 27 57.
60960 480 0 30 65.
60960 480 0 25 57.
61440 480 0 30 64.
61440 480 0 25 57.
62400 480 0 34 62.
62400 480 0 28 56.
62880 480 0 30 62.
62880 480 0 25 52.
63840 480 0 25 53.
63840 480 0 34 62.
64320 480 0 31 60.
65280 480 0 35 60.
65280 480 0 41 63.
65760 480 0 35 53.
65760 480 0 41 63.
66240 960 0 40 58.
68160 480 0 35 52.
68640 480 0 31 52.
69120 480 0 35 45.
69600 480 0 36 33.
71040 480 0 27 60.
71520 480 0 27 60.
72480 480 0 33 66.
72480 480 0 27 55.
72960 480 0 33 67.
72960 480 0 27 55.
73920 480 0 35 66.
73920 480 0 29 56.
74400 480 0 29 60.
75360 480 0 37 65.
75360 480 0 31 56.
75840 480 0 37 65.
75840 480 0 31 56.
76800 480 0 46 65.
76800 480 0 37 55.
77280 480 0 42 64.
77280 480 0 35 55.
78240 480 0 41 64.
78240 480 0 33 55.
78720 480 0 37 63.
78720 480 0 31 54.
79680 480 0 36 63.
79680 480 0 29 53.
80160 480 0 33 62.
80160 480 0 27 53.
81120 480 0 36 62.
81120 480 0 29 52.
81600 480 0 33 61.
81600 480 0 27 52.
82080 480 0 27 50.
82080 480 0 33 62.
82560 480 0 32 65.
82560 480 0 27 57.
83040 480 0 32 65.
83040 480 0 27 57.
84000 480 0 30 65.
84000 480 0 25 57.
84480 480 0 30 64.
84480 480 0 25 57.
85440 480 0 34 62.
85440 480 0 28 56.
85920 480 0 30 62.
85920 480 0 25 52.
86880 480 0 25 53.
86880 480 0 34 62.
87360 480 0 31 60.
88320 480 0 35 60.
88320 480 0 41 63.
88800 480 0 35 53.
88800 480 0 41 63.
89280 960 0 40 58.
91200 480 0 35 52.
91680 480 0 31 52.
92640 480 0 23 45.
93120 960 0 24 45.
94080 480 0 40 50.
94560 480 0 40 38.
95040 480 0 47 40.
95520 480 0 39 45.
96000 480 0 44 52.
96480 480 0 49 57.
96960 480 0 46 50.
97440 480 0 40 38.
97920 480 0 46 40.
98400 480 0 40 45.
98880 480 0 46 52.
99360 480 0 49 57.
99840 480 0 40 50.
100320 480 0 40 38.
100800 480 0 47 40.
101280 480 0 39 45.
101760 480 0 44 52.
102240 480 0 49 57.
102720 480 0 46 50.
103200 480 0 40 38.
103680 480 0 46 40.
104160 480 0 40 45.
104640 480 0 46 57.

