0 240 0 70 65.
360 120 0 66 65.
480 480 0 70 67.
960 480 0 70 69.
1440 240 0 71 70.
1800 120 0 66 72.
1920 480 0 70 74.
2400 240 0 75 75.
2640 240 0 79 77.
2880 120 0 83 79.
3240 120 0 75 81.
3360 60 0 76 82.
3420 60 0 67 84.
3480 60 0 73 82.
3540 60 0 66 84.
3600 60 0 70 82.
3660 60 0 64 84.
3720 60 0 70 82.
3780 60 0 64 84.
3840 240 0 70 81.
4080 180 0 56 79.
4260 60 0 50 77.
4320 120 0 58 82.
4680 120 0 53 82.
4800 900 0 48 74.
5700 60 0 49 75.
5760 120 0 56 79.
6120 120 0 50 79.
6240 900 0 48 69.
7140 60 0 49 70.
7200 120 0 54 74.
7560 120 0 51 74.
7680 960 0 48 64.
8640 120 0 55 65.
9000 120 0 58 69.
9120 240 0 59 72.
9360 240 0 60 75.
9600 360 0 67 79.
9960 60 0 63 77.
10020 60 0 55 77.
10080 120 0 75 86.
10440 120 0 64 84.
10560 60 0 55 82.
10620 60 0 54 84.
10680 120 0 60 82.
10800 240 0 58 79.
11040 480 0 55 77.
11520 120 0 56 82.
11880 120 0 50 82.
12000 840 0 48 69.
12840 60 0 47 70.
12900 60 0 45 74.
12960 120 0 54 77.
13320 120 0 51 77.
13440 960 0 48 64.
14400 120 0 55 65.
14760 120 0 58 69.
14880 240 0 59 72.
15120 240 0 60 75.
15360 60 0 56 74.
15420 60 0 56 75.
15480 120 0 61 74.
15600 240 0 56 72.
15840 120 0 64 74.
16200 120 0 57 65.
16320 480 0 59 70.
16800 240 0 64 69.
17040 240 0 61 67.
17280 240 0 70 65.
17640 120 0 66 65.
17760 480 0 70 67.
18240 480 0 70 69.
18720 240 0 71 70.
19080 120 0 66 72.
19200 480 0 70 74.
19680 240 0 75 75.
19920 240 0 79 77.
20160 120 0 83 79.
20520 120 0 75 81.
20640 60 0 76 82.
20700 60 0 67 84.
20760 60 0 73 82.
20820 60 0 66 84.
20880 60 0 70 82.
20940 60 0 64 84.
21000 60 0 70 82.
21060 60 0 64 84.
21120 240 0 70 81.
21360 180 0 56 79.
21540 60 0 50 77.
21600 120 0 58 82.
21960 120 0 53 82.
22080 900 0 48 74.
22980 60 0 49 75.
23040 120 0 56 79.
23400 120 0 50 79.
23520 900 0 48 69.
24420 60 0 49 70.
24480 120 0 54 74.
24840 120 0 51 74.
24960 960 0 48 64.
25920 120 0 55 65.
26280 120 0 58 69.
26400 240 0 59 72.
26640 240 0 60 75.
26880 360 0 67 79.
27240 60 0 63 77.
27300 60 0 49 77.
27360 120 0 67 86.
27720 120 0 61 84.
27840 60 0 50 82.
27900 60 0 49 84.
27960 120 0 57 82.
28080 240 0 52 79.
28320 480 0 49 77.
28800 120 0 56 82.
29160 120 0 50 82.
29280 840 0 48 69.
30120 60 0 47 70.
30180 60 0 45 74.
30240 120 0 54 77.
30600 120 0 51 77.
30720 960 0 48 64.
31680 120 0 55 65.
32040 120 0 58 69.
32160 240 0 59 72.
32400 240 0 60 75.
32640 60 0 56 74.
32700 60 0 56 75.
32760 120 0 61 74.
32880 240 0 56 72.
33120 120 0 64 74.
33480 120 0 57 65.
33600 480 0 59 70.
34080 240 0 48 69.
34320 240 0 48 70.
34560 360 0 50 72.
34920 120 0 47 74.
35040 480 0 50 72.
35520 240 0 53 76.
35760 240 0 56 77.
36000 360 0 59 79.
36360 120 0 57 81.
36480 480 0 61 79.
36960 240 0 57 77.
37200 240 0 53 74.
37440 240 0 61 72.
37680 240 0 56 74.
37920 480 0 61 72.
38400 240 0 55 76.
38760 120 0 59 77.
38880 160 0 64 79.
39040 160 0 61 81.
39200 160 0 61 79.
39360 720 0 58 77.
40080 240 0 55 74.
40320 240 0 56 72.
40560 240 0 53 74.
40800 480 0 56 72.
41280 240 0 53 76.
41520 240 0 56 77.
41760 240 0 59 79.
42000 240 0 57 81.
42240 60 0 55 79.
42300 60 0 51 81.
42360 60 0 57 79.
42420 60 0 54 81.
42480 60 0 61 79.
42540 60 0 53 81.
42600 60 0 56 79.
42660 60 0 54 81.
42720 240 0 57 77.
42960 240 0 53 74.
43200 240 0 61 72.
43440 240 0 56 74.
43680 480 0 61 72.
44160 240 0 55 76.
44400 240 0 59 77.
44640 160 0 64 79.
44800 160 0 61 81.
44960 160 0 61 79.
45120 360 0 66 77.
45480 120 0 62 67.
45600 160 0 68 77.
45760 160 0 62 66.
45920 100 0 69 77.
46020 60 0 66 77.
46080 240 0 70 65.
46440 120 0 66 65.
46560 480 0 70 67.
47040 480 0 70 69.
47520 240 0 71 70.
47880 120 0 66 72.
48000 480 0 70 74.
48480 240 0 75 75.
48720 240 0 79 77.
48960 120 0 83 79.
49320 120 0 75 81.
49440 60 0 76 82.
49500 60 0 67 84.
49560 60 0 73 82.
49620 60 0 66 84.
49680 60 0 70 82.
49740 60 0 64 84.
49800 60 0 70 82.
49860 60 0 64 84.
49920 240 0 70 81.
50160 180 0 56 79.
50340 60 0 56 77.
50400 120 0 65 82.
50760 120 0 59 82.
50880 900 0 54 74.
51780 60 0 55 75.
51840 120 0 63 79.
52200 120 0 56 79.
52320 900 0 54 69.
53220 60 0 55 70.
53280 120 0 61 74.
53640 120 0 57 74.
53760 960 0 54 64.
54720 120 0 55 65.
55080 120 0 58 69.
55200 240 0 59 72.
55440 240 0 60 75.
55680 360 0 67 79.
56040 60 0 63 77.
56100 60 0 55 77.
56160 120 0 75 86.
56520 120 0 68 84.
56640 60 0 56 82.
56700 60 0 55 84.
56760 120 0 64 82.
56880 240 0 58 79.
57120 480 0 55 77.
57600 120 0 56 82.
57960 120 0 50 82.
58080 840 0 48 69.
58920 60 0 47 70.
58980 60 0 45 74.
59040 120 0 54 77.
59400 120 0 51 77.
59520 960 0 48 64.
60480 120 0 55 65.
60840 120 0 58 69.
60960 240 0 59 72.
61200 240 0 60 75.
61440 60 0 56 74.
61500 60 0 56 75.
61560 120 0 61 74.
61680 240 0 56 72.
61920 120 0 64 74.
62280 120 0 57 65.
62400 480 0 59 70.
62880 240 0 48 69.
63120 240 0 48 70.
63360 360 0 50 72.
63720 120 0 47 74.
63840 480 0 50 72.
64320 240 0 53 76.
64560 240 0 56 77.
64800 360 0 59 79.
65160 120 0 57 81.
65280 480 0 61 79.
65760 240 0 57 77.
66000 240 0 53 74.
66240 240 0 61 72.
66480 240 0 56 74.
66720 480 0 61 72.
67200 240 0 55 76.
67560 120 0 59 77.
67680 160 0 64 79.
67840 160 0 61 81.
68000 160 0 61 79.
68160 720 0 58 77.
68880 240 0 55 74.
69120 240 0 56 72.
69360 240 0 53 74.
69600 480 0 56 72.
70080 240 0 53 76.
70320 240 0 56 77.
70560 240 0 59 79.
70800 240 0 57 81.
71040 60 0 55 79.
71100 60 0 51 81.
71160 60 0 57 79.
71220 60 0 54 81.
71280 60 0 61 79.
71340 60 0 53 81.
71400 60 0 56 79.
71460 60 0 54 81.
71520 240 0 57 77.
71760 240 0 53 74.
72000 240 0 61 72.
72240 240 0 56 74.
72480 480 0 61 72.
72960 240 0 55 76.
73200 240 0 59 77.
73440 160 0 64 79.
73600 160 0 61 81.
73760 160 0 61 79.
73920 360 0 66 77.
74280 120 0 62 67.
74400 160 0 68 77.
74560 160 0 62 66.
74720 100 0 69 77.
74820 60 0 66 77.
74880 240 0 70 65.
75240 120 0 66 65.
75360 480 0 70 67.
75840 480 0 70 69.
76320 240 0 71 70.
76680 120 0 66 72.
76800 480 0 70 74.
77280 240 0 75 75.
77520 240 0 79 77.
77760 120 0 83 79.
78120 120 0 75 81.
78240 60 0 76 82.
78300 60 0 67 84.
78360 60 0 73 82.
78420 60 0 66 84.
78480 60 0 70 82.
78540 60 0 64 84.
78600 60 0 70 82.
78660 60 0 64 84.
78720 240 0 70 81.
78960 180 0 56 79.
79140 60 0 56 77.
79200 120 0 65 82.
79560 120 0 59 82.
79680 900 0 54 74.
80580 60 0 55 75.
80640 120 0 63 79.
81000 120 0 56 79.
81120 900 0 54 69.
82020 60 0 55 70.
82080 120 0 61 74.
82440 120 0 57 74.
82560 960 0 54 64.
83520 120 0 55 65.
83880 120 0 58 69.
84000 240 0 59 72.
84240 240 0 60 75.
84480 360 0 67 79.
84840 60 0 63 77.
84900 60 0 49 77.
84960 120 0 67 86.
85320 120 0 61 84.
85440 60 0 50 82.
85500 60 0 49 84.
85560 120 0 57 82.
85680 240 0 52 79.
85920 480 0 49 77.
86400 120 0 56 82.
86760 120 0 50 82.
86880 840 0 48 69.
87720 60 0 47 70.
87780 60 0 45 74.
87840 120 0 54 77.
88200 120 0 51 77.
88320 960 0 48 64.
89280 120 0 55 65.
89640 120 0 58 69.
89760 240 0 59 72.
90000 240 0 60 75.
90240 60 0 56 74.
90300 60 0 56 75.
90360 120 0 61 74.
90480 240 0 56 72.
90720 120 0 64 74.
91080 120 0 57 65.
91200 480 0 59 70.
92160 120 0 50 77.
92520 120 0 40 77.
92640 480 0 45 76.
93120 240 0 40 73.
93360 240 0 40 72.
93600 240 0 47 70.
93960 120 0 40 73.
94080 60 0 40 72.
94140 60 0 40 73.
94200 360 0 44 72.
94560 240 0 40 70.
94920 120 0 45 64.
95040 120 0 50 77.
95400 120 0 40 77.
95520 480 0 45 76.
96000 240 0 40 73.
96240 240 0 40 72.
96480 160 0 49 70.
96640 160 0 44 72.
96800 160 0 43 70.
96960 960 0 47 64.
97920 120 0 50 77.
98280 120 0 40 77.
98400 480 0 45 76.
98880 240 0 40 73.
99120 240 0 40 72.
99360 240 0 47 70.
0 240 0 70 41.
480 480 0 50 60.
960 480 0 51 60.
1920 480 0 52 58.
2880 390 0 68 39.
3270 570 0 59 55.
3330 510 0 59 63.
4320 240 0 51 46.
4800 480 0 28 58.
5280 480 0 26 58.
6240 480 0 27 60.
6720 480 0 25 60.
7200 240 0 51 46.
7680 480 0 28 58.
8160 480 0 26 58.
9120 480 0 47 63.
9600 480 0 39 57.
10080 240 0 57 46.
10560 480 0 39 58.
11040 480 0 39 58.
12000 480 0 27 60.
12480 480 0 25 60.
12960 240 0 45 46.
13440 480 0 28 58.
13920 480 0 26 58.
14880 480 0 47 63.
15360 480 0 39 57.
15840 240 0 57 46.
16320 480 0 39 58.
17280 240 0 70 41.
17760 480 0 50 60.
18240 480 0 51 60.
19200 480 0 52 58.
20160 390 0 68 39.
20550 570 0 59 55.
20610 510 0 59 63.
21600 240 0 51 46.
22080 480 0 28 58.
22560 480 0 26 58.
23520 480 0 27 60.
24000 480 0 25 60.
24480 240 0 51 46.
24960 480 0 28 58.
25440 480 0 26 58.
26400 480 0 47 63.
26880 480 0 39 57.
27360 240 0 51 46.
27840 480 0 31 58.
28320 480 0 31 58.
29280 480 0 27 60.
29760 480 0 25 60.
30240 240 0 51 46.
30720 480 0 28 58.
31200 480 0 26 58.
32160 480 0 47 63.
32640 480 0 39 57.
33120 240 0 57 46.
33600 480 0 39 58.
35040 480 0 36 57.
35520 480 0 40 57.
36480 480 0 45 58.
36960 480 0 46 58.
37920 480 0 45 57.
38400 480 0 45 57.
39360 240 0 41 58.
40320 240 0 44 57.
41280 240 0 40 57.
42240 240 0 38 50.
42720 240 0 40 41.
43200 240 0 45 57.
44160 480 0 45 57.
44640 480 0 38 52.
45120 480 0 45 57.
46080 240 0 70 41.
46560 480 0 50 60.
47040 480 0 51 60.
48000 480 0 52 58.
48960 390 0 68 39.
49350 570 0 59 55.
49410 510 0 59 63.
50400 240 0 57 46.
50880 480 0 32 58.
51360 480 0 29 58.
52320 480 0 31 60.
52800 480 0 28 60.
53280 240 0 57 46.
53760 480 0 32 58.
54240 480 0 29 58.
55200 480 0 47 63.
55680 480 0 39 57.
56160 240 0 57 46.
56640 480 0 39 58.
57120 480 0 39 58.
58080 480 0 27 60.
58560 480 0 25 60.
59040 240 0 51 46.
59520 480 0 28 58.
60000 480 0 26 58.
60960 480 0 47 63.
61440 480 0 39 57.
61920 240 0 57 46.
62400 480 0 39 58.
63840 480 0 36 57.
64320 480 0 40 57.
65280 480 0 45 58.
65760 480 0 46 58.
66720 480 0 45 57.
67200 480 0 45 57.
68160 240 0 41 58.
69120 240 0 44 57.
70080 240 0 40 57.
71040 240 0 38 50.
71520 240 0 40 41.
72000 240 0 45 57.
72960 480 0 45 57.
73440 480 0 38 52.
73920 480 0 45 57.
74880 240 0 70 41.
75360 480 0 50 60.
75840 480 0 51 60.
76800 480 0 52 58.
77760 390 0 68 39.
78150 570 0 59 55.
78210 510 0 59 63.
79200 240 0 57 46.
79680 480 0 32 58.
80160 480 0 29 58.
81120 480 0 31 60.
81600 480 0 28 60.
82080 240 0 57 46.
82560 480 0 32 58.
83040 480 0 29 58.
84000 480 0 47 63.
84480 480 0 39 57.
84960 240 0 51 46.
85440 480 0 31 58.
85920 480 0 31 58.
86880 480 0 27 60.
87360 480 0 25 60.
87840 240 0 51 46.
88320 480 0 28 58.
88800 480 0 26 58.
89760 480 0 47 63.
90240 480 0 39 57.
90720 240 0 57 46.
91200 480 0 39 58.
92160 480 0 31 49.
92640 480 0 24 42.
93120 480 0 24 42.
93600 480 0 26 42.
94080 480 0 24 42.
94560 480 0 24 42.
95040 480 0 26 42.
95520 480 0 24 42.
96000 480 0 24 42.
96480 480 0 26 42.
96960 480 0 24 42.
97440 480 0 24 42.
97920 480 0 26 42.
98400 480 0 24 42.
98880 480 0 24 42.

