264 22 0 42 70.
288 96 0 56 79.
384 24 0 58 77.
408 24 0 68 79.
432 72 0 56 77.
504 46 0 50 75.
552 24 0 64 70.
576 48 0 66 79.
624 4 0 58 72.
628 4 0 60 73.
632 4 0 58 72.
636 4 0 56 71.
640 8 0 58 72.
648 48 0 72 84.
696 24 0 72 79.
720 72 0 56 82.
792 48 0 54 80.
840 22 0 54 79.
864 70 0 66 77.
936 48 0 62 79.
984 22 0 68 74.
1008 70 0 60 75.
1080 70 0 62 72.
1152 24 0 60 70.
1176 22 0 78 86.
1200 24 0 72 84.
1224 12 0 70 82.
1236 12 0 67 80.
1248 12 0 64 79.
1260 10 0 64 80.
1272 12 0 56 72.
1284 12 0 56 74.
1296 70 0 48 75.
1416 24 0 44 70.
1440 70 0 46 79.
1512 12 0 36 77.
1524 6 0 38 79.
1530 3 0 44 77.
1533 3 0 47 79.
1536 12 0 44 77.
1548 10 0 42 76.
1560 10 0 40 77.
1572 10 0 38 79.
1584 22 0 40 77.
1608 58 0 60 75.
1668 6 0 60 77.
1674 3 0 62 75.
1677 3 0 64 77.
1680 10 0 62 75.
1692 10 0 64 74.
1704 10 0 64 75.
1716 10 0 60 77.
1728 10 0 54 79.
1740 10 0 58 71.
1752 10 0 62 72.
1764 12 0 66 73.
1776 10 0 64 72.
1788 12 0 70 77.
1800 10 0 68 76.
1812 12 0 74 80.
1824 10 0 66 79.
1836 12 0 77 85.
1848 12 0 74 84.
1860 12 0 70 79.
1872 70 0 62 82.
1944 46 0 54 80.
1992 22 0 54 79.
2016 5 0 60 77.
2021 5 0 54 79.
2026 5 0 50 77.
2031 5 0 49 79.
2036 5 0 48 77.
2041 5 0 50 79.
2046 5 0 49 77.
2051 5 0 52 79.
2056 5 0 49 77.
2061 5 0 50 79.
2066 5 0 47 77.
2071 5 0 48 79.
2076 4 0 46 77.
2080 4 0 60 76.
2084 4 0 60 77.
2088 12 0 56 79.
2112 24 0 58 79.
2136 22 0 66 74.
2160 72 0 64 75.
2232 70 0 62 72.
2304 24 0 60 70.
2328 24 0 74 86.
2352 12 0 70 84.
2376 10 0 68 82.
2388 6 0 65 80.
2400 6 0 62 79.
2412 6 0 60 80.
2420 4 0 50 80.
2424 12 0 42 72.
2436 10 0 42 74.
2448 94 0 40 75.
2544 22 0 47 74.
2568 22 0 48 75.
2592 70 0 50 77.
2664 48 0 50 79.
2712 22 0 44 77.
2736 72 0 34 77.
2808 70 0 34 72.
2880 12 0 44 75.
2904 12 0 60 75.
2928 12 0 68 75.
2952 22 0 62 75.
2976 12 0 59 74.
2988 12 0 58 75.
3000 18 0 50 77.
3018 6 0 46 75.
3024 70 0 46 75.
3096 70 0 44 70.
3168 70 0 78 82.
3240 46 0 76 81.
3288 22 0 68 79.
3312 70 0 56 69.
3384 70 0 48 70.
3456 70 0 54 67.
3528 12 0 46 69.
3552 12 0 47 69.
3576 12 0 46 69.
3600 12 0 40 65.
3624 12 0 34 66.
3648 12 0 46 64.
3672 12 0 54 64.
3672 12 0 66 72.
3696 12 0 60 65.
3696 12 0 72 72.
3720 12 0 62 68.
3744 4 0 50 67.
3748 4 0 54 70.
3752 4 0 58 75.
3756 36 0 72 79.
3792 12 0 50 69.
3804 12 0 52 70.
3816 12 0 56 71.
3828 12 0 63 70.
3840 12 0 62 73.
3852 12 0 60 74.
3864 18 0 50 79.
3882 6 0 48 77.
3888 46 0 48 77.
3936 34 0 50 75.
3972 6 0 60 77.
3978 3 0 62 75.
3981 3 0 64 77.
3984 10 0 62 75.
3996 10 0 64 74.
4008 10 0 64 75.
4020 10 0 60 77.
4032 10 0 54 79.
4044 10 0 58 71.
4056 10 0 62 72.
4068 12 0 66 73.
4080 10 0 64 72.
4092 12 0 70 77.
4104 10 0 68 76.
4116 12 0 74 80.
4128 10 0 66 79.
4140 12 0 77 85.
4152 12 0 72 84.
4164 12 0 68 79.
4176 70 0 70 82.
4248 46 0 54 80.
4296 22 0 52 79.
4320 5 0 50 77.
4325 5 0 46 79.
4330 5 0 45 77.
4335 5 0 47 79.
4340 5 0 46 77.
4345 5 0 48 79.
4350 5 0 47 77.
4355 5 0 50 79.
4360 5 0 47 77.
4365 5 0 48 79.
4370 5 0 47 77.
4375 5 0 48 79.
4380 4 0 46 77.
4384 4 0 52 76.
4388 4 0 56 77.
4392 12 0 60 79.
4416 24 0 62 79.
4440 22 0 68 74.
4464 72 0 64 75.
4536 70 0 70 72.
4608 24 0 68 70.
4632 24 0 78 86.
4656 12 0 76 85.
4680 4 0 68 84.
4686 4 0 70 83.
4692 4 0 72 82.
4698 4 0 71 81.
4704 4 0 69 80.
4710 4 0 66 77.
4716 4 0 62 74.
4722 6 0 56 71.
4728 6 0 50 70.
4734 6 0 48 74.
4740 4 0 44 79.
4744 4 0 47 77.
4748 4 0 46 75.
4752 94 0 42 75.
4848 22 0 50 74.
4872 22 0 46 75.
4896 70 0 52 77.
4968 48 0 54 79.
5016 22 0 52 77.
5040 72 0 55 77.
5112 70 0 46 72.
5184 18 0 44 75.
5202 18 0 62 75.
5220 18 0 68 75.
5238 18 0 65 75.
5256 22 0 64 75.
5280 12 0 60 74.
5292 12 0 60 75.
5304 18 0 56 77.
5322 6 0 54 75.
5328 70 0 50 75.
5400 70 0 60 70.
5472 70 0 78 82.
5544 46 0 76 81.
5592 22 0 68 79.
5616 70 0 60 69.
5688 70 0 52 70.
5760 70 0 58 67.
5832 12 0 40 69.
5856 12 0 41 69.
5880 12 0 40 69.
5904 12 0 40 65.
5928 12 0 34 66.
5952 12 0 46 64.
5976 12 0 54 64.
5976 12 0 66 72.
6000 12 0 62 65.
6000 12 0 74 72.
6024 12 0 64 68.
6036 4 0 56 67.
6040 4 0 60 70.
6044 4 0 64 75.
6048 48 0 72 79.
6096 12 0 50 69.
6108 12 0 52 70.
6120 12 0 56 71.
6132 12 0 63 70.
6144 12 0 61 73.
6156 12 0 55 74.
6168 18 0 54 79.
6186 6 0 46 77.
6192 46 0 46 77.
6240 34 0 50 75.
6276 6 0 60 77.
6282 3 0 62 75.
6285 3 0 64 77.
6288 10 0 62 75.
6300 10 0 64 74.
6312 10 0 64 75.
6324 10 0 60 77.
6336 10 0 54 79.
6348 10 0 58 71.
6360 10 0 62 72.
6372 12 0 66 73.
6384 10 0 64 72.
6396 12 0 70 77.
6408 10 0 68 76.
6420 12 0 64 80.
6432 10 0 54 79.
6444 12 0 50 85.
6456 12 0 48 84.
6468 6 0 40 79.
6474 6 0 46 79.
6480 70 0 50 82.
6552 46 0 50 80.
6600 22 0 48 79.
6624 5 0 50 77.
6629 5 0 46 79.
6634 5 0 45 77.
6639 5 0 47 79.
6644 5 0 46 77.
6649 5 0 48 79.
6654 5 0 47 77.
6659 5 0 50 79.
6664 5 0 47 77.
6669 5 0 48 79.
6674 5 0 47 77.
6679 5 0 48 79.
6684 4 0 46 77.
6688 4 0 52 76.
6692 4 0 56 77.
6696 12 0 60 79.
6720 24 0 62 79.
6744 22 0 68 74.
6768 72 0 64 75.
6840 70 0 70 72.
6912 12 0 68 70.
6924 24 0 76 86.
6948 8 0 66 85.
6960 10 0 64 84.
6978 4 0 62 83.
6984 8 0 56 82.
6996 8 0 58 81.
7008 5 0 54 80.
7013 5 0 50 69.
7018 5 0 49 70.
7023 5 0 48 71.
7028 4 0 47 72.
7032 6 0 46 73.
7038 6 0 44 74.
7044 6 0 36 79.
7050 6 0 35 77.
7056 6 0 34 75.
7062 142 0 38 75.
7206 70 0 52 75.
288 12 0 26 39.
312 24 0 24 55.
336 22 0 20 58.
336 22 0 24 67.
360 12 0 28 51.
384 24 0 30 56.
408 22 0 32 59.
408 22 0 36 68.
432 12 0 26 39.
456 24 0 24 55.
480 22 0 22 58.
480 22 0 26 67.
504 12 0 28 38.
528 24 0 32 55.
552 22 0 36 58.
552 22 0 40 67.
576 12 0 26 36.
600 24 0 28 55.
624 22 0 28 58.
624 22 0 32 67.
648 12 0 30 48.
672 24 0 34 55.
696 22 0 32 60.
696 22 0 36 70.
720 12 0 30 41.
744 24 0 24 53.
768 22 0 22 58.
768 22 0 26 64.
792 12 0 30 41.
816 24 0 22 53.
840 22 0 18 56.
840 22 0 22 65.
864 12 0 32 46.
888 24 0 28 53.
912 22 0 32 58.
912 22 0 36 68.
936 12 0 36 47.
960 24 0 32 55.
984 22 0 34 62.
984 22 0 38 67.
1008 12 0 34 48.
1032 24 0 34 55.
1056 22 0 34 60.
1056 22 0 38 67.
1080 12 0 38 45.
1104 24 0 40 54.
1128 22 0 42 60.
1128 22 0 46 66.
1152 12 0 40 46.
1176 24 0 40 53.
1200 22 0 40 58.
1200 22 0 44 68.
1224 12 0 40 34.
1248 24 0 40 53.
1272 22 0 32 58.
1296 12 0 32 39.
1320 24 0 28 55.
1344 22 0 26 58.
1344 22 0 30 67.
1368 12 0 30 51.
1392 24 0 24 55.
1416 22 0 20 58.
1416 22 0 24 67.
1440 12 0 22 51.
1464 24 0 20 55.
1488 22 0 18 58.
1488 22 0 22 67.
1512 12 0 20 51.
1536 24 0 18 56.
1560 22 0 16 59.
1560 22 0 20 68.
1584 12 0 20 51.
1608 24 0 20 55.
1632 22 0 30 58.
1632 22 0 34 67.
1656 12 0 30 50.
1680 24 0 32 55.
1704 22 0 30 58.
1704 22 0 34 67.
1728 12 0 28 48.
1752 24 0 28 55.
1776 22 0 34 58.
1776 22 0 38 67.
1800 12 0 34 48.
1824 24 0 34 55.
1848 22 0 36 60.
1848 22 0 40 70.
1872 12 0 46 41.
1896 24 0 30 53.
1920 22 0 28 58.
1920 22 0 32 64.
1944 12 0 36 41.
1968 24 0 28 53.
1992 22 0 28 56.
1992 22 0 32 65.
2016 12 0 34 46.
2039 26 0 32 53.
2065 21 0 34 58.
2065 21 0 38 68.
2088 12 0 34 47.
2112 24 0 32 55.
2136 22 0 32 62.
2136 22 0 36 67.
2160 12 0 36 48.
2184 24 0 36 55.
2208 22 0 36 60.
2208 22 0 40 67.
2232 12 0 38 45.
2256 24 0 36 54.
2280 22 0 34 60.
2280 22 0 38 66.
2304 12 0 32 46.
2328 24 0 32 53.
2352 22 0 34 58.
2352 22 0 38 68.
2376 12 0 36 34.
2400 24 0 28 53.
2424 22 0 22 58.
2448 12 0 28 39.
2472 24 0 20 55.
2496 22 0 20 58.
2496 22 0 24 67.
2520 12 0 24 51.
2544 24 0 20 55.
2568 22 0 20 58.
2568 22 0 24 67.
2592 12 0 24 46.
2616 24 0 20 53.
2640 22 0 18 58.
2640 22 0 22 65.
2664 12 0 24 46.
2688 24 0 20 53.
2712 22 0 18 58.
2712 22 0 22 65.
2736 12 0 20 45.
2760 24 0 18 53.
2784 22 0 16 60.
2808 12 0 20 45.
2832 24 0 18 53.
2856 22 0 16 60.
2880 22 0 26 44.
2904 22 0 24 51.
2928 22 0 30 56.
2928 22 0 34 63.
2952 22 0 36 32.
2976 22 0 30 51.
3000 22 0 28 56.
3000 22 0 32 63.
3024 12 0 26 39.
3048 24 0 24 55.
3072 22 0 26 58.
3072 22 0 30 67.
3096 12 0 32 51.
3120 24 0 36 55.
3144 22 0 42 58.
3144 22 0 46 67.
3168 22 0 40 40.
3192 22 0 34 52.
3216 22 0 36 58.
3216 22 0 40 67.
3240 22 0 42 40.
3264 22 0 34 52.
3288 22 0 34 58.
3288 22 0 38 67.
3312 22 0 40 41.
3336 22 0 34 53.
3360 22 0 34 60.
3360 22 0 38 69.
3384 22 0 44 43.
3408 22 0 38 55.
3432 22 0 42 58.
3432 22 0 60 70.
3456 22 0 40 36.
3480 22 0 36 55.
3504 22 0 34 60.
3504 22 0 38 67.
3528 12 0 40 41.
3552 12 0 40 53.
3576 12 0 42 60.
3576 12 0 46 65.
3600 12 0 36 58.
3624 12 0 26 57.
3648 12 0 44 56.
3672 12 0 50 55.
3696 12 0 44 53.
3696 12 0 52 63.
3720 12 0 52 58.
3744 22 0 44 39.
3768 24 0 26 55.
3792 22 0 24 58.
3792 22 0 28 67.
3816 12 0 26 51.
3840 24 0 24 56.
3864 22 0 20 58.
3864 22 0 24 68.
3888 12 0 25 51.
3912 24 0 24 55.
3936 22 0 22 58.
3936 22 0 26 67.
3960 12 0 34 50.
3984 24 0 34 55.
4008 22 0 34 58.
4008 22 0 38 67.
4032 12 0 28 48.
4056 24 0 28 55.
4080 22 0 34 58.
4080 22 0 38 67.
4104 12 0 34 48.
4128 24 0 34 55.
4152 22 0 36 60.
4152 22 0 40 70.
4176 12 0 46 41.
4200 24 0 30 53.
4224 22 0 28 58.
4224 22 0 32 64.
4248 12 0 36 41.
4272 24 0 28 53.
4296 22 0 28 56.
4296 22 0 32 65.
4320 12 0 30 46.
4343 25 0 28 53.
4368 22 0 30 58.
4368 22 0 34 68.
4392 12 0 30 47.
4416 24 0 28 55.
4440 22 0 28 62.
4440 22 0 32 67.
4464 12 0 34 48.
4488 24 0 34 55.
4512 22 0 34 60.
4512 22 0 38 67.
4536 12 0 40 45.
4560 24 0 38 54.
4584 22 0 42 60.
4584 22 0 46 66.
4608 12 0 34 46.
4632 24 0 34 53.
4656 22 0 36 58.
4656 22 0 40 68.
4680 12 0 42 34.
4704 24 0 32 53.
4728 22 0 26 58.
4752 12 0 30 39.
4776 24 0 20 55.
4800 22 0 20 58.
4800 22 0 24 67.
4824 12 0 24 51.
4848 24 0 20 55.
4872 22 0 20 58.
4872 22 0 24 67.
4896 12 0 24 46.
4920 24 0 20 53.
4944 22 0 16 58.
4944 22 0 23 65.
4968 12 0 27 46.
4992 24 0 24 53.
5016 22 0 22 58.
5016 22 0 26 65.
5040 12 0 27 45.
5064 24 0 25 53.
5088 22 0 24 60.
5112 12 0 30 45.
5136 24 0 26 53.
5160 22 0 30 60.
5184 22 0 26 44.
5208 22 0 24 51.
5232 22 0 30 56.
5232 22 0 34 63.
5256 22 0 36 32.
5280 22 0 30 51.
5304 22 0 28 56.
5304 22 0 32 63.
5328 12 0 26 39.
5352 24 0 24 55.
5376 22 0 26 58.
5376 22 0 30 67.
5400 12 0 32 51.
5424 24 0 36 55.
5448 22 0 42 58.
5448 22 0 46 67.
5472 22 0 42 40.
5496 22 0 34 52.
5520 22 0 36 58.
5520 22 0 40 67.
5544 22 0 42 40.
5568 22 0 34 52.
5592 22 0 34 58.
5592 22 0 38 67.
5616 22 0 40 41.
5640 22 0 34 53.
5664 22 0 34 60.
5664 22 0 38 69.
5688 22 0 40 43.
5712 22 0 38 55.
5736 22 0 42 58.
5736 22 0 60 70.
5760 22 0 40 36.
5784 22 0 34 55.
5808 22 0 24 60.
5808 22 0 28 67.
5832 12 0 38 41.
5856 12 0 36 53.
5880 12 0 38 60.
5880 12 0 42 65.
5904 12 0 36 58.
5928 12 0 26 57.
5952 12 0 44 56.
5976 12 0 50 55.
6000 12 0 46 53.
6000 12 0 54 63.
6024 12 0 56 58.
6048 12 0 44 39.
6072 24 0 26 55.
6096 22 0 24 58.
6096 22 0 28 67.
6120 12 0 26 51.
6144 24 0 22 56.
6168 22 0 20 58.
6168 22 0 24 68.
6192 12 0 25 51.
6216 24 0 26 55.
6240 22 0 22 58.
6240 22 0 26 67.
6264 12 0 34 50.
6288 24 0 34 55.
6312 22 0 34 58.
6312 22 0 38 67.
6336 12 0 28 48.
6360 24 0 28 55.
6384 22 0 34 58.
6384 22 0 38 67.
6408 12 0 34 48.
6432 24 0 32 55.
6456 22 0 26 60.
6456 22 0 30 70.
6480 22 0 36 41.
6504 22 0 30 53.
6528 22 0 28 58.
6528 22 0 32 64.
6552 22 0 36 41.

