144 96 0 56 74.
240 24 0 48 72.
264 14 0 46 70.
280 4 0 44 70.
284 4 0 44 72.
288 24 0 50 70.
312 22 0 42 69.
408 16 0 46 70.
432 16 0 50 70.
448 16 0 52 69.
464 16 0 54 67.
480 94 0 48 66.
576 48 0 50 67.
624 24 0 56 69.
648 24 0 59 70.
672 48 0 55 72.
720 24 0 62 74.
744 24 0 66 75.
768 132 0 56 69.
900 8 0 58 79.
912 16 0 58 79.
928 16 0 60 77.
944 16 0 62 75.
960 32 0 54 74.
992 2 0 48 62.
996 4 0 50 62.
1000 4 0 46 65.
1004 4 0 44 70.
1008 16 0 56 74.
1024 16 0 58 72.
1040 4 0 55 70.
1044 58 0 44 60.
1052 50 0 42 66.
1140 4 0 42 58.
1144 4 0 40 62.
1148 4 0 42 67.
1152 24 0 50 70.
1188 4 0 52 70.
1194 3 0 50 70.
1197 3 0 52 72.
1200 16 0 60 70.
1216 16 0 56 69.
1232 16 0 58 67.
1248 46 0 48 66.
1344 40 0 40 63.
1392 40 0 34 62.
1440 96 0 34 60.
1440 40 0 48 72.
1488 40 0 48 74.
1536 72 0 44 67.
1632 9 0 48 67.
1728 48 0 48 70.
1776 46 0 54 71.
1848 48 0 58 72.
1896 24 0 60 73.
1920 16 0 52 74.
1944 4 0 44 74.
1948 4 0 48 75.
1952 4 0 49 74.
1956 4 0 50 73.
1960 2 0 57 74.
1964 4 0 55 74.
1968 36 0 48 79.
2004 6 0 57 77.
2016 24 0 60 77.
2040 48 0 52 72.
2088 24 0 56 73.
2112 48 0 54 74.
2160 46 0 64 75.
2256 48 0 70 76.
2304 16 0 64 77.
2328 4 0 54 77.
2332 4 0 57 79.
2336 4 0 59 77.
2340 4 0 60 76.
2344 4 0 62 77.
2348 4 0 64 77.
2352 36 0 66 82.
2388 8 0 69 81.
2400 24 0 70 81.
2424 48 0 66 75.
2472 22 0 62 76.
2496 48 0 58 77.
2544 36 0 48 79.
2580 12 0 47 77.
2592 48 0 46 75.
2640 36 0 48 70.
2676 12 0 50 72.
2688 30 0 48 74.
2718 4 0 42 74.
2724 6 0 42 74.
2730 6 0 46 77.
2736 24 0 48 75.
2772 12 0 44 74.
2784 46 0 40 72.
2832 36 0 44 67.
2868 12 0 42 69.
2880 48 0 40 70.
2928 36 0 58 69.
2964 12 0 56 70.
2976 30 0 57 72.
3006 6 0 54 72.
3012 6 0 56 74.
3018 6 0 56 72.
3024 12 0 56 71.
3036 12 0 62 72.
3048 12 0 65 74.
3060 4 0 60 77.
3064 8 0 62 75.
3072 40 0 62 74.
3264 48 0 60 74.
3312 36 0 60 72.
3348 3 0 54 70.
3351 3 0 54 69.
3354 3 0 52 70.
3357 3 0 52 72.
3360 24 0 54 70.
3384 22 0 45 69.
3480 6 0 52 70.
3492 4 0 50 70.
3496 4 0 54 72.
3500 4 0 50 70.
3504 16 0 50 70.
3520 16 0 55 69.
3536 16 0 54 67.
3552 48 0 50 66.
3648 48 0 55 67.
3696 24 0 54 69.
3720 24 0 56 70.
3744 18 0 60 72.
3768 4 0 50 72.
3772 4 0 52 72.
3776 4 0 54 74.
3780 4 0 54 72.
3784 4 0 54 71.
3788 4 0 56 72.
3792 36 0 58 74.
3828 12 0 62 75.
3840 190 0 58 69.
4032 32 0 54 74.
4064 5 0 46 62.
4069 5 0 48 65.
4074 6 0 46 70.
4080 16 0 56 74.
4096 16 0 58 72.
4112 4 0 55 70.
4116 58 0 44 60.
4124 50 0 42 66.
4212 4 0 42 58.
4216 4 0 40 62.
4220 4 0 42 67.
4224 24 0 50 70.
4260 4 0 52 70.
4266 3 0 50 70.
4269 3 0 52 72.
4272 16 0 60 70.
4288 16 0 56 69.
4304 16 0 58 67.
4320 46 0 48 66.
4416 40 0 44 63.
4464 40 0 34 62.
4512 96 0 34 60.
4512 40 0 48 72.
4560 40 0 48 74.
4608 72 0 44 67.
4704 9 0 48 67.
4800 48 0 48 70.
4848 46 0 54 71.
4920 48 0 58 72.
4968 24 0 60 73.
4992 16 0 52 74.
5016 4 0 44 74.
5020 4 0 48 75.
5024 4 0 49 74.
5028 4 0 50 73.
5032 2 0 57 74.
5036 4 0 55 74.
5040 36 0 48 79.
5076 6 0 55 77.
5088 24 0 58 77.
5112 48 0 52 72.
5160 24 0 56 73.
5184 48 0 54 74.
5232 46 0 64 75.
5328 48 0 70 76.
5376 16 0 64 77.
5400 4 0 54 77.
5404 4 0 57 79.
5408 4 0 59 77.
5412 4 0 60 76.
5416 4 0 62 77.
5420 4 0 64 77.
5424 36 0 64 82.
5460 8 0 69 81.
5472 24 0 70 81.
5496 48 0 66 75.
5544 22 0 66 76.
5568 48 0 52 77.
5616 36 0 48 79.
5652 12 0 47 77.
5664 48 0 46 75.
5712 36 0 48 70.
5748 12 0 50 72.
5760 30 0 48 74.
5790 4 0 42 74.
5796 6 0 42 74.
5802 6 0 46 77.
5808 24 0 48 75.
5844 12 0 44 74.
5856 46 0 40 72.
5904 36 0 44 67.
5940 12 0 42 69.
5952 48 0 46 70.
6000 36 0 55 69.
6036 12 0 59 70.
6048 24 0 62 72.
6072 4 0 55 72.
6078 6 0 57 72.
6084 6 0 55 74.
6090 6 0 54 72.
6096 8 0 64 71.
6104 8 0 62 72.
6112 8 0 66 73.
6120 8 0 68 74.
6128 8 0 70 77.
6136 8 0 69 75.
6144 40 0 64 74.
6336 48 0 60 74.
6384 36 0 60 72.
6420 3 0 54 70.
6423 3 0 54 69.
6426 3 0 52 70.
6429 3 0 52 72.
6432 24 0 54 70.
6456 22 0 45 69.
6552 6 0 52 70.
6564 4 0 50 70.
6568 4 0 52 72.
6572 4 0 50 70.
6576 16 0 50 70.
6592 16 0 55 69.
6608 16 0 54 67.
6624 48 0 50 66.
6720 48 0 50 67.
6768 36 0 52 69.
6804 12 0 53 70.
6816 48 0 54 72.
6864 36 0 61 74.
6900 8 0 64 75.
6912 24 0 62 75.
6936 22 0 58 69.
6984 30 0 72 81.
7014 6 0 56 80.
7020 6 0 55 79.
7026 6 0 54 78.
7032 6 0 52 77.
7038 6 0 50 76.
7044 6 0 48 75.
7050 6 0 44 72.
7056 6 0 40 69.
7062 6 0 36 66.
7068 6 0 44 64.
7074 6 0 38 65.
7080 6 0 40 67.
7086 6 0 42 69.
7092 6 0 40 70.
7098 6 0 46 72.
7104 32 0 44 74.
7136 2 0 36 61.
7140 4 0 40 62.
7144 4 0 36 65.
7148 4 0 34 70.
7152 16 0 46 74.
7168 16 0 48 72.
7184 4 0 45 70.
7188 58 0 38 60.
7196 50 0 36 66.
7284 4 0 40 58.
7288 4 0 38 62.
7292 4 0 40 67.
7296 64 0 46 70.
7360 16 0 53 69.
7376 16 0 50 67.
7392 94 0 44 66.
7488 40 0 44 63.
7536 40 0 34 62.
7584 142 0 34 60.
7584 40 0 48 72.
7632 40 0 48 74.
7776 40 0 36 58.
7824 40 0 24 56.
7872 40 0 26 51.
7872 40 0 42 58.
7920 40 0 30 51.
7920 40 0 46 60.
7968 40 0 34 51.
7968 40 0 50 60.
8016 40 0 30 51.
8016 40 0 46 58.
8064 40 0 36 51.
8064 40 0 52 60.
8112 40 0 34 55.
8112 40 0 52 63.
8160 40 0 32 53.
8160 40 0 48 62.
8208 40 0 28 55.
8208 40 0 44 63.
8256 40 0 34 58.
8256 40 0 50 65.
8304 40 0 38 58.
8304 40 0 54 67.
8352 40 0 40 60.
8352 40 0 56 68.
8400 40 0 34 58.
8400 40 0 50 67.
8448 40 0 32 58.
8448 40 0 48 65.
8496 30 0 28 55.
8496 30 0 44 63.
8532 52 0 32 56.
8540 6 0 44 67.
8592 40 0 26 55.
8640 40 0 30 55.
8688 40 0 30 51.
8688 40 0 46 60.
8736 40 0 34 51.
8736 40 0 50 60.
8784 40 0 30 51.
8784 40 0 46 58.
8832 40 0 36 51.
8832 40 0 52 60.
8880 40 0 34 55.
8880 40 0 52 63.
8928 40 0 32 53.
8928 40 0 48 62.
8976 40 0 28 55.
8976 40 0 44 63.
9024 40 0 34 58.
9024 40 0 50 65.
9072 40 0 38 58.
9072 40 0 54 67.
9120 40 0 40 60.
9120 40 0 56 68.
9168 40 0 34 58.
9168 40 0 50 67.
9216 40 0 32 58.
9216 40 0 48 65.
9264 30 0 28 55.
9264 30 0 44 63.
9300 52 0 32 56.
9308 6 0 36 67.
9360 40 0 26 55.
9408 40 0 26 58.
9408 40 0 44 67.
9456 40 0 32 55.
9456 40 0 48 67.
9504 40 0 40 60.
9504 40 0 56 67.
9552 40 0 42 57.
9552 40 0 58 66.
9600 40 0 44 60.
9648 40 0 48 62.
9696 40 0 48 58.
9696 40 0 66 70.
9744 40 0 46 60.
9744 40 0 62 67.
9792 40 0 44 60.
9792 40 0 60 68.
9840 40 0 48 61.
9840 40 0 64 70.
9888 40 0 42 58.
9888 40 0 58 67.
9936 40 0 38 56.
9984 30 0 44 60.
9984 30 0 60 68.
10020 52 0 48 61.
10028 6 0 56 72.
10080 40 0 34 58.
10080 40 0 54 67.
10128 40 0 30 56.
10176 40 0 36 60.
10224 40 0 34 55.
10224 40 0 50 63.
10272 40 0 34 55.
10272 40 0 50 63.
10320 40 0 36 53.
10320 40 0 52 62.
10368 40 0 46 57.
10416 40 0 48 58.
10464 40 0 50 55.
10464 40 0 54 62.
10512 40 0 48 52.
10512 40 0 66 61.
10560 40 0 52 54.
10560 40 0 68 62.
10608 40 0 50 55.
10608 40 0 66 63.
10656 40 0 48 55.
10656 40 0 64 63.
10704 40 0 36 54.
10704 40 0 52 62.
10752 40 0 34 54.
10752 40 0 50 62.
10800 40 0 34 55.
10800 40 0 50 63.
10848 40 0 30 53.
10848 40 0 46 60.
10896 40 0 26 50.
10896 40 0 42 58.
10944 40 0 32 51.
10944 40 0 48 58.
10992 40 0 36 51.
10992 40 0 52 60.
11040 40 0 34 51.
11040 40 0 50 60.
11088 40 0 32 51.
11088 40 0 48 58.
11136 88 0 26 51.
11136 40 0 42 60.
11184 40 0 40 58.
11232 40 0 34 53.
11232 40 0 50 62.
11280 40 0 32 55.
11280 40 0 48 63.
11328 40 0 34 58.
11328 40 0 50 65.
192 40 0 42 43.
240 40 0 32 50.
288 40 0 32 54.
288 40 0 38 63.
336 40 0 30 50.
384 40 0 30 55.
384 40 0 36 63.
432 40 0 30 50.
480 40 0 30 57.
480 40 0 36 63.
528 40 0 28 50.
576 40 0 42 43.
624 40 0 32 55.
624 40 0 38 62.
672 40 0 40 36.
720 40 0 30 55.
720 40 0 36 63.
768 40 0 44 41.
816 48 0 44 63.
864 48 0 44 62.
912 40 0 34 60.
960 40 0 34 34.
1008 40 0 38 53.
1056 40 0 34 38.
1104 88 0 44 50.
1200 40 0 30 50.
1248 40 0 32 57.
1248 40 0 36 63.
1296 40 0 26 50.
1344 40 0 28 51.
1392 40 0 26 46.
1440 40 0 24 45.
1440 88 0 32 57.
1584 40 0 28 55.
1632 40 0 38 41.
1680 44 0 28 53.
1680 44 0 32 63.
1728 40 0 28 58.
1776 88 0 30 53.
1824 40 0 32 63.
1872 88 0 34 53.
1920 40 0 38 62.
1968 88 0 30 53.
2016 40 0 38 63.
2064 40 0 32 53.
2112 88 0 36 62.
2160 88 0 40 67.
2208 88 0 46 61.
2256 40 0 40 67.
2304 40 0 40 65.
2352 88 0 40 57.
2400 40 0 38 67.
2448 40 0 32 57.
2496 40 0 36 50.
2544 40 0 28 57.
2544 40 0 36 65.
2592 40 0 36 51.
2640 40 0 26 55.
2640 40 0 30 63.
2688 40 0 38 46.
2736 40 0 26 53.
2736 40 0 34 62.
2784 40 0 34 48.
2832 40 0 24 51.
2832 40 0 32 63.
2880 40 0 36 43.
2928 40 0 28 55.
2928 40 0 36 62.
2976 40 0 42 39.
3024 40 0 34 55.
3024 40 0 42 67.
3072 24 0 42 38.
3120 48 0 38 57.
3168 48 0 46 58.
3216 23 0 44 59.
3239 19 0 40 60.
3264 48 0 42 31.
3312 48 0 32 50.
3360 48 0 34 54.
3360 48 0 40 63.
3408 46 0 34 50.
3456 48 0 36 55.
3456 48 0 44 63.
3504 48 0 34 50.
3552 48 0 34 57.
3552 48 0 42 63.
3600 46 0 30 50.
3648 46 0 38 43.
3696 46 0 30 50.
3696 46 0 34 58.
3744 46 0 40 36.
3792 46 0 32 55.
3792 46 0 36 63.
3840 48 0 46 41.
3888 48 0 42 63.
3936 48 0 46 62.
3984 46 0 38 60.
4032 40 0 34 34.
4080 40 0 38 53.
4128 40 0 34 38.
4176 88 0 44 50.
4272 40 0 30 50.
4320 40 0 32 57.
4320 40 0 36 63.
4368 40 0 26 50.
4416 40 0 32 51.
4464 40 0 26 46.
4512 40 0 24 45.
4512 88 0 32 57.
4656 40 0 28 55.
4704 40 0 38 41.
4752 44 0 28 53.
4752 44 0 32 63.
4800 40 0 28 58.
4848 88 0 30 53.
4896 40 0 32 63.
4944 88 0 34 53.
4992 40 0 38 62.
5040 88 0 30 53.
5088 40 0 38 63.
5136 40 0 32 53.
5184 88 0 36 62.
5232 88 0 40 67.
5280 88 0 46 61.
5328 40 0 40 67.
5376 40 0 40 65.
5424 88 0 40 57.
5472 40 0 38 67.
5520 40 0 32 57.
5568 40 0 36 50.
5616 40 0 28 57.
5616 40 0 36 65.
5664 40 0 36 51.
5712 40 0 26 55.
5712 40 0 30 63.
5760 40 0 38 46.
5808 40 0 26 53.
5808 40 0 34 62.
5856 40 0 34 48.
5904 40 0 24 51.
5904 40 0 32 63.
5952 40 0 36 43.
6000 40 0 28 55.
6000 40 0 36 62.
6048 40 0 42 39.
6096 40 0 34 55.
6096 40 0 42 67.
6144 24 0 42 38.
6192 48 0 38 57.
6240 48 0 46 58.
6288 23 0 44 59.
6311 19 0 40 60.
6336 48 0 42 31.
6384 48 0 32 50.
6432 48 0 34 54.
6432 48 0 40 63.
6480 46 0 34 50.
6528 48 0 36 55.
6528 48 0 44 63.
6576 48 0 34 50.
6624 48 0 34 57.
6624 48 0 42 63.
6672 46 0 30 50.
6720 46 0 38 43.
6768 46 0 32 55.
6768 46 0 36 62.
6816 46 0 40 36.
6864 46 0 32 55.
6864 46 0 38 67.
6912 48 0 46 41.
6960 48 0 42 63.
7008 48 0 32 62.
7056 46 0 28 60.
7104 46 0 28 34.
7152 46 0 34 53.
7200 46 0 34 38.
7248 94 0 44 50.
7344 46 0 32 50.
7392 46 0 26 57.
7392 46 0 34 63.
7440 46 0 26 50.
7488 40 0 28 51.
7536 40 0 26 46.
7584 40 0 24 45.
7584 88 0 32 57.
7824 48 0 24 41.
7872 48 0 30 39.
7920 48 0 34 44.
7968 48 0 34 44.
8016 48 0 28 39.
8064 48 0 32 44.
8112 48 0 32 39.
8160 48 0 36 46.
8208 48 0 30 39.
8256 48 0 34 46.
8304 48 0 36 51.
8352 48 0 36 44.
8400 48 0 38 51.
8448 48 0 36 46.
8496 48 0 36 48.
8544 48 0 32 46.
8592 96 0 26 39.
8688 48 0 34 44.
8736 48 0 34 44.
8784 48 0 28 39.
8832 48 0 32 44.
8880 48 0 32 39.
8928 48 0 36 46.
8976 48 0 30 39.
9024 48 0 34 46.
9072 48 0 36 51.
9120 48 0 36 44.
9168 48 0 38 51.
9216 48 0 36 46.
9264 48 0 36 48.
9312 48 0 32 46.
9360 88 0 26 39.
9456 40 0 30 34.
9504 40 0 36 36.
9552 40 0 42 38.
9600 40 0 42 33.
9648 40 0 44 34.
9696 40 0 42 31.
9744 40 0 40 36.
9792 40 0 44 29.
9840 40 0 40 34.
9888 40 0 38 36.
9936 40 0 36 41.
9984 40 0 44 29.
10032 40 0 40 34.
10080 48 0 34 36.
10128 48 0 32 41.
10176 40 0 34 32.
10224 40 0 38 27.
10272 40 0 36 31.
10320 40 0 38 34.
10368 40 0 44 29.
10416 40 0 46 31.
10464 40 0 50 28.
10512 40 0 49 33.
10560 40 0 50 26.
10608 40 0 48 24.
10656 40 0 46 24.
10704 40 0 42 26.
10752 40 0 40 26.
10800 40 0 38 24.
10848 40 0 34 29.
10896 40 0 28 34.
10944 40 0 30 39.
10992 40 0 34 32.
11040 40 0 34 32.
11088 48 0 28 39.
11136 40 0 32 44.
11184 48 0 32 39.
11232 48 0 36 34.
11280 48 0 30 39.
11328 48 0 34 46.
11376 48 0 36 51.
11424 48 0 36 44.
11472 48 0 38 51.
11520 48 0 36 46.
11568 48 0 36 48.
11616 48 0 32 46.
11664 88 0 26 39.
11760 40 0 34 32.
11808 40 0 34 32.
11856 30 0 32 39.

