144 96 0 40 72.
240 48 0 36 77.
288 48 0 40 75.
336 48 0 46 73.
384 36 0 40 72.
420 12 0 30 71.
432 36 0 30 72.
468 12 0 32 73.
480 144 0 34 72.
624 48 0 38 77.
672 48 0 42 75.
720 48 0 46 73.
768 36 0 40 72.
804 12 0 35 71.
816 32 0 35 72.
848 4 0 32 75.
852 12 0 32 73.
864 144 0 34 72.
1008 48 0 42 77.
1056 48 0 54 75.
1104 48 0 56 73.
1152 96 0 54 72.
1248 9 0 38 70.
1296 36 0 50 72.
1332 12 0 48 73.
1344 76 0 44 68.
1420 90 0 32 58.
1440 48 0 37 68.
1488 36 0 32 67.
1524 12 0 30 65.
1632 46 0 40 72.
1680 96 0 40 72.
1776 48 0 38 77.
1824 48 0 42 75.
1872 48 0 46 73.
1920 36 0 40 72.
1956 12 0 36 71.
1968 36 0 36 72.
2004 12 0 33 73.
2016 144 0 33 72.
2160 48 0 46 77.
2208 48 0 46 75.
2256 48 0 48 73.
2304 36 0 44 72.
2340 12 0 41 71.
2352 30 0 40 72.
2382 6 0 38 75.
2388 12 0 38 73.
2400 144 0 36 72.
2544 48 0 46 77.
2592 48 0 54 75.
2640 48 0 56 73.
2688 72 0 54 72.
2760 8 0 40 69.
2768 8 0 40 70.
2776 8 0 42 72.
2784 7 0 40 70.
2845 7 0 39 69.
2852 7 0 42 70.
2859 7 0 45 72.
2866 7 0 48 75.
2873 7 0 42 73.
2880 78 0 46 68.
2958 4 0 35 58.
2964 78 0 35 58.
2976 48 0 42 68.
3024 36 0 37 67.
3060 8 0 36 65.
3068 6 0 28 56.
3168 48 0 48 68.
3216 48 0 49 68.
3264 48 0 48 70.
3312 24 0 46 62.
3336 24 0 47 63.
3360 24 0 50 65.
3384 24 0 49 63.
3408 24 0 54 68.
3432 24 0 55 70.
3456 90 0 54 72.
3552 44 0 59 72.
3600 48 0 62 72.
3648 48 0 63 74.
3696 24 0 65 66.
3720 24 0 65 67.
3744 36 0 64 68.
3780 12 0 66 67.
3792 24 0 70 72.
3816 24 0 68 74.
3840 96 0 64 76.
3936 48 0 66 77.
3984 36 0 70 75.
4020 12 0 66 73.
4032 48 0 57 73.
4080 48 0 55 72.
4128 48 0 60 73.
4176 36 0 56 72.
4212 12 0 47 70.
4224 48 0 47 70.
4272 48 0 44 68.
4320 42 0 48 67.
4362 6 0 44 70.
4368 36 0 43 68.
4404 12 0 45 67.
4416 48 0 40 67.
4464 48 0 38 67.
4512 42 0 37 67.
4554 6 0 36 70.
4560 36 0 36 68.
4596 12 0 32 67.
4608 48 0 30 67.
4656 42 0 38 72.
4704 36 0 41 72.
4752 96 0 40 72.
4848 48 0 38 77.
4896 48 0 44 75.
4944 48 0 46 73.
4992 36 0 40 72.
5028 12 0 38 71.
5040 36 0 38 72.
5076 12 0 36 73.
5088 144 0 35 72.
5232 16 0 38 76.
5248 16 0 43 79.
5264 16 0 44 77.
5280 16 0 40 75.
5296 16 0 40 63.
5312 16 0 48 70.
5328 16 0 52 72.
5344 16 0 52 75.
5360 16 0 52 73.
5376 16 0 54 72.
5392 16 0 46 60.
5408 16 0 48 63.
5424 16 0 40 68.
5440 16 0 39 71.
5456 16 0 44 73.
5472 144 0 40 72.
5616 48 0 50 77.
5664 48 0 53 75.
5712 48 0 58 73.
5760 72 0 50 72.
5832 8 0 44 69.
5840 8 0 45 70.
5848 8 0 42 72.
5856 6 0 38 70.
5862 5 0 41 72.
5867 5 0 44 70.
5872 5 0 45 72.
5877 5 0 46 70.
5882 5 0 47 72.
5887 5 0 47 70.
5892 4 0 47 72.
5896 4 0 47 70.
5900 4 0 47 72.
5904 4 0 46 70.
5908 4 0 44 72.
5912 5 0 42 70.
5917 9 0 45 69.
5926 9 0 48 70.
5935 8 0 47 72.
5943 9 0 42 73.
5952 78 0 44 68.
6030 4 0 40 58.
6036 78 0 38 58.
6048 48 0 46 68.
6096 36 0 38 67.
6132 8 0 37 65.
6140 6 0 26 56.
6240 48 0 43 68.
6288 48 0 48 68.
6336 48 0 44 70.
6384 24 0 40 62.
6408 24 0 42 63.
6432 24 0 46 65.
6456 24 0 46 63.
6480 24 0 50 68.
6504 24 0 52 70.
6528 90 0 52 72.
6624 44 0 56 72.
6672 48 0 62 72.
6720 48 0 60 74.
6768 24 0 62 66.
6792 24 0 64 67.
6816 36 0 60 68.
6852 12 0 68 67.
6864 24 0 67 72.
6888 24 0 68 74.
6912 96 0 66 76.
7008 48 0 64 77.
7056 34 0 60 75.
7092 12 0 55 73.
7104 48 0 54 73.
7152 48 0 53 72.
7200 48 0 50 73.
7248 36 0 49 72.
7284 12 0 46 70.
7296 48 0 48 70.
7344 48 0 44 68.
7392 42 0 49 67.
7434 6 0 40 70.
7440 36 0 40 68.
7476 12 0 38 67.
7488 48 0 38 67.
7536 46 0 38 67.
7584 42 0 37 67.
7626 6 0 34 70.
7632 36 0 34 68.
7668 12 0 32 67.
7680 48 0 30 67.
7728 48 0 40 72.
7776 46 0 41 72.
7824 96 0 39 72.
7920 48 0 39 77.
7968 48 0 43 75.
8016 48 0 42 73.
8064 36 0 40 72.
8100 12 0 38 71.
8112 30 0 38 72.
8142 6 0 36 75.
8148 12 0 36 73.
8160 144 0 35 72.
8304 16 0 36 76.
8320 16 0 42 79.
8336 16 0 44 77.
8352 16 0 40 75.
8368 16 0 40 63.
8384 16 0 44 70.
8400 16 0 46 72.
8416 16 0 48 75.
8432 16 0 47 73.
8448 16 0 46 72.
8464 16 0 40 60.
8480 16 0 42 63.
8496 12 0 40 68.
8508 12 0 43 71.
8520 8 0 42 73.
8528 4 0 41 75.
8532 12 0 42 73.
8544 144 0 38 72.
8688 48 0 52 77.
8736 48 0 59 75.
8784 48 0 58 73.
8832 72 0 55 72.
8904 8 0 45 69.
8912 8 0 48 70.
8920 8 0 46 72.
8928 6 0 42 70.
8934 5 0 43 72.
8939 5 0 46 70.
8944 5 0 47 72.
8949 5 0 49 70.
8954 5 0 50 72.
8959 5 0 51 70.
8964 4 0 51 72.
8968 4 0 51 70.
8972 4 0 50 72.
8976 4 0 49 70.
8980 4 0 48 72.
8984 4 0 46 70.
8988 4 0 49 69.
8994 4 0 51 70.
9000 4 0 53 71.
9006 4 0 53 72.
9012 4 0 55 75.
9018 4 0 54 73.
9024 76 0 40 68.
9102 4 0 46 58.
9108 78 0 46 58.
9120 48 0 48 68.
9168 36 0 52 67.
9204 12 0 54 65.
9216 46 0 50 56.
9264 16 0 60 59.
9280 16 0 63 60.
9296 16 0 65 61.
9312 16 0 64 60.
9328 16 0 74 55.
9344 16 0 72 58.
9360 16 0 73 56.
9376 16 0 78 52.
9392 16 0 76 55.
9408 12 0 85 53.
9456 96 0 78 68.
9552 48 0 72 67.
9552 48 0 84 77.
9600 46 0 70 68.
9600 46 0 82 77.
9648 16 0 69 59.
9664 16 0 72 60.
9680 16 0 73 61.
9696 16 0 71 60.
9712 16 0 71 55.
9728 16 0 75 58.
9744 16 0 73 56.
9760 16 0 76 52.
9776 16 0 78 53.
9792 12 0 88 55.
9840 96 0 72 63.
9840 96 0 84 75.
9936 42 0 66 65.
9936 42 0 78 74.
9978 6 0 70 74.
9984 36 0 62 63.
9984 36 0 72 72.
10020 12 0 60 65.
10020 12 0 70 71.
10032 46 0 60 63.
10032 46 0 70 72.
10080 16 0 73 54.
10096 16 0 75 55.
10112 16 0 77 56.
10128 16 0 75 55.
10144 16 0 77 50.
10160 16 0 79 51.
10176 12 0 87 48.
10224 96 0 76 63.
10320 48 0 70 62.
10320 48 0 82 72.
10368 46 0 68 63.
10368 46 0 80 72.
10416 16 0 68 54.
10432 16 0 71 55.
10448 16 0 72 56.
10464 16 0 70 55.
10480 16 0 70 50.
10496 16 0 74 53.
10512 16 0 76 51.
10528 16 0 86 47.
10544 16 0 85 48.
10560 12 0 86 50.
10608 96 0 74 58.
10608 96 0 86 70.
10704 34 0 64 60.
10704 34 0 76 69.
10738 6 0 76 69.
10744 44 0 64 58.
10752 36 0 70 67.
10788 12 0 60 60.
10788 12 0 66 66.
10800 36 0 66 58.
10800 36 0 76 67.
10848 48 0 46 67.
10896 48 0 52 67.
10944 96 0 56 73.
11040 16 0 46 72.
11056 16 0 51 73.
11072 16 0 55 72.
11088 16 0 56 73.
11104 16 0 55 75.
11120 16 0 54 73.
11136 46 0 44 70.
11184 46 0 49 68.
11232 46 0 46 67.
11328 94 0 48 65.
11424 94 0 40 64.
11520 94 0 46 67.
11616 94 0 40 65.
11712 238 0 62 75.
11952 46 0 56 73.
12000 46 0 55 72.
12096 94 0 64 70.
12192 94 0 56 69.
12288 94 0 62 72.
12384 94 0 78 70.
12480 190 0 80 70.
12480 96 0 98 82.
12576 72 0 90 80.
12648 24 0 84 78.
12672 96 0 84 66.
12672 96 0 94 78.
12768 96 0 80 77.
12864 96 0 70 65.
12864 96 0 78 77.
12960 192 0 78 76.
13152 72 0 78 64.
13152 72 0 86 76.
13224 24 0 88 77.
13248 46 0 84 65.
13248 46 0 94 77.
13296 12 0 83 89.
13308 12 0 82 87.
13320 12 0 80 85.
13332 12 0 82 84.
13344 12 0 81 83.
13356 12 0 80 80.
13368 12 0 78 79.
13380 12 0 76 77.
13392 12 0 74 76.
13404 12 0 76 77.
13416 12 0 74 75.
13428 12 0 72 73.
13440 12 0 71 72.
13452 12 0 70 71.
13464 12 0 68 68.
13476 12 0 66 67.
13488 12 0 70 70.
13500 12 0 68 68.
13512 12 0 66 67.
13524 12 0 64 65.
13536 12 0 63 64.
13548 12 0 64 65.
13560 12 0 60 63.
13572 12 0 57 61.
13584 12 0 54 60.
13596 12 0 52 61.
13608 12 0 51 56.
13620 12 0 46 58.
13632 48 0 48 60.
13656 48 0 32 55.
13680 48 0 56 61.
13704 48 0 47 56.
13728 48 0 67 65.
13752 48 0 45 62.
13776 48 0 52 64.
13800 48 0 34 62.
13824 48 0 42 64.
13848 48 0 34 61.
13872 48 0 44 65.
13896 48 0 28 60.
13920 48 0 38 68.
13944 48 0 26 65.
13968 72 0 32 67.
14016 48 0 18 64.
14064 96 0 36 72.
14160 48 0 36 77.
14208 48 0 40 75.
14256 48 0 46 73.
14304 36 0 40 72.
14340 12 0 30 71.
14352 36 0 30 72.
14388 12 0 32 73.
14400 144 0 34 72.
14544 16 0 38 76.
14560 16 0 43 79.
14576 16 0 44 77.
14592 16 0 40 75.
192 24 0 24 41.
240 24 0 18 56.
240 24 0 24 65.
288 24 0 28 43.
336 24 0 18 51.
336 24 0 26 63.
384 24 0 26 44.
432 24 0 18 60.
480 24 0 22 40.
528 24 0 14 58.
528 24 0 16 67.
576 24 0 28 41.
624 24 0 20 56.
624 24 0 28 65.
672 24 0 30 43.
720 24 0 20 51.
720 24 0 24 63.
768 24 0 26 44.
816 24 0 20 60.
864 24 0 22 40.
912 24 0 14 58.
912 24 0 16 67.
960 24 0 30 41.
1008 24 0 18 56.
1008 24 0 26 65.
1056 24 0 32 43.
1104 24 0 20 51.
1104 24 0 28 63.
1152 24 0 30 44.
1200 24 0 29 60.
1248 24 0 28 46.
1296 24 0 22 54.
1296 24 0 20 66.
1344 24 0 26 48.
1392 24 0 18 56.
1392 24 0 26 65.
1440 24 0 22 36.
1488 24 0 20 48.
1536 24 0 26 41.
1584 24 0 18 56.
1632 24 0 26 41.
1680 24 0 20 55.
1728 24 0 24 41.
1776 24 0 18 56.
1776 24 0 24 65.
1824 24 0 28 43.
1872 24 0 18 51.
1872 24 0 26 63.
1920 24 0 26 44.
1968 24 0 20 60.
2016 24 0 22 40.
2064 24 0 14 58.
2064 24 0 18 67.
2112 24 0 28 41.
2160 24 0 20 56.
2160 24 0 28 65.
2208 24 0 30 43.
2256 24 0 20 51.
2256 24 0 24 63.
2304 24 0 26 44.
2352 24 0 20 60.
2400 24 0 22 40.
2448 24 0 18 58.
2448 24 0 24 67.
2496 24 0 30 41.
2544 24 0 18 56.
2544 24 0 26 65.
2592 24 0 32 43.
2640 24 0 20 51.
2640 24 0 28 63.
2688 24 0 30 44.
2736 24 0 29 60.
2784 24 0 28 46.
2832 24 0 22 54.
2832 24 0 20 66.
2880 24 0 26 48.
2928 24 0 18 56.
2928 24 0 26 65.
2976 24 0 22 36.
3024 24 0 20 48.
3072 24 0 26 41.
3120 96 0 18 56.
3168 24 0 26 53.
3216 46 0 26 52.
3216 46 0 30 62.
3264 90 0 30 51.
3312 24 0 26 61.
3360 24 0 36 39.
3408 24 0 23 55.
3456 24 0 30 44.
3504 24 0 26 51.
3504 24 0 34 60.
3552 24 0 34 44.
3600 24 0 30 50.
3600 24 0 34 60.
3648 24 0 37 43.
3696 24 0 28 50.
3696 24 0 32 60.
3744 24 0 38 43.
3792 24 0 22 50.
3792 24 0 30 59.
3840 24 0 33 36.
3888 24 0 30 58.
3888 24 0 37 67.
3936 24 0 29 48.
3984 24 0 22 56.
3984 24 0 28 68.
4032 24 0 26 48.
4080 24 0 24 55.
4128 24 0 26 48.
4176 24 0 20 53.
4176 24 0 26 65.
4224 90 0 24 48.
4272 48 0 26 60.
4320 90 0 24 48.
4368 48 0 22 53.
4416 90 0 22 48.
4464 48 0 24 60.
4512 90 0 20 48.
4560 90 0 18 53.
4608 138 0 16 48.
4656 90 0 20 58.
4800 24 0 26 41.
4848 24 0 16 56.
4848 24 0 22 65.
4896 24 0 26 43.
4944 24 0 20 51.
4944 24 0 24 63.
4992 24 0 27 44.
5040 24 0 24 60.
5088 24 0 26 40.
5136 24 0 20 58.
5136 24 0 26 67.
5184 24 0 28 41.
5232 24 0 20 56.
5232 24 0 26 65.
5280 24 0 29 43.
5328 24 0 24 51.
5328 24 0 32 63.
5376 24 0 30 44.
5424 24 0 22 51.
5424 24 0 30 63.
5472 24 0 28 40.
5520 24 0 20 58.
5520 24 0 25 67.
5568 24 0 34 41.
5616 24 0 22 56.
5616 24 0 30 65.
5664 24 0 32 43.
5712 24 0 22 51.
5712 24 0 30 63.
5760 24 0 34 44.
5808 24 0 22 51.
5808 24 0 30 60.
5856 24 0 30 46.
5904 24 0 24 54.
5904 24 0 28 66.
5952 24 0 28 48.
6000 24 0 24 56.
6000 24 0 28 65.
6048 24 0 22 36.
6096 24 0 24 48.
6144 24 0 26 41.
6192 96 0 18 56.
6240 24 0 26 53.
6288 46 0 26 52.
6288 46 0 30 62.
6336 90 0 30 51.
6384 24 0 26 61.
6432 24 0 36 39.
6480 24 0 23 55.
6528 24 0 30 44.
6576 24 0 26 51.
6576 24 0 34 60.
6624 24 0 34 44.
6672 24 0 30 50.
6672 24 0 34 60.
6720 24 0 37 43.
6768 24 0 28 50.
6768 24 0 32 60.
6816 24 0 38 43.
6864 24 0 22 50.
6864 24 0 30 59.
6912 24 0 33 36.
6960 24 0 30 58.
6960 24 0 37 67.
7008 24 0 29 48.
7056 24 0 22 56.
7056 24 0 28 68.
7104 24 0 26 48.
7152 24 0 24 55.
7200 24 0 26 48.
7248 24 0 20 53.
7248 24 0 26 65.
7296 90 0 24 48.
7344 48 0 26 60.
7392 90 0 24 48.
7440 48 0 22 53.
7488 90 0 22 48.
7536 48 0 24 60.
7584 90 0 20 48.
7632 90 0 18 53.
7680 138 0 16 48.
7728 90 0 20 58.
7872 24 0 28 41.
7920 24 0 18 56.
7920 24 0 24 65.
7968 24 0 28 43.
8016 24 0 22 51.
8016 24 0 26 63.
8064 24 0 29 44.
8112 24 0 26 60.
8160 24 0 28 40.
8208 24 0 22 58.
8208 24 0 28 67.
8256 24 0 30 41.
8304 24 0 22 56.
8304 24 0 28 65.
8352 24 0 31 43.
8400 24 0 26 51.
8400 24 0 34 63.
8448 24 0 32 44.
8496 24 0 24 51.
8496 24 0 32 63.
8544 24 0 30 40.
8592 24 0 22 58.
8592 24 0 27 67.
8640 24 0 42 41.
8688 24 0 24 56.
8688 24 0 32 65.
8736 24 0 44 43.
8784 24 0 24 51.
8784 24 0 32 63.
8832 24 0 38 44.
8880 24 0 24 51.
8880 24 0 32 60.
8928 24 0 40 46.
8976 24 0 26 54.
8976 24 0 30 66.
9024 24 0 38 48.
9072 24 0 32 56.
9072 24 0 40 65.
9120 24 0 36 36.
9168 24 0 30 48.
9216 46 0 50 53.
9264 16 0 52 47.
9280 16 0 55 48.
9296 16 0 57 49.
9312 16 0 56 48.
9328 16 0 66 43.
9344 16 0 64 46.
9360 16 0 65 44.
9376 16 0 70 40.
9392 16 0 68 43.
9408 12 0 76 41.
9456 96 0 68 53.
9456 96 0 76 65.
9552 48 0 64 53.
9552 48 0 72 65.
9600 46 0 62 53.
9600 46 0 70 65.
9648 16 0 60 47.
9664 16 0 63 48.
9680 16 0 64 49.
9696 16 0 62 48.
9712 16 0 62 43.
9728 16 0 66 46.
9744 16 0 64 44.
9760 16 0 66 40.
9776 16 0 68 41.
9792 12 0 83 43.
9840 96 0 72 55.
9936 48 0 64 55.
9984 36 0 56 48.
9984 36 0 60 60.
10020 12 0 48 48.
10020 12 0 62 62.
10032 46 0 58 48.
10032 46 0 63 60.
10080 16 0 63 42.
10096 16 0 65 43.
10112 16 0 67 44.
10128 16 0 65 43.
10144 16 0 67 38.
10160 16 0 69 39.
10176 12 0 81 36.
10224 96 0 66 48.
10224 96 0 74 60.
10320 48 0 62 48.
10320 48 0 70 60.
10368 46 0 60 48.
10368 46 0 68 60.
10416 16 0 59 42.
10432 16 0 62 43.
10448 16 0 63 44.
10464 16 0 61 43.
10480 16 0 61 38.
10496 16 0 65 41.
10512 16 0 67 39.
10528 16 0 77 35.
10544 16 0 76 36.
10560 12 0 82 38.
10608 96 0 72 50.
10704 48 0 62 50.
10752 36 0 62 43.
10752 36 0 62 55.
10788 12 0 62 43.
10788 12 0 62 57.
10800 36 0 66 43.
10800 36 0 66 58.
10944 16 0 32 40.
10960 16 0 30 49.

