3840 960 0 52 76.
4800 480 0 51 77.
5280 480 0 54 77.
5760 960 0 56 77.
6720 1440 0 55 78.
8160 360 0 55 76.
8520 120 0 51 74.
8640 480 0 51 73.
9120 480 0 51 72.
9600 480 0 53 73.
10080 960 0 56 80.
11040 160 0 54 80.
11200 240 0 51 78.
11440 80 0 49 76.
11520 960 0 53 76.
12480 480 0 52 76.
12960 480 0 56 76.
13440 960 0 63 77.
14400 1440 0 63 78.
15840 360 0 48 76.
16200 120 0 45 74.
16320 480 0 43 73.
16800 480 0 42 72.
19200 480 0 57 73.
19680 480 0 60 80.
20160 160 0 59 78.
20320 160 0 52 80.
20480 160 0 52 78.
20640 360 0 56 76.
21000 120 0 54 75.
21120 960 0 62 73.
22080 960 0 57 75.
23040 360 0 62 76.
23400 120 0 63 78.
23520 480 0 65 80.
24000 480 0 58 78.
24480 480 0 56 74.
24960 960 0 59 73.
25920 480 0 51 68.
26400 480 0 59 80.
26880 480 0 60 85.
27360 480 0 59 80.
27840 160 0 58 78.
28000 160 0 52 80.
28160 160 0 52 78.
28320 360 0 56 76.
28680 120 0 54 75.
28800 960 0 62 73.
29760 960 0 57 75.
30720 360 0 62 76.
31080 120 0 63 78.
31200 480 0 65 80.
31680 480 0 58 78.
32160 480 0 56 74.
32640 1920 0 62 73.
34560 960 0 54 76.
35520 480 0 51 76.
36000 480 0 54 76.
36480 480 0 48 71.
37440 480 0 50 71.
40320 480 0 45 64.
40800 960 0 60 80.
41760 480 0 54 78.
42240 1920 0 46 68.
44160 480 0 55 71.
45120 480 0 54 71.
48960 480 0 40 61.
49440 480 0 36 60.
53760 720 0 32 56.
53760 1440 0 32 66.
54480 240 0 33 56.
54720 480 0 34 56.
55200 1440 0 34 56.
55200 1440 0 41 68.
55920 240 0 38 64.
56160 480 0 39 61.
56640 720 0 39 56.
56640 720 0 47 68.
57360 240 0 45 68.
57600 480 0 48 68.
58080 1440 0 40 56.
58080 1440 0 48 68.
58800 240 0 45 64.
59040 480 0 45 61.
59520 720 0 45 61.
59520 1440 0 45 71.
60240 240 0 45 61.
60480 480 0 46 61.
60960 1440 0 46 61.
60960 1440 0 57 73.
61680 240 0 56 69.
61920 480 0 57 66.
62400 720 0 56 61.
62400 720 0 66 73.
63120 240 0 65 73.
63360 480 0 67 73.
63840 1440 0 58 61.
63840 1440 0 69 73.
64560 240 0 71 69.
64800 480 0 73 66.
65280 840 0 66 68.
65280 1440 0 66 78.
66120 120 0 61 68.
66240 480 0 66 68.
66720 1440 0 66 68.
66720 1440 0 78 80.
67560 120 0 79 76.
67680 480 0 79 73.
68160 840 0 66 68.
68160 840 0 78 80.
69000 120 0 74 80.
69120 480 0 78 80.
69600 1440 0 66 68.
69600 1440 0 78 80.
70440 120 0 79 76.
70560 480 0 79 73.
71040 840 0 69 73.
71040 1440 0 69 83.
71880 120 0 53 73.
72000 140 0 59 73.
72160 140 0 62 73.
72320 140 0 68 73.
72480 1440 0 71 73.
72480 1440 0 82 85.
73320 120 0 84 81.
73440 480 0 84 78.
73920 640 0 79 73.
73920 640 0 93 85.
74560 80 0 71 85.
74720 80 0 71 85.
74880 80 0 73 85.
75040 80 0 75 85.
75200 80 0 78 85.
75360 1440 0 79 73.
75360 1440 0 93 85.
76200 120 0 90 81.
76320 480 0 90 78.
76800 840 0 88 79.
76800 840 0 88 85.
77640 120 0 81 76.
77640 120 0 84 85.
77760 480 0 87 76.
77760 480 0 87 85.
78240 480 0 80 76.
78240 480 0 95 88.
78720 480 0 91 83.
78720 480 0 76 76.
79200 420 0 73 71.
79200 420 0 86 80.
79620 60 0 79 80.
79680 480 0 74 69.
79680 480 0 87 75.
80160 480 0 75 71.
80160 480 0 75 73.
80640 480 0 75 69.
80640 480 0 89 75.
81120 720 0 90 76.
81120 1440 0 90 80.
81840 240 0 91 75.
82080 480 0 94 74.
82560 840 0 88 72.
82560 840 0 88 75.
83400 120 0 81 68.
83400 120 0 84 75.
83520 480 0 87 68.
83520 480 0 87 75.
84000 720 0 85 72.
84000 720 0 100 80.
84720 240 0 72 68.
84720 240 0 86 75.
84960 480 0 69 63.
84960 480 0 81 72.
85440 720 0 85 72.
85440 960 0 72 63.
85440 960 0 85 75.
86160 240 0 76 70.
86400 480 0 63 67.
86400 360 0 75 73.
86760 120 0 71 72.
86880 1440 0 59 68.
88320 1440 0 44 61.
89760 1440 0 45 60.
91200 1440 0 48 62.
92640 1440 0 50 63.
94080 1440 0 52 62.
95520 960 0 56 63.
96480 480 0 67 63.
96960 1440 0 57 64.
98400 1440 0 60 65.
99840 1440 0 62 64.
101280 960 0 64 65.
102240 480 0 79 65.
102720 480 0 67 66.
102720 480 0 80 75.
103200 480 0 67 66.
103200 480 0 80 75.
103680 480 0 68 66.
103680 480 0 82 75.
104160 480 0 70 66.
104160 480 0 83 75.
104640 480 0 73 66.
104640 480 0 86 75.
105120 480 0 76 66.
105120 480 0 91 76.
105600 480 0 73 68.
105600 480 0 92 77.
106080 480 0 71 65.
106560 480 0 68 65.
107040 1440 0 71 66.
108480 480 0 59 65.
108960 120 0 58 65.
109200 120 0 60 65.
109440 120 0 62 65.
109680 120 0 64 65.
109920 480 0 67 66.
110400 480 0 70 66.
110880 480 0 73 66.
111360 480 0 76 68.
111360 480 0 89 77.
111840 480 0 71 65.
0 160 0 20 37.
7680 160 0 32 45.
15360 160 0 30 45.
38400 160 0 26 30.
40482 160 0 24 44.
40640 160 0 23 61.
46080 160 0 26 37.
53760 1440 0 31 36.
54080 170 0 26 44.
54240 170 0 26 45.
54400 170 0 26 44.
54560 170 0 26 45.
54720 170 0 26 44.
54880 170 0 26 45.
55040 160 0 26 44.
55200 1440 0 30 37.
55520 170 0 27 44.
55680 170 0 27 45.
55840 170 0 27 44.
56000 170 0 27 45.
56160 170 0 27 44.
56320 170 0 27 45.
56480 160 0 27 44.
56640 1440 0 33 39.
56960 170 0 29 44.
57120 170 0 29 45.
57280 170 0 29 44.
57440 170 0 29 45.
57600 170 0 30 44.
57760 170 0 30 45.
57920 160 0 29 44.
58080 1440 0 34 40.
58400 170 0 30 44.
58560 170 0 30 45.
58720 170 0 30 44.
58880 170 0 30 45.
59040 170 0 30 44.
59200 170 0 30 45.
59360 160 0 30 44.
59520 1440 0 45 41.
59840 170 0 40 49.
60000 170 0 41 50.
60160 170 0 41 49.
60320 170 0 41 50.
60480 170 0 41 49.
60640 170 0 41 50.
60800 160 0 40 49.
60960 1440 0 46 42.
61280 170 0 43 49.
61440 170 0 44 50.
61600 170 0 44 49.
61760 170 0 44 50.
61920 170 0 44 49.
62080 170 0 44 50.
62240 160 0 44 49.
62400 1440 0 55 44.
62720 170 0 49 49.
62880 170 0 49 50.
63040 170 0 50 49.
63200 170 0 50 50.
63360 170 0 50 49.
63520 170 0 50 50.
63680 160 0 50 49.
63840 1440 0 58 45.
64160 170 0 52 49.
64320 170 0 52 50.
64480 170 0 52 49.
64640 170 0 53 50.
64800 170 0 54 49.
64960 170 0 54 50.
65120 160 0 54 49.
65280 160 0 65 36.
65440 160 0 65 55.
65600 160 0 58 56.
65760 160 0 58 57.
65920 160 0 58 56.
66080 160 0 58 57.
66240 160 0 58 56.
66400 160 0 58 63.
66560 160 0 56 56.
66720 160 0 66 37.
66880 160 0 58 55.
67040 160 0 59 56.
67200 160 0 59 57.
67360 160 0 59 56.
67520 160 0 59 57.
67680 160 0 59 56.
67840 160 0 59 64.
68000 160 0 59 56.
68160 160 0 65 39.
68320 160 0 65 55.
68480 160 0 58 56.
68640 160 0 58 57.
68800 160 0 58 56.
68960 160 0 58 57.
69120 160 0 58 56.
69280 160 0 58 66.
69440 160 0 56 56.
69600 160 0 66 40.
69760 160 0 58 55.
69920 160 0 59 56.
70080 160 0 59 57.
70240 160 0 59 56.
70400 160 0 59 57.
70560 160 0 59 56.
70720 160 0 59 68.
70880 160 0 59 56.
71040 160 0 68 41.
71200 160 0 68 60.
71360 160 0 59 61.
71520 160 0 59 62.
71680 160 0 60 61.
71840 160 0 60 62.
72000 160 0 60 61.
72160 160 0 60 67.
72320 160 0 59 61.
72480 160 0 72 42.
72640 160 0 61 60.
72800 160 0 65 61.
72960 160 0 65 62.
73120 160 0 65 61.
73280 160 0 65 62.
73440 160 0 66 61.
73600 160 0 66 69.
73760 160 0 66 61.
73920 160 0 74 44.
74080 160 0 74 60.
74240 160 0 66 61.
74400 160 0 66 62.
74560 160 0 68 61.
74720 160 0 68 62.
74880 160 0 69 61.
75040 160 0 69 68.
75200 160 0 66 61.
75360 160 0 79 45.
75520 160 0 70 60.
75680 160 0 71 61.
75840 160 0 71 62.
76000 160 0 72 61.
76160 160 0 72 62.
76320 160 0 72 61.
76480 160 0 72 73.
76640 160 0 73 61.
76800 80 0 79 34.
76960 80 0 69 49.
77120 80 0 69 37.
77280 80 0 69 52.
77460 80 0 69 40.
77600 80 0 69 55.
77760 80 0 70 43.
77920 80 0 69 58.
78080 80 0 69 46.
78240 80 0 72 47.
82720 80 0 69 51.
82880 80 0 69 39.
83040 80 0 69 56.
83200 80 0 69 39.
83360 80 0 69 60.
83520 80 0 70 39.
83680 80 0 69 63.
83840 80 0 69 39.
84000 80 0 72 68.
84160 80 0 70 63.
84320 80 0 69 72.
84480 80 0 68 68.
84640 80 0 66 63.
84800 80 0 65 60.
84960 80 0 63 56.
85120 80 0 60 51.
85280 160 0 59 39.
85440 160 0 57 27.
88320 160 0 52 52.
89760 160 0 44 44.
91200 160 0 56 53.
92640 160 0 48 44.
94080 160 0 55 53.
95520 160 0 46 44.
96960 160 0 59 55.
98400 160 0 51 44.
99840 160 0 67 55.
101280 160 0 58 44.
104160 480 0 67 57.
104640 480 0 68 57.
105120 480 0 71 56.
105600 480 0 59 49.
105600 480 0 72 61.
106080 480 0 47 56.
106560 480 0 47 56.
107040 1440 0 64 61.
107520 240 0 62 42.
108000 240 0 62 30.
108480 240 0 62 37.
108960 120 0 46 49.
108960 120 0 55 61.
109200 120 0 46 49.
109200 120 0 55 61.
109440 120 0 46 49.
109440 120 0 56 61.
109680 120 0 47 49.
109680 120 0 57 61.

