240 232 0 48 61.
336 40 0 52 63.
384 40 0 52 65.
432 40 0 58 66.
480 88 0 38 61.
480 40 0 58 69.
528 40 0 38 59.
577 3 0 45 57.
580 48 0 44 66.
672 48 0 56 76.
720 24 0 54 74.
744 24 0 51 73.
768 24 0 42 76.
792 24 0 46 74.
816 24 0 52 73.
840 24 0 51 71.
864 24 0 46 73.
888 24 0 50 68.
912 24 0 46 69.
936 24 0 38 71.
960 24 0 42 69.
984 24 0 44 66.
1008 24 0 50 78.
1032 24 0 60 77.
1056 48 0 56 76.
1104 24 0 53 74.
1128 24 0 51 73.
1152 24 0 46 76.
1176 24 0 48 74.
1200 24 0 51 73.
1224 24 0 48 71.
1248 24 0 47 73.
1272 16 0 42 71.
1296 16 0 40 71.
1312 16 0 44 69.
1328 16 0 48 68.
1344 48 0 45 66.
1392 24 0 49 68.
1416 24 0 52 69.
1440 120 0 50 71.
1560 24 0 54 73.
1584 24 0 58 74.
1608 24 0 62 76.
1632 24 0 60 80.
1656 24 0 62 78.
1680 24 0 63 76.
1704 24 0 58 74.
1728 48 0 54 73.
1776 24 0 58 72.
1800 24 0 59 73.
1824 120 0 64 75.
1944 24 0 60 76.
1968 24 0 68 78.
1992 24 0 64 80.
2016 24 0 56 83.
2040 16 0 52 81.
2064 16 0 50 81.
2080 16 0 49 80.
2096 16 0 46 78.
2112 48 0 44 80.
2160 24 0 42 73.
2184 24 0 44 85.
2208 48 0 48 83.
2256 24 0 50 81.
2280 24 0 56 80.
2304 24 0 46 83.
2328 24 0 51 81.
2352 24 0 57 80.
2376 24 0 56 78.
2400 24 0 55 80.
2424 24 0 49 75.
2448 16 0 40 76.
2464 16 0 42 80.
2480 16 0 50 78.
2496 24 0 44 76.
2520 24 0 46 73.
2544 24 0 42 85.
2568 24 0 43 84.
2592 48 0 42 83.
2640 24 0 44 81.
2664 24 0 46 80.
2688 24 0 44 83.
2712 24 0 45 81.
2736 24 0 47 80.
2760 24 0 44 78.
2784 24 0 44 80.
2808 16 0 38 78.
2832 16 0 40 78.
2848 16 0 43 76.
2864 16 0 44 75.
2880 48 0 40 73.
2928 24 0 48 75.
2952 24 0 50 76.
2976 120 0 50 78.
3096 24 0 52 80.
3120 24 0 57 81.
3144 24 0 56 83.
3168 24 0 60 87.
3192 16 0 60 85.
3216 16 0 58 85.
3232 16 0 61 83.
3248 16 0 62 81.
3264 48 0 64 80.
3312 24 0 66 79.
3336 24 0 71 80.
3360 120 0 68 82.
3480 24 0 64 83.
3504 24 0 70 85.
3528 24 0 68 87.
3552 24 0 70 90.
3576 16 0 66 88.
3600 16 0 68 88.
3616 16 0 70 87.
3632 16 0 72 85.
3648 24 0 66 88.
3672 24 0 68 87.
3696 24 0 67 85.
3720 24 0 67 83.
3744 24 0 64 82.
3768 24 0 68 80.
3792 24 0 75 76.
3816 24 0 77 73.
3840 96 0 82 75.
3936 96 0 80 68.
4032 96 0 78 71.
4128 48 0 70 64.
4176 24 0 64 63.
4200 24 0 66 61.
4224 240 0 56 63.
4464 48 0 48 68.
4512 48 0 50 66.
4560 24 0 48 64.
4584 24 0 54 63.
4608 24 0 47 66.
4632 24 0 49 64.
4656 24 0 49 63.
4680 24 0 48 61.
4704 24 0 46 64.
4728 24 0 45 63.
4752 24 0 44 61.
4776 24 0 42 64.
4800 46 0 42 63.
4848 48 0 52 80.
4896 48 0 56 78.
4944 24 0 60 76.
4968 24 0 64 75.
4992 24 0 44 78.
5016 24 0 50 76.
5040 24 0 54 75.
5064 24 0 48 73.
5088 24 0 48 75.
5112 16 0 44 73.
5136 16 0 42 73.
5152 16 0 47 72.
5168 16 0 50 70.
5184 288 0 45 68.
5664 186 0 50 61.
5712 40 0 52 63.
5760 40 0 52 65.
5808 40 0 54 66.
5856 90 0 36 61.
5856 40 0 54 69.
5904 40 0 40 59.
5946 6 0 38 57.
5952 40 0 44 66.
6000 48 0 48 78.
6048 48 0 52 76.
6096 24 0 50 74.
6120 24 0 47 73.
6144 24 0 45 76.
6168 24 0 47 74.
6192 24 0 52 73.
6216 24 0 51 71.
6240 24 0 46 73.
6264 24 0 50 68.
6288 24 0 46 69.
6312 24 0 38 71.
6336 24 0 42 69.
6360 24 0 40 66.
6384 24 0 50 78.
6408 24 0 52 77.
6432 48 0 53 76.
6480 24 0 51 74.
6504 24 0 50 73.
6528 24 0 46 76.
6552 24 0 48 74.
6576 24 0 51 73.
6600 24 0 49 71.
6624 24 0 48 73.
6648 16 0 42 71.
6672 16 0 40 71.
6688 16 0 42 69.
6704 16 0 43 68.
6720 48 0 42 66.
6768 24 0 43 68.
6792 24 0 46 69.
6816 120 0 47 71.
6936 24 0 50 73.
6960 24 0 53 74.
6984 24 0 55 76.
7008 24 0 59 80.
7032 16 0 55 78.
7056 16 0 54 78.
7072 16 0 58 76.
7088 16 0 59 74.
7104 48 0 56 73.
7152 24 0 55 72.
7176 24 0 56 73.
7200 120 0 60 75.
7320 24 0 58 76.
7344 24 0 66 78.
7368 24 0 65 80.
7392 24 0 58 83.
7416 16 0 57 81.
7440 16 0 54 81.
7456 16 0 52 80.
7472 16 0 50 78.
7488 48 0 44 80.
7536 24 0 42 73.
7560 24 0 47 85.
7584 48 0 48 83.
7632 24 0 50 81.
7656 24 0 56 80.
7680 24 0 46 83.
7704 24 0 51 81.
7728 24 0 57 80.
7752 24 0 56 78.
7776 24 0 55 80.
7800 24 0 54 75.
7824 16 0 52 76.
7840 16 0 48 80.
7856 16 0 46 78.
7872 24 0 48 76.
7896 6 0 42 73.
7908 6 0 43 73.
7914 6 0 44 75.
7920 6 0 43 73.
7926 6 0 41 72.
7932 4 0 39 73.
7938 6 0 36 73.
7944 24 0 42 85.
7968 24 0 43 84.
7992 48 0 42 83.
8040 24 0 44 81.
8064 24 0 46 80.
8088 24 0 44 83.
8112 24 0 46 81.
8136 24 0 50 80.
8160 24 0 48 78.
8184 24 0 49 80.
8208 16 0 40 78.
8232 16 0 36 78.
8248 16 0 44 76.
8264 16 0 46 75.
8280 48 0 42 73.
8328 24 0 50 75.
8352 24 0 60 76.
8376 112 0 42 66.
8496 16 0 42 68.
8520 16 0 44 69.
8544 10 0 46 71.
8562 22 0 50 75.
8592 16 0 50 73.
8616 8 0 49 73.
8632 8 0 51 71.
8648 8 0 50 69.
8664 40 0 50 68.
8712 16 0 44 67.
8736 16 0 54 68.
8760 112 0 54 70.
8880 16 0 53 71.
8904 16 0 60 73.
8928 16 0 66 75.
8952 16 0 64 78.
8976 16 0 66 76.
9000 8 0 66 76.
9016 8 0 65 75.
9032 8 0 63 73.
9048 16 0 62 76.
9072 16 0 60 75.
9096 16 0 59 73.
9120 16 0 58 71.
9144 16 0 58 70.
9168 16 0 60 68.
9192 16 0 65 64.
9216 16 0 62 61.
9240 88 0 68 63.
9336 88 0 65 56.
9432 88 0 64 59.
9528 40 0 60 52.
9576 16 0 60 51.
9600 16 0 56 49.
9624 24 0 54 51.
9864 48 0 58 68.
9912 48 0 54 66.
9960 24 0 52 64.
9984 24 0 55 63.
10008 24 0 52 66.
10032 24 0 54 64.
10056 24 0 55 63.
10080 24 0 51 61.
10104 24 0 49 64.
10128 24 0 47 63.
10152 24 0 46 61.
10176 24 0 44 64.
10200 46 0 46 63.
10248 48 0 54 80.
10296 48 0 50 78.
10344 24 0 49 76.
10368 24 0 50 75.
10392 24 0 44 78.
10416 24 0 50 76.
10440 24 0 54 75.
10464 24 0 49 73.
10488 24 0 42 75.
10512 16 0 40 73.
10536 16 0 40 73.
10552 16 0 40 72.
10568 16 0 36 70.
10584 288 0 40 68.
10872 94 0 70 64.
10968 40 0 60 53.
10968 40 0 66 61.
11016 40 0 54 54.
11016 40 0 68 66.
11064 10 0 50 55.
11074 10 0 54 56.
11084 9 0 62 48.
11093 9 0 66 54.
11102 10 0 66 60.
11112 36 0 60 70.
11148 12 0 48 69.
11160 88 0 52 68.
11256 40 0 58 56.
11256 40 0 72 68.
11304 40 0 54 58.
11304 40 0 72 70.
11352 10 0 50 54.
11362 10 0 53 57.
11372 9 0 56 58.
11381 9 0 58 61.
11390 10 0 60 66.
11400 36 0 64 75.
11436 12 0 54 73.
11448 48 0 58 70.
11496 36 0 54 66.
11532 6 0 52 65.
11544 40 0 44 54.
11544 40 0 56 63.
11592 40 0 44 54.
11592 40 0 56 65.
11640 10 0 50 55.
11650 10 0 46 56.
11660 9 0 50 48.
11669 9 0 58 54.
11678 6 0 56 60.
11688 136 0 48 61.
11832 40 0 46 54.
11832 40 0 58 63.
11880 40 0 42 54.
11880 40 0 54 65.
11928 10 0 46 55.
11938 10 0 47 56.
11948 9 0 48 48.
11957 9 0 49 54.
11966 6 0 48 60.
11976 28 0 44 57.
12012 6 0 42 56.
12024 88 0 40 53.
12072 40 0 50 63.
12120 40 0 44 61.
12120 40 0 62 73.
12168 40 0 44 58.
12168 40 0 64 70.
12216 32 0 44 61.
12216 32 0 62 72.
12256 6 0 58 70.
12262 30 0 46 60.
12264 28 0 64 68.
12300 6 0 42 58.
12300 6 0 56 67.
12312 88 0 42 60.
12312 88 0 62 68.
12408 40 0 38 59.
12408 40 0 54 71.
12456 40 0 40 56.
12456 40 0 57 68.
12504 32 0 38 59.
12504 32 0 58 70.
12544 6 0 54 68.
12550 30 0 44 58.
12552 28 0 58 66.
12588 6 0 44 56.
12588 6 0 57 65.
12600 40 0 46 58.
12600 40 0 58 66.
12648 40 0 44 56.
12648 40 0 52 65.
12696 40 0 50 58.
12696 40 0 58 66.
12744 40 0 54 58.
12744 40 0 72 72.
12800 8 0 56 63.
12808 8 0 60 66.
12816 8 0 60 64.
12824 8 0 62 65.
12832 6 0 66 72.
12840 28 0 72 66.
12876 52 0 68 65.
12936 28 0 72 65.
12936 28 0 82 77.
12972 6 0 74 67.
12984 40 0 76 64.
13032 28 0 80 65.
13032 28 0 90 77.
13068 52 0 80 67.
13128 78 0 86 63.
13128 78 0 94 75.
13212 6 0 80 56.
13224 40 0 76 56.
13224 40 0 82 66.
13272 40 0 62 53.
13272 40 0 78 65.
13320 40 0 56 54.
13320 40 0 72 66.
13368 10 0 50 55.
13378 10 0 54 56.
13388 9 0 62 48.
13397 9 0 66 54.
13406 10 0 66 60.
13416 36 0 60 70.
13452 12 0 48 69.
13464 88 0 44 68.
13560 40 0 42 56.
13560 40 0 56 68.
13608 40 0 38 57.
13608 40 0 56 69.
13656 10 0 43 58.
13666 10 0 45 59.
13676 9 0 46 51.
13685 9 0 50 57.
13694 4 0 44 63.
13700 16 0 44 63.
13716 36 0 56 73.
13752 12 0 52 71.
13764 24 0 48 70.
13788 48 0 48 69.
13836 16 0 42 66.
13860 40 0 36 54.
13860 40 0 44 63.
13908 40 0 36 54.
13908 40 0 44 65.
13956 10 0 44 55.
13966 10 0 40 56.
13976 9 0 52 48.
13985 9 0 52 54.
13994 6 0 56 60.
14004 136 0 48 61.
14148 40 0 46 54.
14148 40 0 58 63.
14196 40 0 42 54.
14196 40 0 54 65.
14244 10 0 46 55.
14254 10 0 47 56.
14264 9 0 45 48.
14273 9 0 49 54.
14282 6 0 48 60.
14292 28 0 44 57.
14328 6 0 42 56.
14340 88 0 40 53.
14388 40 0 52 63.
14436 40 0 44 61.
14436 40 0 64 73.
14484 40 0 44 58.
14484 40 0 66 70.
14532 32 0 44 61.
14532 32 0 62 72.
14572 6 0 58 70.
14578 30 0 46 60.
14580 28 0 64 68.
14616 6 0 42 58.
14616 6 0 56 67.
14628 88 0 42 60.
14628 88 0 62 68.
14724 40 0 38 59.
14724 40 0 54 71.
14772 40 0 40 56.
14772 40 0 57 68.
14820 32 0 38 59.
14820 32 0 58 70.
14860 6 0 54 68.
14866 30 0 44 58.
14868 28 0 58 66.
14904 6 0 44 56.
14904 6 0 57 65.
14916 40 0 46 58.
14916 40 0 58 66.
14964 40 0 44 56.
14964 40 0 52 65.
15012 40 0 50 58.
15012 40 0 58 66.
15060 40 0 54 58.
15060 40 0 70 72.
15116 8 0 56 63.
15124 8 0 60 66.
15132 8 0 60 64.
15140 8 0 62 65.
15148 6 0 66 72.
15156 28 0 72 66.
15192 52 0 68 65.
15252 28 0 72 65.
15252 28 0 82 77.
15288 6 0 74 67.
15300 40 0 76 64.
15348 28 0 80 65.
15348 28 0 90 77.
15384 52 0 80 67.
15444 78 0 86 63.
15444 78 0 94 75.
15528 6 0 80 56.
15540 40 0 76 56.
15540 40 0 82 66.
15588 40 0 62 53.
15588 40 0 78 65.
15636 40 0 56 54.
15636 40 0 72 66.
15684 10 0 50 55.
15694 10 0 54 56.
15704 9 0 62 48.
15713 9 0 60 54.
15722 10 0 62 60.
15732 36 0 60 70.
15768 12 0 58 69.
15780 88 0 54 68.
15876 40 0 42 56.
15876 40 0 56 68.
15924 40 0 34 57.
15924 40 0 52 69.
15972 10 0 38 58.
15982 10 0 40 59.
15992 9 0 41 51.
16001 9 0 45 57.
16010 6 0 39 63.
16020 36 0 52 73.
16056 12 0 42 71.
16068 24 0 40 70.
16092 48 0 36 69.
16140 16 0 36 66.
16164 40 0 36 54.
16164 40 0 44 63.
16212 40 0 36 54.
16212 40 0 44 65.
16260 10 0 44 55.
16270 10 0 40 56.
16280 9 0 52 48.
16289 9 0 52 54.
16298 6 0 56 60.
16308 136 0 48 61.
16452 40 0 54 58.
16452 40 0 62 67.
16500 40 0 54 58.
16500 40 0 62 68.
16548 8 0 60 59.
16556 8 0 60 60.
16564 8 0 64 63.
16572 8 0 66 64.
16580 8 0 68 67.
16588 8 0 70 70.
16596 28 0 70 64.
16632 52 0 66 65.
16692 12 0 70 64.
16710 22 0 66 65.
16740 40 0 82 66.
16740 40 0 94 75.
16788 40 0 84 66.
16788 40 0 96 77.
16836 10 0 74 67.
16846 10 0 70 68.
16856 26 0 74 60.
16884 40 0 84 73.
16932 12 0 80 77.
16944 12 0 78 73.
16956 12 0 76 68.
16968 12 0 74 65.
16980 6 0 72 61.
16986 6 0 70 56.
16992 5 0 70 53.
16997 5 0 69 49.
17002 5 0 68 46.
17007 5 0 67 44.
17012 5 0 66 41.
17017 5 0 64 37.
17022 6 0 60 34.
17028 40 0 68 54.
17028 40 0 80 63.
192 376 0 40 37.
576 16 0 32 42.
592 16 0 30 49.
608 16 0 34 57.
624 40 0 32 54.
672 16 0 32 42.
688 16 0 32 49.
704 16 0 36 58.
720 40 0 34 54.
768 18 0 34 47.
786 14 0 34 54.
800 16 0 38 62.
816 40 0 36 56.
864 17 0 30 49.
881 15 0 30 53.
896 16 0 34 61.
912 40 0 32 59.
960 18 0 28 42.
978 16 0 28 49.
994 14 0 32 57.
1008 40 0 30 54.
1056 16 0 34 46.
1072 16 0 34 52.
1088 16 0 38 61.
1104 40 0 36 54.
1152 19 0 38 47.
1171 14 0 38 54.
1185 15 0 42 62.
1200 40 0 40 56.
1248 18 0 32 49.
1266 16 0 32 53.
1282 14 0 36 61.
1296 40 0 34 59.
1344 88 0 28 54.
1376 16 0 32 62.
1392 40 0 30 61.
1440 88 0 29 53.
1472 16 0 33 64.
1488 40 0 31 63.
1536 88 0 34 52.
1571 13 0 40 66.
1584 40 0 38 64.
1632 88 0 38 52.
1665 15 0 42 64.
1680 40 0 40 62.
1728 16 0 36 45.
1744 16 0 36 52.
1760 16 0 40 61.
1776 40 0 38 57.
1824 16 0 36 45.
1840 16 0 36 51.
1856 16 0 40 61.
1872 40 0 38 55.
1920 18 0 36 44.
1938 15 0 37 51.
1953 15 0 42 61.
1968 40 0 41 56.
2016 17 0 40 44.
2033 15 0 36 51.
2048 16 0 32 60.
2064 40 0 30 56.
2112 16 0 28 49.
2128 16 0 28 56.
2144 16 0 32 64.
2160 40 0 30 61.
2208 16 0 28 53.
2224 16 0 28 59.
2240 16 0 32 68.
2256 40 0 30 61.
2304 18 0 32 54.
2322 15 0 32 61.
2337 15 0 36 69.
2352 40 0 34 63.
2400 19 0 32 56.
2419 14 0 32 60.
2433 15 0 34 68.
2448 40 0 32 66.
2496 18 0 28 49.
2514 16 0 28 56.
2530 14 0 30 64.
2544 40 0 28 61.
2592 16 0 26 53.
2608 16 0 26 59.
2624 16 0 30 68.
2640 40 0 28 61.
2688 18 0 28 54.
2706 15 0 28 61.
2721 15 0 32 69.
2736 40 0 30 63.
2784 18 0 29 56.
2802 15 0 29 60.
2817 15 0 33 68.
2832 40 0 31 66.
2880 16 0 29 49.
2896 16 0 30 56.
2912 16 0 34 64.
2928 40 0 32 61.
2976 16 0 32 48.
2992 16 0 34 54.
3008 16 0 38 64.
3024 40 0 36 58.
3072 18 0 36 47.
3090 15 0 38 54.
3105 15 0 40 64.
3120 40 0 38 59.
3168 18 0 40 47.
3186 15 0 42 54.
3201 15 0 46 63.
3216 40 0 44 57.
3264 16 0 40 52.
3280 16 0 40 59.
3296 16 0 44 68.
3312 40 0 42 63.
3360 16 0 42 52.
3376 16 0 42 58.
3392 16 0 46 68.
3408 40 0 44 62.
3456 17 0 40 51.
3473 16 0 41 58.
3489 15 0 46 68.
3504 40 0 44 63.
3552 17 0 44 49.
3569 16 0 44 58.
3585 15 0 48 67.
3600 40 0 46 63.
3648 18 0 48 47.
3666 15 0 49 51.
3681 15 0 53 63.
3696 40 0 52 56.
3744 17 0 50 49.
3761 16 0 51 56.
3777 15 0 55 64.
3792 40 0 53 58.
3840 16 0 48 51.
3856 16 0 49 56.
3872 16 0 56 63.
3888 40 0 54 59.
3936 16 0 50 52.
3952 16 0 50 56.
3968 16 0 55 64.
3984 40 0 53 59.
4032 16 0 51 44.
4048 16 0 51 51.
4064 16 0 55 59.
4080 40 0 53 56.
4128 16 0 50 49.
4144 16 0 50 52.
4160 16 0 54 59.
4176 40 0 52 56.
4224 16 0 49 39.
4240 16 0 48 46.
4256 16 0 42 56.
4272 40 0 46 51.
4320 16 0 40 39.
4336 16 0 39 46.
4352 16 0 41 55.
4368 40 0 38 51.
4416 16 0 34 44.
4432 16 0 34 51.
4448 16 0 38 60.
4464 40 0 36 56.
4512 16 0 36 44.
4528 16 0 36 51.
4544 16 0 40 60.
4560 40 0 38 56.
4608 17 0 38 44.
4625 16 0 38 49.
4641 15 0 41 58.
4656 40 0 37 56.
4704 16 0 33 44.
4720 16 0 32 52.
4736 16 0 34 58.
4752 40 0 30 56.
4800 16 0 31 44.
4816 16 0 31 51.
4832 16 0 36 60.
4848 40 0 34 56.
4896 16 0 36 44.
4912 16 0 40 51.
4928 16 0 44 60.
4944 40 0 44 56.
4992 18 0 40 49.
5010 15 0 40 56.
5025 15 0 44 64.
5040 40 0 42 58.
5088 17 0 38 51.
5105 17 0 38 55.
5122 14 0 40 63.
5136 40 0 36 61.
5184 16 0 32 44.
5200 16 0 36 51.
5216 16 0 40 60.
5232 40 0 38 56.
5280 16 0 38 44.
5296 16 0 38 51.
5312 16 0 42 60.
5328 40 0 40 56.
5376 16 0 42 44.
5392 16 0 43 51.
5408 16 0 44 60.
5424 40 0 42 56.
5472 16 0 36 44.
5488 16 0 34 51.
5504 16 0 36 60.
5520 40 0 32 56.
5568 16 0 44 37.
5584 16 0 40 44.
5600 16 0 42 49.
5616 40 0 40 56.
5952 16 0 32 42.
5968 16 0 30 49.
5984 16 0 34 57.
6000 40 0 32 54.
6048 16 0 32 42.
6064 16 0 32 49.
6080 16 0 36 58.
6096 40 0 34 54.
6144 18 0 34 47.
6162 14 0 34 54.
6176 16 0 38 62.
6192 40 0 36 56.
6240 17 0 30 49.
6257 15 0 30 53.
6272 16 0 34 61.
6288 40 0 32 59.
6336 18 0 28 42.
6354 16 0 28 49.
6370 14 0 32 57.
6384 40 0 30 54.
6432 16 0 34 46.
6448 16 0 34 52.
6464 16 0 38 61.
6480 40 0 36 54.
6528 19 0 38 47.
6547 14 0 38 54.
6561 15 0 42 62.
6576 40 0 40 56.
6624 18 0 32 49.
6642 16 0 32 53.
6658 14 0 36 61.
6672 40 0 34 59.
6720 88 0 28 54.
6752 16 0 32 62.
6768 40 0 30 61.
6816 88 0 29 53.
6848 16 0 36 64.
6864 40 0 33 63.
6912 88 0 34 52.
6946 14 0 40 66.
6960 40 0 38 64.
7008 88 0 38 52.
7041 15 0 42 64.
7056 40 0 40 62.
7104 16 0 36 45.
7120 16 0 38 52.
7136 16 0 42 61.
7152 40 0 40 57.
7200 16 0 36 45.
7216 16 0 36 51.
7232 16 0 40 61.
7248 40 0 36 55.
7296 18 0 36 44.
7314 15 0 37 51.
7329 15 0 42 61.
7344 40 0 41 56.
7392 17 0 40 44.
7409 15 0 36 51.
7424 16 0 32 60.
7440 40 0 30 56.
7488 16 0 28 49.
7504 16 0 28 56.
7520 16 0 32 64.
7536 40 0 30 61.
7584 16 0 28 53.
7600 16 0 28 59.
7616 16 0 32 68.
7632 40 0 30 61.
7680 18 0 32 54.
7698 15 0 32 61.
7713 15 0 36 69.
7728 40 0 34 63.
7776 19 0 32 56.
7795 14 0 32 60.
7809 15 0 34 68.
7824 40 0 32 66.
7872 23 0 28 49.
7895 20 0 28 56.
7915 29 0 30 64.
7944 40 0 28 61.
7992 16 0 26 53.
8008 16 0 26 59.
8024 16 0 30 68.
8040 40 0 28 61.
8088 18 0 28 54.
8106 15 0 28 61.
8121 15 0 32 69.
8136 40 0 30 63.
8184 18 0 29 56.
8202 15 0 29 60.
8217 15 0 33 68.
8232 40 0 31 66.
8280 16 0 29 49.
8296 16 0 30 56.
8312 16 0 34 64.
8328 40 0 32 61.
8376 16 0 38 48.
8392 16 0 34 54.
8408 16 0 38 64.
8424 40 0 36 58.
8472 18 0 39 47.
8490 15 0 38 54.
8505 15 0 40 64.
8520 40 0 38 59.
8568 18 0 40 47.
8586 15 0 42 54.
8601 15 0 46 63.
8616 40 0 44 57.
8664 16 0 40 52.
8680 16 0 40 59.
8696 16 0 44 68.
8712 40 0 42 63.
8760 16 0 42 52.
8776 16 0 42 58.
8792 16 0 46 68.
8808 40 0 44 62.
8856 17 0 40 51.
8873 16 0 41 58.
8889 15 0 46 68.
8904 40 0 44 63.
8952 17 0 44 49.
8969 16 0 44 58.
8985 15 0 48 67.
9000 40 0 46 63.
9048 18 0 48 47.
9066 15 0 49 51.
9081 15 0 53 63.
9096 40 0 52 56.
9144 17 0 50 49.
9161 16 0 51 56.
9177 15 0 55 64.
9192 40 0 53 58.
9240 16 0 48 39.
9256 16 0 49 47.
9272 16 0 56 59.
9288 40 0 54 51.
9336 16 0 50 40.
9352 16 0 50 47.
9368 16 0 55 59.
9384 40 0 53 52.
9432 16 0 51 32.
9448 16 0 51 39.
9464 16 0 55 51.
9480 40 0 53 44.
9528 16 0 50 37.
9544 16 0 50 44.
9560 16 0 54 56.
9576 40 0 52 46.
9624 16 0 49 39.
9640 16 0 48 46.
9656 16 0 42 56.
9672 40 0 46 51.
9720 16 0 40 39.
9736 16 0 39 46.
9752 16 0 41 55.
9768 40 0 38 51.
9816 16 0 34 44.
9832 16 0 34 51.
9848 16 0 38 60.
9864 40 0 36 56.
9912 16 0 36 44.
9928 16 0 36 51.
9944 16 0 40 60.
9960 40 0 38 56.
10008 17 0 38 44.
10025 16 0 38 49.
10041 15 0 41 58.
10056 40 0 37 56.
10104 16 0 33 44.
10120 16 0 32 52.
10136 16 0 34 58.
10152 40 0 30 56.
10200 16 0 31 44.
10216 16 0 31 51.
10232 16 0 34 60.
10248 40 0 32 56.
10296 16 0 32 44.
10312 16 0 32 51.
10328 16 0 36 60.
10344 40 0 34 56.
10392 18 0 40 49.
10410 15 0 40 56.
10425 15 0 44 64.
10440 40 0 42 58.
10488 17 0 38 51.
10505 17 0 38 55.
10522 14 0 40 63.
10536 40 0 36 61.
10584 16 0 34 44.
10600 16 0 34 51.
10616 16 0 38 60.
10632 40 0 36 56.
10680 16 0 36 44.
10696 16 0 42 51.
10712 16 0 46 60.
10728 40 0 44 56.
10776 16 0 46 44.
10792 16 0 52 51.
10808 16 0 54 60.
10824 40 0 53 56.
10872 16 0 54 44.
10888 16 0 60 54.
10904 16 0 70 60.
10920 40 0 74 56.
10968 40 0 54 37.
10968 40 0 54 49.
11016 40 0 44 39.
11016 40 0 44 51.
11256 40 0 52 41.
11256 40 0 52 53.
11304 40 0 46 42.
11304 40 0 46 54.
11544 40 0 42 32.
11592 40 0 40 32.
11684 32 0 32 37.
11724 6 0 38 53.
11736 88 0 40 56.
11832 40 0 38 32.
11880 40 0 36 32.
11976 88 0 28 37.
12072 40 0 34 36.
12120 40 0 36 34.
12168 40 0 38 37.
12216 40 0 40 39.
12264 28 0 44 32.
12300 6 0 40 39.
12312 88 0 38 44.
12408 40 0 32 32.
12456 40 0 34 35.
12504 40 0 36 37.
12552 28 0 40 30.
12588 6 0 36 37.
12600 40 0 34 42.
12648 40 0 38 37.
12696 40 0 38 42.
12696 40 0 42 54.
12744 40 0 42 39.
12792 40 0 48 41.
12840 90 0 48 46.
12936 28 0 62 47.
12972 52 0 64 48.
13032 42 0 70 48.
13080 40 0 74 64.
13128 88 0 70 48.
13224 40 0 60 36.
13272 40 0 56 37.
13272 40 0 56 49.
13320 40 0 46 39.
13320 40 0 46 51.
13560 40 0 35 40.
13560 40 0 35 52.
13608 40 0 29 42.
13608 40 0 29 54.
13860 40 0 35 32.
13908 40 0 37 32.
14000 32 0 28 37.
14040 6 0 38 53.
14052 88 0 40 56.
14148 40 0 38 32.
14196 40 0 36 32.
14292 88 0 28 37.
14388 40 0 38 36.
14436 40 0 42 34.
14484 40 0 44 37.
14532 40 0 46 39.
14580 28 0 50 32.
14616 6 0 46 39.
14628 40 0 44 44.
14676 10 0 48 39.
14686 10 0 52 41.
14696 9 0 46 39.
14705 9 0 42 34.
14714 6 0 40 32.
14724 40 0 32 32.
14772 40 0 34 35.
14820 40 0 36 37.
14868 28 0 40 30.
14904 6 0 36 37.
14916 40 0 34 42.
14964 40 0 38 37.
15012 40 0 38 42.
15012 40 0 42 54.
15060 40 0 42 39.
15108 40 0 48 41.
15156 90 0 48 46.
15252 28 0 62 47.
15288 52 0 64 48.
15348 42 0 70 48.
15396 40 0 74 64.
15444 88 0 70 48.
15540 40 0 60 36.
15588 40 0 56 37.
15588 40 0 56 49.
15636 40 0 46 39.
15636 40 0 46 51.
15876 40 0 35 40.
15876 40 0 35 52.
15924 40 0 29 42.
15924 40 0 29 54.
16164 40 0 35 32.
16212 40 0 37 32.
16304 32 0 28 37.
16344 6 0 38 53.
16356 88 0 40 56.
16452 40 0 50 36.
16500 40 0 50 36.

