240 46 0 58 79.
336 46 0 69 80.
408 48 0 60 79.
456 36 0 53 74.
492 12 0 59 75.
504 12 0 60 77.
516 12 0 59 75.
528 12 0 62 74.
540 12 0 65 75.
552 12 0 66 77.
564 12 0 67 79.
576 36 0 60 72.
624 24 0 55 72.
660 8 0 62 72.
672 48 0 59 74.
720 36 0 57 72.
756 12 0 54 68.
768 60 0 45 67.
828 12 0 49 68.
840 12 0 55 67.
852 12 0 60 62.
864 12 0 55 63.
876 12 0 38 60.
1008 46 0 65 79.
1104 72 0 75 80.
1176 48 0 65 79.
1224 36 0 60 77.
1260 12 0 60 75.
1272 6 0 57 77.
1278 3 0 60 75.
1281 3 0 62 77.
1284 12 0 65 75.
1296 12 0 62 74.
1308 12 0 65 75.
1320 12 0 68 77.
1332 12 0 71 79.
1344 24 0 61 74.
1368 36 0 61 62.
1404 12 0 62 67.
1416 12 0 64 72.
1428 12 0 66 74.
1440 84 0 68 75.
1524 8 0 45 66.
1536 78 0 45 66.
1614 6 0 33 67.
1620 6 0 35 70.
1626 6 0 32 69.
1632 46 0 30 67.
1776 72 0 64 68.
1848 24 0 62 73.
1872 24 0 64 77.
1896 24 0 68 82.
1920 57 0 65 80.
1977 3 0 40 66.
1980 3 0 43 68.
1983 3 0 45 75.
1986 6 0 50 80.
1992 6 0 48 78.
1998 6 0 45 77.
2004 3 0 35 65.
2008 3 0 38 68.
2012 3 0 40 73.
2016 46 0 43 77.
2160 48 0 65 67.
2208 12 0 63 68.
2220 12 0 60 67.
2232 12 0 65 71.
2244 12 0 67 72.
2256 12 0 69 74.
2268 12 0 71 75.
2280 12 0 76 84.
2292 12 0 75 80.
2304 56 0 70 79.
2360 8 0 50 73.
2368 8 0 50 74.
2376 8 0 48 79.
2384 8 0 46 77.
2392 6 0 43 75.
2400 46 0 43 75.
2544 72 0 50 71.
2616 24 0 56 72.
2640 24 0 58 74.
2664 24 0 60 75.
2736 72 0 68 74.
2808 24 0 72 75.
2832 24 0 74 77.
2856 16 0 70 79.
2880 24 0 45 79.
2904 24 0 43 77.
2928 24 0 48 80.
2952 24 0 40 72.
2976 24 0 41 74.
3000 6 0 42 75.
3009 3 0 42 75.
3012 3 0 43 77.
3015 3 0 41 75.
3018 3 0 39 74.
3021 3 0 41 75.
3024 24 0 50 79.
3048 24 0 48 77.
3072 94 0 43 74.
3312 46 0 70 79.
3408 72 0 81 80.
3480 48 0 70 79.
3528 36 0 60 77.
3564 12 0 62 75.
3576 6 0 65 77.
3582 3 0 60 75.
3585 3 0 60 77.
3588 12 0 63 75.
3600 12 0 62 74.
3612 12 0 66 75.
3624 12 0 69 77.
3636 5 0 73 79.
3643 5 0 77 79.
3648 24 0 65 72.
3792 48 0 75 77.
3840 48 0 75 75.
3912 36 0 70 74.
3948 12 0 67 72.
3960 6 0 70 74.
3966 3 0 65 72.
3969 3 0 65 74.
3972 12 0 68 72.
3984 12 0 67 71.
3996 12 0 70 72.
4008 12 0 73 74.
4020 12 0 76 75.
4032 24 0 81 67.
4080 60 0 88 84.
4140 12 0 60 83.
4152 12 0 64 82.
4164 12 0 68 81.
4176 12 0 73 80.
4188 12 0 72 77.
4200 12 0 65 68.
4212 24 0 70 73.
4236 12 0 75 72.
4248 12 0 72 73.
4260 12 0 76 72.
4272 12 0 81 75.
4284 12 0 84 76.
4296 12 0 87 80.
4308 12 0 86 79.
4320 12 0 67 65.
4332 12 0 83 72.
4344 12 0 88 77.
4356 12 0 90 79.
4368 12 0 94 82.
4380 12 0 93 80.
4392 12 0 85 72.
4404 12 0 86 74.
4416 46 0 87 75.
4488 8 0 82 72.
4496 8 0 84 74.
4504 8 0 82 72.
4512 46 0 79 67.
4584 8 0 90 67.
4592 8 0 92 68.
4600 8 0 96 67.
4608 264 0 90 60.
4800 72 0 37 55.
4896 36 0 28 53.
4896 36 0 34 59.
4944 24 0 28 53.
4944 24 0 34 59.
4980 8 0 28 53.
4980 8 0 34 59.
4992 36 0 35 52.
4992 36 0 51 64.
5040 36 0 45 52.
5088 36 0 46 52.
5136 36 0 40 55.
5136 36 0 53 64.
5184 72 0 40 55.
5184 72 0 55 67.
5280 36 0 40 57.
5280 36 0 53 64.
5322 6 0 52 64.
5328 24 0 40 52.
5328 24 0 52 62.
5364 8 0 40 52.
5364 84 0 55 60.
5376 72 0 40 54.
5472 36 0 34 50.
5472 36 0 40 59.
5520 36 0 40 55.
5520 36 0 40 65.
5556 84 0 42 36.
5564 76 0 46 48.
5568 72 0 45 64.
5568 72 0 60 76.
5664 36 0 40 62.
5664 36 0 53 74.
5712 16 0 40 64.
5712 16 0 55 76.
5736 16 0 40 65.
5736 16 0 50 71.
5746 50 0 40 36.
5750 46 0 45 48.
5754 42 0 51 64.
5758 38 0 57 72.
5808 36 0 46 55.
5808 36 0 54 64.
5856 36 0 50 60.
5856 36 0 58 69.
5895 3 0 50 64.
5898 3 0 54 67.
5901 3 0 58 71.
5904 46 0 66 76.
5934 90 0 62 43.
5938 86 0 58 52.
5942 82 0 60 60.
5946 78 0 62 67.
5952 72 0 74 79.
6048 36 0 50 64.
6048 36 0 58 71.
6096 24 0 46 60.
6096 24 0 52 69.
6132 2 0 43 59.
6132 2 0 53 67.
6136 1 0 49 59.
6138 78 0 43 59.
6142 74 0 53 67.
6228 84 0 35 36.
6232 80 0 37 48.
6236 76 0 40 60.
6240 72 0 48 72.
6336 72 0 50 69.
6336 72 0 60 81.
6432 36 0 45 67.
6432 36 0 56 79.
6480 36 0 42 67.
6480 36 0 52 72.
6528 36 0 40 66.
6528 36 0 50 74.
6576 24 0 40 60.
6576 24 0 50 69.
6612 8 0 43 62.
6612 8 0 53 74.
6624 36 0 45 62.
6624 36 0 55 74.
6672 36 0 40 62.
6672 36 0 50 74.
6714 78 0 45 71.
6720 72 0 60 83.
6816 36 0 45 69.
6816 36 0 55 81.
6864 36 0 48 69.
6864 36 0 58 75.
6912 72 0 30 68.
6912 72 0 40 76.
7008 36 0 28 67.
7008 36 0 34 76.
7056 36 0 28 65.
7056 16 0 34 74.
7100 76 0 32 76.
7200 36 0 24 65.
7200 36 0 28 71.
7200 36 0 35 79.
7248 16 0 26 65.
7248 16 0 30 71.
7248 16 0 37 79.
7272 16 0 26 65.
7272 16 0 31 71.
7272 16 0 39 79.
7296 36 0 25 64.
7296 36 0 52 76.
7344 36 0 40 55.
7344 36 0 46 64.
7392 36 0 50 60.
7392 36 0 60 69.
7440 36 0 55 64.
7440 36 0 65 72.
7488 16 0 55 67.
7488 16 0 65 76.
7512 8 0 53 54.
7520 8 0 54 55.
7528 8 0 55 55.
7536 8 0 56 55.
7544 8 0 58 56.
7552 8 0 60 56.
7560 8 0 64 56.
7568 8 0 68 55.
7576 6 0 75 55.
7590 42 0 70 64.
7590 42 0 80 76.
7632 24 0 65 62.
7632 24 0 75 74.
7656 24 0 60 55.
7656 24 0 70 65.
7680 22 0 65 62.
7680 22 0 75 67.
7704 8 0 55 54.
7712 8 0 56 55.
7720 8 0 57 55.
7728 8 0 58 56.
7736 8 0 60 57.
7744 8 0 62 57.
7752 8 0 64 58.
7760 8 0 67 59.
7768 8 0 70 59.
7776 96 0 70 60.
7776 96 0 75 72.
7872 22 0 80 69.
7872 22 0 85 81.
7896 8 0 58 59.
7904 8 0 59 60.
7912 8 0 60 60.
7920 8 0 61 60.
7928 8 0 62 61.
7936 8 0 64 61.
7944 8 0 66 61.
7952 8 0 69 62.
7960 8 0 72 63.
7968 22 0 78 67.
7968 22 0 71 75.
7992 8 0 58 60.
8000 8 0 59 61.
8008 8 0 60 61.
8016 8 0 61 61.
8024 8 0 62 62.
8032 8 0 64 62.
8040 8 0 66 62.
8048 8 0 69 63.
8056 8 0 76 67.
8056 8 0 85 72.
8064 22 0 78 66.
8064 22 0 82 74.
8088 8 0 60 61.
8096 8 0 61 62.
8104 8 0 62 62.
8112 8 0 70 62.
8120 8 0 65 63.
8128 8 0 66 63.
8136 8 0 67 63.
8144 8 0 75 64.
8152 8 0 70 64.
8160 8 0 71 64.
8168 8 0 72 65.
8176 8 0 74 65.
8184 8 0 83 65.
8192 8 0 77 66.
8200 8 0 78 66.
8208 8 0 79 66.
8216 8 0 85 67.
8224 8 0 81 68.
8232 8 0 82 68.
8240 8 0 83 69.
8248 8 0 84 70.
8256 22 0 85 71.
8256 22 0 95 83.
8280 8 0 68 61.
8288 8 0 69 62.
8296 8 0 70 62.
8304 8 0 71 62.
8312 8 0 72 63.
8320 8 0 74 63.
8328 8 0 76 63.
8336 8 0 79 64.
8344 8 0 82 65.
8352 22 0 88 69.
8352 22 0 85 74.
8376 8 0 68 62.
8384 8 0 69 63.
8392 8 0 70 63.
8400 8 0 71 63.
8408 8 0 72 64.
8416 8 0 74 64.
8424 8 0 76 64.
8432 8 0 79 65.
8440 8 0 85 69.
8440 8 0 91 75.
8448 22 0 83 68.
8448 22 0 89 76.
8472 8 0 70 63.
8480 8 0 67 64.
8488 8 0 69 64.
8496 8 0 70 64.
8504 8 0 71 65.
8512 8 0 77 65.
8520 8 0 73 65.
8528 8 0 80 66.
8536 8 0 81 66.
8544 8 0 82 66.
8552 8 0 82 67.
8560 8 0 84 67.
8568 8 0 86 67.
8576 8 0 88 67.
8576 8 0 88 79.
8584 8 0 90 67.
8584 8 0 90 79.
8592 8 0 92 67.
8592 8 0 92 79.
8600 8 0 94 67.
8600 8 0 94 79.
8608 8 0 96 67.
8608 8 0 96 79.
8616 8 0 98 67.
8616 8 0 96 77.
8624 8 0 100 67.
8624 8 0 98 77.
8632 8 0 100 67.
8632 8 0 98 77.
8640 22 0 110 76.
8640 22 0 110 88.
8664 3 0 85 54.
8667 3 0 81 55.
8670 3 0 79 57.
8673 3 0 75 55.
8676 3 0 71 57.
8679 3 0 70 55.
8682 3 0 69 57.
8685 3 0 67 55.
8688 3 0 69 57.
8691 3 0 67 55.
8694 3 0 69 57.
8697 3 0 67 55.
8700 3 0 69 57.
8703 3 0 67 55.
8706 3 0 69 57.
8709 3 0 67 55.
8712 3 0 69 57.
8715 3 0 68 55.
8718 3 0 71 57.
8721 3 0 70 55.
8724 3 0 70 57.
8727 3 0 71 55.
8730 3 0 79 54.
8733 3 0 85 55.
8736 24 0 108 76.
8736 24 0 108 88.
8766 24 0 104 74.
8766 24 0 104 86.
8790 24 0 110 76.
8790 24 0 110 88.
8814 16 0 115 77.
8814 16 0 110 83.
8832 8 0 113 76.
8832 8 0 108 84.
8840 8 0 99 84.
8848 8 0 101 86.
8856 8 0 99 84.
8864 8 0 97 79.
8872 8 0 99 81.
8880 8 0 97 79.
8888 8 0 95 76.
8896 8 0 97 77.
8904 8 0 95 76.
8912 8 0 93 72.
8920 8 0 95 74.
8928 8 0 93 72.
8936 8 0 91 67.
8944 8 0 93 69.
8952 8 0 92 67.
8960 8 0 91 64.
8968 8 0 94 65.
8976 8 0 93 64.
8984 8 0 92 60.
8992 8 0 95 62.
9000 8 0 94 60.
9008 8 0 93 57.
9016 8 0 92 52.
9024 8 0 107 55.
9024 8 0 103 64.
9032 8 0 101 75.
9040 8 0 100 74.
9048 8 0 99 73.
9056 8 0 98 72.
9064 8 0 97 71.
9072 8 0 96 70.
9080 8 0 95 69.
9088 8 0 94 68.
9096 8 0 93 67.
9104 8 0 92 66.
9112 8 0 91 65.
9120 48 0 115 76.
9120 48 0 120 88.
9168 24 0 108 74.
9168 24 0 108 86.
9192 22 0 102 65.
9192 22 0 98 74.
9222 16 0 115 74.
9222 16 0 107 79.
9222 16 0 115 86.
9240 8 0 106 88.
9248 8 0 105 86.
9256 8 0 104 81.
9264 8 0 103 79.
9272 8 0 102 76.
9280 8 0 101 74.
9288 8 0 100 69.
9296 8 0 99 67.
9304 8 0 94 55.
9304 8 0 88 65.
9312 46 0 96 60.
9312 46 0 96 72.
9424 16 0 38 67.
9424 16 0 42 75.
9440 16 0 42 67.
9440 16 0 46 75.
9456 16 0 46 67.
9456 16 0 50 75.
9472 16 0 46 72.
9488 16 0 44 72.
9504 16 0 42 68.
9504 16 0 46 75.
9520 16 0 46 68.
9520 16 0 50 75.
9536 16 0 50 68.
9536 16 0 54 75.
9552 16 0 54 68.
9552 16 0 58 75.
9568 16 0 50 72.
9584 16 0 44 72.
9600 16 0 40 65.
9600 16 0 44 74.
9616 16 0 44 65.
9616 16 0 48 74.
9632 16 0 48 65.
9632 16 0 52 74.
9648 16 0 48 65.
9648 16 0 52 74.
9664 16 0 46 65.
9664 16 0 50 74.
9680 16 0 46 65.
9680 22 0 74 74.
9696 6 0 46 67.
9708 6 0 50 67.
9708 6 0 73 75.
9720 6 0 53 67.
9720 6 0 76 77.
9732 6 0 50 67.
9732 6 0 73 75.
9744 6 0 47 67.
9744 6 0 76 74.
9756 6 0 50 67.
9756 6 0 79 75.
9768 6 0 53 67.
9768 6 0 82 77.
9780 6 0 56 67.
9780 6 0 80 79.
9792 16 0 46 68.
9808 16 0 48 68.
9824 16 0 50 68.
9840 16 0 50 63.
9840 36 0 78 72.
9856 16 0 54 68.
9872 8 0 56 68.
9880 8 0 54 63.
9880 8 0 82 72.
9888 16 0 56 62.
9888 48 0 80 74.
9904 16 0 57 68.
9920 16 0 56 68.
9936 16 0 52 62.
9936 16 0 76 72.
9952 16 0 48 62.
9968 8 0 40 62.
9976 8 0 40 60.
9976 8 0 72 68.
9984 16 0 36 60.
9984 16 0 40 65.
10000 16 0 40 62.
10016 16 0 42 62.
10032 8 0 36 59.
10032 8 0 40 65.
10040 4 0 60 70.
10044 12 0 36 59.
10044 12 0 40 65.
10056 12 0 35 59.
10056 12 0 39 65.
10068 12 0 34 53.
10068 12 0 38 59.
10080 8 0 38 51.
10080 8 0 66 63.
10088 6 0 34 51.
10088 6 0 60 60.
10096 14 0 38 51.
10112 14 0 40 51.
10128 14 0 42 51.
10144 14 0 40 51.
10160 14 0 38 51.
10176 14 0 38 51.
10176 14 0 42 58.
10192 16 0 38 67.
10192 16 0 42 75.
10208 16 0 42 67.
10208 16 0 46 75.
10224 16 0 46 67.
10224 16 0 50 75.
10240 16 0 44 70.
10256 16 0 40 70.
10272 16 0 42 68.
10272 16 0 46 75.
10288 16 0 46 68.
10288 16 0 50 75.
10304 16 0 50 68.
10304 16 0 54 75.
10320 16 0 54 68.
10320 16 0 58 75.
10336 16 0 50 72.
10352 16 0 44 72.
10368 16 0 42 70.
10384 16 0 46 70.
10400 16 0 48 68.
10400 16 0 52 74.
10416 16 0 52 74.
10432 16 0 50 74.
10448 16 0 46 68.
10448 22 0 80 77.
10464 6 0 46 72.
10476 6 0 44 67.
10476 6 0 78 75.
10488 6 0 46 67.
10488 6 0 80 77.
10500 6 0 47 67.
10500 6 0 79 75.
10512 6 0 46 67.
10512 6 0 78 74.
10524 6 0 50 67.
10524 6 0 82 75.
10536 6 0 50 67.
10536 6 0 54 72.
10548 6 0 46 67.
10548 6 0 50 72.
10560 16 0 44 62.
10560 16 0 48 70.
10576 16 0 46 67.
10592 16 0 74 62.
10608 12 0 46 62.
10620 12 0 50 62.
10632 12 0 52 62.
10632 12 0 82 72.
10644 12 0 56 62.
10644 12 0 86 74.
10656 16 0 56 63.
10656 80 0 82 75.
10672 16 0 58 67.
10688 16 0 56 67.
10704 16 0 54 66.
10720 16 0 52 66.
10736 16 0 44 60.
10736 16 0 74 66.
10752 16 0 44 58.
10752 32 0 68 66.
10768 16 0 44 62.
10784 16 0 40 58.
10784 110 0 70 67.
10800 16 0 42 62.
10816 16 0 41 62.
10832 16 0 40 62.
10848 16 0 38 62.
10864 16 0 41 62.
10880 16 0 44 62.
10896 16 0 45 59.
10896 96 0 72 67.
10912 16 0 50 62.
10928 16 0 44 62.
10944 16 0 46 62.
10960 16 0 48 63.
10976 16 0 50 63.
10992 16 0 48 60.
10992 80 0 82 68.
11008 16 0 48 63.
11024 16 0 50 63.
11040 16 0 52 61.
11056 16 0 54 61.
11072 16 0 56 61.
11072 16 0 88 73.
11088 16 0 56 65.
11088 16 0 60 73.
11104 16 0 64 68.
11120 16 0 68 70.
11120 16 0 100 82.
11136 16 0 62 66.
11136 16 0 66 75.
11152 16 0 60 68.
11168 16 0 56 68.
11184 16 0 52 68.
11200 16 0 48 68.
11216 8 0 44 66.
11216 8 0 48 75.
11224 8 0 44 66.
11224 8 0 74 77.
11232 16 0 42 65.
11232 16 0 46 73.
11248 16 0 46 68.
11264 16 0 48 68.
11280 16 0 50 68.
192 24 0 37 36.
240 24 0 25 55.
240 24 0 35 67.
288 24 0 40 36.
336 24 0 25 56.
336 24 0 35 68.
384 24 0 32 35.
432 24 0 28 55.
432 24 0 35 65.
480 24 0 35 36.
528 24 0 28 55.
528 24 0 35 63.
576 24 0 35 32.
624 24 0 25 60.
624 24 0 35 68.
672 24 0 40 29.
720 24 0 28 53.
720 24 0 38 62.
768 24 0 30 31.
816 24 0 35 53.
864 24 0 25 24.
912 24 0 30 51.
960 24 0 40 27.
1008 24 0 20 55.
1008 24 0 30 63.
1056 24 0 45 32.
1104 24 0 30 53.
1104 24 0 40 63.
1152 24 0 50 34.
1200 24 0 42 58.
1200 24 0 48 68.
1236 10 0 45 35.
1248 24 0 45 36.
1296 24 0 32 57.
1296 24 0 38 67.
1344 24 0 45 38.
1392 24 0 35 58.
1440 24 0 50 26.
1488 24 0 33 57.
1536 24 0 45 31.
1584 24 0 22 50.
1584 24 0 32 62.
1620 12 0 35 38.
1632 24 0 25 31.
1680 24 0 20 50.
1680 24 0 30 62.
1728 24 0 40 30.
1776 24 0 25 54.
1776 24 0 35 60.
1824 24 0 40 29.
1872 24 0 25 53.
1872 24 0 35 61.
1920 24 0 40 24.
1968 24 0 32 51.
1968 24 0 38 63.
2016 24 0 35 25.
2064 24 0 32 53.
2064 24 0 38 61.
2100 12 0 45 36.
2112 24 0 45 35.
2160 24 0 35 55.
2160 24 0 40 65.
2208 24 0 45 36.
2256 24 0 38 55.
2256 24 0 43 67.
2304 24 0 45 38.
2352 24 0 25 55.
2352 24 0 35 65.
2400 24 0 30 39.
2448 24 0 35 55.
2448 24 0 35 67.
2484 12 0 40 39.
2496 24 0 35 41.
2544 24 0 30 56.
2544 24 0 40 68.
2592 24 0 40 39.
2640 24 0 40 55.
2640 24 0 45 67.
2676 12 0 45 36.
2688 24 0 40 35.
2736 24 0 35 55.
2736 24 0 40 65.
2784 24 0 50 36.
2832 24 0 35 55.
2832 24 0 40 63.
2868 12 0 58 36.
2880 24 0 35 29.
2928 24 0 25 53.
2928 24 0 35 68.
2976 24 0 30 32.
3024 24 0 20 53.
3024 24 0 30 68.
3072 24 0 25 34.
3120 24 0 30 53.
3120 24 0 33 62.
3156 12 0 45 34.
3168 24 0 50 35.
3216 24 0 46 55.
3216 24 0 52 65.
3252 12 0 55 31.
3264 24 0 60 36.
3312 24 0 35 60.
3312 24 0 45 70.
3360 24 0 55 29.
3408 24 0 35 60.
3408 24 0 45 68.
3456 24 0 55 34.
3504 24 0 43 53.
3504 24 0 50 62.
3552 24 0 50 39.
3600 24 0 43 55.
3600 24 0 50 62.
3648 24 0 50 32.
3696 24 0 43 56.
3696 24 0 53 68.
3744 24 0 55 38.
3792 24 0 38 56.
3792 24 0 48 65.
3840 24 0 50 31.
3888 24 0 45 55.
3888 24 0 55 65.
3936 24 0 55 32.
3984 24 0 45 51.
3984 24 0 55 63.
4032 24 0 60 27.
4080 24 0 45 51.
4080 24 0 55 60.
4128 24 0 53 29.
4176 24 0 44 49.
4176 24 0 54 61.
4224 24 0 65 31.
4272 24 0 57 52.
4272 24 0 63 60.
4320 24 0 70 32.
4368 24 0 63 53.
4416 24 0 75 31.
4464 24 0 65 51.
4464 24 0 75 60.
4512 24 0 80 31.
4560 24 0 73 50.
4560 24 0 83 59.
4608 190 0 85 24.
4656 48 0 70 55.
4704 48 0 58 54.
4752 46 0 40 53.
4896 36 0 25 31.
4944 24 0 28 43.
4980 8 0 30 43.
4992 36 0 25 36.
5040 36 0 27 36.
5088 36 0 29 36.
5088 36 0 34 48.
5136 36 0 31 36.
5184 72 0 30 36.
5184 72 0 36 52.
5280 36 0 35 45.
5328 24 0 30 33.
5364 8 0 30 33.
5376 72 0 35 50.
5472 36 0 30 31.
5520 36 0 30 43.
5664 36 0 29 36.
5664 36 0 37 53.
5712 16 0 31 36.
5712 16 0 39 48.
5736 8 0 33 36.
5736 8 0 41 50.
5808 36 0 35 36.
5808 36 0 45 52.
5856 36 0 40 45.
5856 36 0 50 57.
5896 8 0 50 40.
6048 36 0 30 40.
6048 36 0 40 56.
6096 16 0 31 41.
6096 16 0 41 57.
6132 8 0 35 43.
6132 8 0 41 55.
6144 96 0 35 43.
6144 42 0 41 55.
6336 72 0 33 41.
6336 72 0 41 53.
6432 36 0 30 40.
6432 36 0 40 55.
6480 36 0 31 39.
6480 36 0 43 57.
6528 36 0 31 38.
6528 36 0 39 50.
6576 24 0 33 42.
6576 24 0 45 57.
6612 8 0 33 42.
6612 8 0 43 58.
6624 36 0 33 43.
6624 36 0 43 59.
6672 36 0 35 45.
6672 36 0 45 60.
6714 78 0 35 43.
6718 74 0 39 55.
6816 36 0 30 42.
6816 36 0 40 57.
6864 36 0 31 41.
6864 36 0 39 51.
6906 78 0 29 40.
6910 74 0 33 52.
7008 36 0 26 40.
7008 36 0 32 52.
7056 30 0 27 43.
7056 30 0 35 59.
7092 84 0 25 36.
7100 76 0 31 48.
7194 42 0 31 36.
7200 36 0 35 55.
7242 22 0 36 36.
7248 16 0 40 55.
7266 66 0 41 36.
7272 16 0 45 55.
7296 36 0 45 48.
7344 36 0 30 36.
7344 36 0 40 52.
7392 36 0 45 45.
7392 36 0 55 57.
7440 36 0 55 43.
7440 36 0 65 60.
7488 16 0 62 31.
7512 8 0 48 30.
7520 8 0 49 31.
7528 8 0 50 31.
7536 8 0 51 31.
7544 8 0 53 32.
7552 8 0 55 32.
7560 8 0 59 32.
7568 8 0 63 31.
7576 8 0 70 31.
7584 48 0 59 43.
7588 44 0 65 53.
7632 24 0 55 43.
7632 24 0 50 53.
7656 22 0 50 31.
7680 22 0 50 43.
7680 22 0 48 53.
7704 8 0 45 30.
7712 8 0 46 31.
7720 8 0 47 31.
7728 8 0 48 32.
7736 8 0 49 33.
7744 8 0 50 33.
7752 8 0 52 34.
7760 8 0 54 35.
7768 8 0 57 35.
7776 96 0 65 36.
7872 22 0 55 41.
7872 22 0 60 53.
7896 8 0 48 35.
7904 8 0 49 36.
7912 8 0 50 36.
7920 8 0 51 36.
7928 8 0 52 37.
7936 8 0 54 37.
7944 8 0 56 37.
7952 8 0 59 38.
7960 8 0 62 39.
7968 22 0 61 51.
7968 22 0 60 60.
7992 8 0 48 36.
8000 8 0 49 37.
8008 8 0 50 37.
8016 8 0 51 37.
8024 8 0 52 38.
8032 8 0 54 38.
8040 8 0 56 38.
8048 8 0 59 39.
8056 8 0 71 51.
8056 8 0 65 57.
8064 22 0 65 38.
8064 22 0 65 50.
8088 8 0 50 37.
8096 8 0 51 38.
8104 8 0 53 38.
8112 8 0 63 38.
8120 8 0 59 39.
8128 8 0 60 39.
8136 8 0 61 39.
8144 8 0 67 40.
8152 8 0 63 40.
8160 8 0 65 40.
8168 8 0 67 41.
8176 8 0 69 41.
8184 8 0 78 41.
8192 8 0 72 42.
8200 8 0 73 42.
8208 8 0 74 42.
8216 8 0 80 43.
8224 8 0 76 44.
8232 8 0 77 44.
8240 8 0 78 45.
8248 8 0 79 46.
8256 22 0 80 43.
8256 22 0 80 59.
8280 8 0 58 37.
8288 8 0 59 38.
8296 8 0 60 38.
8304 8 0 61 38.
8312 8 0 62 39.
8320 8 0 64 39.
8328 8 0 66 39.
8336 8 0 69 40.
8344 8 0 72 41.
8352 22 0 75 53.
8352 22 0 70 59.
8352 22 0 75 65.
8376 8 0 58 38.
8384 8 0 59 39.
8392 8 0 60 39.
8400 8 0 61 39.
8408 8 0 62 40.
8416 8 0 64 40.
8424 8 0 66 40.
8432 8 0 69 41.
8440 8 0 77 53.
8440 8 0 72 59.
8440 8 0 77 65.
8448 22 0 77 52.
8448 22 0 77 64.
8472 8 0 65 39.
8480 8 0 62 40.
8488 8 0 64 40.
8496 8 0 65 40.
8504 8 0 66 41.
8512 8 0 72 41.
8520 8 0 68 41.
8528 8 0 75 42.
8536 8 0 76 42.
8544 8 0 77 42.
8552 8 0 77 43.
8560 8 0 79 43.
8568 8 0 81 43.
8576 8 0 83 44.
8584 8 0 85 45.
8592 8 0 87 46.
8600 8 0 89 47.
8608 8 0 91 48.
8616 8 0 93 49.
8624 8 0 95 50.
8632 8 0 95 51.
8640 22 0 80 48.
8640 22 0 90 60.
8664 3 0 81 42.
8667 3 0 77 43.
8670 3 0 75 45.
8673 3 0 69 43.
8676 3 0 65 45.
8679 3 0 64 43.
8682 3 0 63 45.
8685 3 0 61 43.
8688 3 0 63 45.
8691 3 0 61 43.
8694 3 0 63 45.
8697 3 0 61 43.
8700 3 0 63 45.
8703 3 0 61 43.
8706 3 0 63 45.
8709 3 0 61 43.
8712 3 0 63 45.
8715 3 0 61 43.
8718 3 0 63 45.
8721 3 0 62 43.
8724 3 0 65 45.
8727 3 0 64 43.
8730 3 0 73 42.
8733 19 0 79 43.
8754 22 0 71 55.
8758 18 0 75 65.
8778 22 0 77 55.
8784 16 0 91 60.
8802 22 0 77 55.
8806 18 0 85 67.
8826 14 0 83 48.
8830 10 0 91 60.
8840 8 0 94 60.
8848 8 0 96 62.
8856 8 0 94 60.
8864 8 0 92 55.
8872 8 0 94 57.
8880 8 0 92 55.
8888 8 0 90 52.
8896 8 0 92 53.
8904 8 0 90 52.
8912 8 0 88 48.
8920 8 0 90 50.
8928 8 0 88 48.
8936 8 0 86 43.
8944 8 0 88 45.
8952 8 0 84 43.
8960 8 0 86 40.
8968 8 0 89 41.
8976 8 0 88 40.
8984 8 0 87 36.
8992 8 0 90 38.
9000 8 0 89 36.
9008 8 0 88 33.
9016 8 0 87 28.
9024 8 0 96 31.
9032 8 0 96 51.
9040 8 0 95 50.
9048 8 0 94 49.
9056 8 0 93 48.
9064 8 0 92 47.
9072 8 0 91 46.
9080 8 0 90 45.
9088 8 0 89 44.
9096 8 0 88 43.
9104 8 0 87 42.
9112 8 0 86 41.
9120 8 0 85 40.
9128 8 0 86 39.
9136 8 0 87 38.
9144 8 0 88 37.
9152 8 0 89 36.
9160 8 0 90 35.
9168 8 0 91 34.
9176 8 0 92 33.
9184 8 0 93 32.
9192 8 0 94 31.
9200 8 0 95 30.
9208 8 0 96 33.
9216 22 0 77 43.
9220 18 0 85 53.
9240 8 0 105 64.
9248 8 0 103 62.
9256 8 0 102 57.
9264 8 0 100 55.
9272 8 0 99 52.
9280 8 0 97 50.
9288 8 0 95 45.
9296 8 0 94 43.
9304 8 0 85 31.
9312 8 0 90 24.
9320 8 0 60 31.
9328 6 0 63 31.
9336 8 0 59 31.
9344 8 0 58 36.
9352 8 0 55 36.
9360 8 0 53 36.
9368 8 0 51 43.
9376 6 0 48 43.
9384 8 0 45 43.
9392 8 0 40 48.
9400 8 0 35 48.
9408 16 0 34 48.
9424 16 0 38 51.
9440 16 0 42 55.
9456 16 0 38 51.
9472 16 0 42 55.
9488 14 0 38 51.
9504 16 0 54 41.
9520 16 0 42 53.
9536 16 0 46 56.
9552 16 0 42 53.
9568 16 0 46 56.
9584 14 0 42 53.
9600 16 0 52 35.
9616 16 0 38 47.
9632 16 0 42 50.
9648 16 0 38 47.
9664 16 0 42 50.
9680 14 0 38 47.
9696 16 0 54 36.
9712 16 0 38 48.
9728 16 0 42 51.
9744 16 0 38 48.
9760 16 0 42 51.
9776 14 0 38 48.
9792 16 0 54 32.
9808 16 0 38 48.
9824 16 0 42 51.
9840 16 0 38 48.
9856 16 0 42 51.
9872 14 0 38 48.
9888 16 0 60 29.
9904 16 0 42 50.
9904 16 0 46 56.
9920 16 0 44 53.
9920 16 0 48 60.
9936 16 0 42 50.
9936 16 0 46 56.
9952 16 0 44 53.
9952 16 0 48 60.
9968 14 0 42 50.
9968 14 0 46 56.
9984 16 0 58 31.
10000 16 0 40 43.
10016 16 0 46 50.
10032 16 0 44 43.
10048 16 0 50 50.
10064 14 0 49 43.
10080 16 0 62 36.
10096 16 0 48 43.
10112 16 0 46 48.
10128 16 0 44 43.
10144 16 0 42 48.
10160 14 0 36 43.
10176 14 0 54 27.
10192 16 0 40 51.
10208 16 0 42 55.
10224 16 0 40 51.
10240 16 0 42 55.
10256 14 0 40 51.
10272 16 0 54 32.
10288 16 0 40 53.
10304 16 0 42 56.
10320 16 0 40 53.
10336 16 0 42 56.
10352 14 0 40 53.
10368 16 0 54 34.
10384 16 0 40 46.
10400 16 0 42 53.
10416 16 0 40 46.
10432 16 0 42 53.
10448 14 0 52 35.
10464 16 0 54 36.
10480 16 0 40 48.
10496 16 0 42 51.
10512 16 0 40 48.
10528 16 0 42 51.
10544 14 0 40 48.
10560 16 0 52 38.
10576 16 0 40 46.
10592 16 0 42 50.
10608 16 0 44 46.
10624 16 0 48 50.
10640 14 0 64 38.
10656 16 0 68 26.
10672 16 0 52 50.
10688 16 0 54 57.
10704 16 0 50 50.
10720 16 0 50 57.
10736 14 0 44 50.
10752 16 0 60 31.
10768 16 0 50 43.

