144 48 0 46 59.
192 72 0 54 68.
264 24 0 52 69.
288 24 0 61 71.
312 24 0 74 75.
336 24 0 70 76.
360 24 0 60 73.
384 96 0 54 71.
480 72 0 50 66.
552 24 0 56 68.
576 96 0 54 64.
672 24 0 58 66.
696 24 0 64 68.
720 24 0 66 69.
744 24 0 66 71.
768 94 0 60 73.
888 48 0 60 73.
936 24 0 53 71.
960 48 0 42 71.
1008 46 0 38 69.
1080 24 0 50 68.
1104 16 0 57 68.
1120 24 0 60 66.
1144 7 0 58 65.
1152 48 0 66 65.
1200 46 0 46 66.
1272 24 0 54 58.
1296 24 0 67 59.
1320 24 0 70 69.
1344 48 0 60 68.
1392 24 0 61 63.
1416 24 0 58 64.
1440 16 0 52 63.
1456 16 0 53 64.
1472 16 0 51 63.
1488 16 0 48 64.
1504 16 0 46 66.
1520 16 0 44 61.
1536 96 0 40 64.
1632 14 0 38 63.
1648 24 0 42 75.
1672 8 0 40 73.
1680 16 0 40 73.
1696 16 0 44 71.
1712 16 0 42 69.
1728 70 0 40 68.
1800 24 0 39 69.
1824 12 0 38 71.
1836 12 0 40 76.
1848 12 0 45 78.
1860 12 0 47 80.
1872 8 0 42 78.
1880 8 0 40 76.
1888 8 0 38 71.
1896 8 0 42 73.
1904 8 0 40 68.
1912 8 0 44 73.
1920 96 0 48 71.
2016 70 0 52 66.
2088 24 0 58 68.
2112 48 0 60 64.
2160 24 0 65 63.
2184 24 0 69 64.
2208 36 0 68 66.
2244 12 0 67 68.
2256 24 0 74 69.
2280 24 0 73 71.
2304 94 0 76 73.
2424 48 0 74 73.
2472 12 0 66 71.
2484 4 0 60 70.
2488 4 0 57 71.
2492 4 0 62 73.
2496 48 0 68 71.
2544 72 0 65 70.
2616 24 0 70 71.
2640 24 0 75 73.
2664 24 0 72 74.
2688 72 0 73 75.
2760 22 0 68 73.
2784 24 0 66 70.
2808 24 0 69 71.
2832 22 0 74 61.
2868 12 0 68 80.
2880 48 0 70 80.
2928 72 0 62 66.
3000 24 0 56 71.
3024 36 0 52 75.
3060 12 0 46 73.
3072 96 0 44 70.
3168 46 0 40 71.
3264 72 0 40 68.
3336 24 0 38 69.
3360 24 0 40 71.
3384 24 0 44 73.
3408 24 0 49 76.
3432 24 0 47 74.
3456 96 0 42 65.
3552 46 0 43 66.
3648 72 0 62 70.
3720 24 0 66 71.
3744 24 0 72 73.
3768 24 0 72 75.
3792 24 0 78 78.
3816 24 0 74 76.
3840 96 0 62 67.
3936 24 0 62 68.
3960 24 0 66 69.
3984 24 0 72 73.
4008 24 0 70 71.
4032 94 0 70 65.
4128 24 0 74 66.
4152 24 0 74 67.
4176 24 0 79 71.
4200 24 0 77 69.
4224 48 0 82 69.
4272 18 0 82 67.
4290 6 0 78 66.
4296 12 0 80 64.
4308 12 0 84 63.
4320 94 0 86 63.
4416 8 0 78 64.
4424 48 0 100 79.
4472 8 0 84 76.
4480 8 0 74 72.
4488 8 0 70 67.
4496 8 0 68 64.
4504 6 0 74 60.
4512 5 0 68 55.
4554 6 0 68 52.
4560 12 0 64 67.
4596 12 0 60 58.
4608 94 0 54 59.
4704 24 0 45 61.
4728 24 0 52 63.
4752 36 0 48 64.
4788 12 0 44 66.
4800 72 0 42 68.
4872 22 0 41 69.
4896 6 0 38 71.
4902 6 0 44 76.
4908 6 0 46 78.
4914 6 0 48 80.
4920 6 0 48 83.
4926 6 0 48 88.
4932 6 0 49 90.
4938 6 0 50 92.
4944 6 0 49 90.
4950 6 0 48 88.
4956 6 0 46 83.
4962 6 0 45 80.
4968 6 0 44 78.
4974 6 0 45 76.
4980 6 0 47 71.
4986 6 0 45 73.
4992 6 0 49 68.
4998 6 0 46 73.
5004 96 0 48 71.
5100 72 0 47 66.
5172 24 0 40 67.
5196 72 0 38 64.
5268 24 0 38 65.
5292 24 0 42 67.
5316 24 0 50 71.
5340 24 0 52 72.
5364 24 0 46 69.
5388 96 0 48 67.
5484 72 0 47 62.
5556 24 0 54 64.
5580 120 0 56 61.
5700 24 0 60 63.
5724 24 0 64 64.
5748 24 0 65 65.
5772 46 0 66 66.
5820 48 0 72 59.
5868 97 0 72 68.
5976 12 0 65 61.
5988 8 0 72 68.
5996 8 0 70 66.
6004 8 0 74 73.
6012 4 0 78 80.
6016 4 0 76 78.
6020 4 0 74 85.
6024 4 0 72 92.
6028 4 0 66 90.
6032 4 0 65 85.
6036 4 0 64 81.
6040 4 0 63 78.
6044 4 0 62 73.
6048 4 0 58 69.
6052 8 0 54 68.
6060 5 0 58 66.
6102 6 0 52 66.
6108 22 0 48 68.
6144 12 0 46 59.
6156 46 0 36 56.
6300 36 0 51 64.
6336 12 0 52 66.
6348 142 0 42 56.
6348 142 0 54 68.
6492 46 0 46 61.
6540 190 0 44 58.
6540 96 0 54 68.
6636 48 0 52 66.
6684 46 0 48 64.
6732 94 0 46 66.
6828 48 0 51 64.
6876 46 0 42 63.
6924 24 0 34 61.
6924 24 0 44 69.
6948 22 0 38 68.
7044 70 0 62 64.
7068 36 0 78 76.
7104 12 0 80 76.
7116 46 0 58 64.
7116 48 0 78 76.
7164 12 0 70 78.
7176 12 0 68 76.
7188 12 0 61 73.
7200 12 0 61 68.
7212 46 0 50 61.
7260 34 0 54 61.
7296 10 0 64 57.
7296 12 0 74 67.
7308 4 0 52 67.
7312 20 0 58 60.
7320 24 0 68 68.
7380 22 0 66 64.
7404 12 0 68 73.
7416 24 0 70 72.
7440 22 0 52 63.
7476 12 0 80 64.
7488 12 0 82 69.
7500 12 0 74 73.
7512 22 0 72 72.
7536 24 0 72 63.
7560 12 0 78 66.
7572 12 0 80 69.
7584 18 0 76 72.
7602 6 0 86 81.
7608 12 0 84 81.
7620 12 0 79 75.
7632 12 0 78 78.
7644 12 0 72 69.
7656 12 0 73 75.
7668 12 0 68 66.
7680 12 0 72 69.
7692 10 0 76 61.
7704 48 0 66 64.
7716 22 0 46 57.
7740 22 0 52 57.
7752 24 0 68 60.
7764 22 0 55 57.
7776 12 0 71 61.
7788 22 0 52 54.
7788 10 0 73 63.
7836 22 0 56 54.
7860 22 0 60 54.
7884 22 0 58 54.
7884 12 0 72 63.
7896 22 0 71 64.
7908 22 0 54 61.
7920 12 0 74 63.
7932 10 0 54 56.
7932 12 0 73 64.
7944 12 0 74 66.
7956 22 0 60 57.
7956 12 0 75 68.
7968 12 0 74 64.
7980 22 0 58 57.
7980 12 0 72 66.
7992 48 0 70 68.
8004 22 0 55 61.
8028 10 0 48 61.
8040 48 0 68 71.
8052 22 0 40 59.
8076 22 0 38 59.
8076 10 0 38 66.
8100 22 0 44 59.
8124 22 0 45 59.
8136 24 0 74 63.
8148 22 0 44 59.
8160 12 0 66 64.
8172 22 0 44 57.
8172 10 0 64 66.
8196 22 0 46 57.
8220 22 0 50 57.
8244 22 0 53 59.
8244 12 0 79 63.
8256 12 0 76 64.
8268 10 0 54 57.
8268 10 0 54 63.
8280 22 0 76 68.
8292 22 0 48 62.
8304 12 0 74 67.
8316 10 0 50 56.
8316 12 0 76 68.
8328 12 0 77 70.
8340 22 0 49 61.
8340 12 0 78 71.
8352 12 0 75 68.
8364 22 0 48 61.
8364 12 0 76 70.
8376 48 0 77 71.
8388 22 0 52 68.
8412 10 0 51 68.
8424 48 0 80 75.
8436 22 0 46 70.
8460 10 0 42 67.
8472 24 0 72 71.
8484 22 0 43 63.
8496 12 0 68 70.
8508 10 0 43 59.
8508 12 0 64 68.
8520 24 0 66 70.
8532 22 0 45 63.
8544 12 0 73 71.
8556 10 0 46 61.
8556 12 0 70 67.
8568 48 0 65 68.
8580 22 0 44 63.
8604 10 0 43 63.
8616 48 0 63 70.
8628 22 0 42 63.
8652 10 0 39 63.
8664 24 0 66 71.
8676 22 0 44 63.
8688 12 0 71 70.
8700 10 0 40 59.
8700 12 0 64 68.
8712 12 0 64 70.
8724 22 0 43 61.
8724 12 0 67 73.
8736 12 0 65 71.
8748 10 0 39 61.
8748 12 0 63 67.
8760 24 0 60 68.
8772 22 0 42 63.
8784 12 0 69 71.
8796 22 0 40 61.
8796 12 0 62 67.
8808 24 0 58 68.
8820 22 0 38 63.
8832 12 0 62 71.
8844 10 0 36 61.
8844 12 0 56 67.
8856 24 0 50 68.
8868 22 0 35 63.
8880 12 0 50 69.
8892 22 0 36 59.
8892 12 0 55 65.
8904 24 0 56 66.
8916 22 0 37 61.
8928 12 0 56 69.
8940 10 0 36 59.
8940 12 0 57 65.
8952 24 0 58 66.
8964 22 0 36 61.
8976 12 0 52 69.
8988 22 0 35 59.
8988 12 0 54 65.
9000 24 0 50 66.
9012 22 0 35 61.
9024 12 0 47 67.
9036 10 0 33 57.
9048 22 0 36 55.
9048 22 0 50 64.
9108 22 0 75 57.
9132 12 0 61 63.
9144 24 0 60 64.
9168 22 0 58 55.
9204 22 0 90 57.
9228 12 0 74 63.
9240 24 0 70 64.
9264 22 0 70 55.
9300 12 0 97 64.
9312 12 0 98 67.
9324 12 0 100 76.
9336 12 0 94 75.
9348 12 0 86 74.
9360 12 0 82 73.
9372 12 0 82 72.
9384 12 0 84 71.
9396 12 0 68 62.
9396 12 0 88 70.
9408 14 0 86 69.
9422 24 0 72 60.
9422 12 0 80 68.
9448 22 0 65 60.
9472 22 0 64 60.
9484 24 0 80 63.
9496 22 0 63 60.
9508 12 0 75 64.
9520 22 0 62 57.
9520 10 0 77 66.
9568 22 0 64 57.
9592 22 0 65 57.
9592 10 0 81 63.
9604 6 0 82 64.
9616 13 0 68 57.
9616 12 0 88 66.
9628 12 0 80 67.
9640 22 0 58 59.
9652 12 0 76 66.
9664 10 0 60 59.
9664 12 0 78 67.
9676 12 0 84 69.
9688 22 0 66 64.
9712 22 0 62 60.
9712 12 0 77 69.
9724 48 0 74 71.
9736 22 0 52 67.
9760 10 0 47 64.
9772 48 0 66 74.
9784 22 0 36 62.
9808 22 0 35 62.
9820 48 0 66 71.
9832 22 0 36 62.
9856 22 0 38 62.
9868 24 0 63 66.
9880 22 0 40 60.
9892 12 0 61 67.
9904 22 0 39 60.
9904 10 0 62 69.
9916 12 0 62 69.
9928 22 0 44 60.
9940 12 0 63 64.
9952 22 0 50 60.
9964 12 0 67 64.
9976 22 0 53 60.
9976 12 0 70 66.
9988 12 0 69 67.
192 46 0 38 40.
240 48 0 28 52.
240 48 0 32 61.
288 46 0 32 47.
288 46 0 36 59.
336 46 0 22 59.
336 46 0 26 68.
384 46 0 34 35.
432 48 0 34 54.
480 48 0 36 57.
528 46 0 34 47.
576 46 0 28 37.
624 46 0 30 52.
624 46 0 34 61.
672 46 0 30 35.
720 46 0 27 52.
720 46 0 31 62.
768 46 0 28 33.
816 46 0 32 52.
864 46 0 28 32.
912 46 0 22 53.
912 46 0 26 61.
960 46 0 26 30.
1008 48 0 22 49.
1056 48 0 28 53.
1056 48 0 32 62.
1104 46 0 26 61.
1152 46 0 38 42.
1200 46 0 28 49.
1248 46 0 38 39.
1296 46 0 30 47.
1296 46 0 34 57.
1344 46 0 36 40.
1392 46 0 32 47.
1440 46 0 28 37.
1488 46 0 22 52.
1488 46 0 26 58.
1536 46 0 24 35.
1584 48 0 18 56.
1680 46 0 16 59.
1680 46 0 20 69.
1728 46 0 28 40.
1776 48 0 18 52.
1776 48 0 22 61.
1824 48 0 24 47.
1824 46 0 28 59.
1872 46 0 16 59.
1872 46 0 20 68.
1920 46 0 30 35.
1968 48 0 30 54.
2064 48 0 38 36.
2112 46 0 32 37.
2160 46 0 34 52.
2160 46 0 38 61.
2208 46 0 36 35.
2256 46 0 36 52.
2256 46 0 40 62.
2304 46 0 40 33.
2352 46 0 44 52.
2400 46 0 44 31.
2448 46 0 30 52.
2448 46 0 34 64.
2496 46 0 38 30.
2544 46 0 36 54.
2544 46 0 42 64.
2592 46 0 46 28.
2640 46 0 38 56.
2640 46 0 38 68.
2688 46 0 46 27.
2736 34 0 36 58.
2736 34 0 40 67.
2772 46 0 47 44.
2784 34 0 40 59.
2820 58 0 47 41.
2832 46 0 46 59.
2880 46 0 34 30.
2928 46 0 30 54.
2928 46 0 34 64.
2976 46 0 42 42.
3024 46 0 26 54.
3024 46 0 30 64.
3072 46 0 28 47.
3120 46 0 22 54.
3120 46 0 26 64.
3168 46 0 28 47.
3216 46 0 18 54.
3216 46 0 22 63.
3264 46 0 26 50.
3312 46 0 18 54.
3312 46 0 22 62.
3360 46 0 30 44.
3408 46 0 22 54.
3408 46 0 26 66.
3456 46 0 24 37.
3504 46 0 24 49.
3504 46 0 28 59.
3552 46 0 30 30.
3600 46 0 36 49.
3600 46 0 40 57.
3648 46 0 32 40.
3696 46 0 38 56.
3744 46 0 36 34.
3792 46 0 34 56.
3840 46 0 36 39.
3888 46 0 40 58.
3936 46 0 44 38.
3984 46 0 48 59.
4032 46 0 48 37.
4080 46 0 54 59.
4128 46 0 52 36.
4176 46 0 56 57.
4224 46 0 60 35.
4272 48 0 76 57.
4320 48 0 64 57.
4368 24 0 68 55.
4392 22 0 68 54.
4416 46 0 64 35.
4464 46 0 58 47.
4512 46 0 52 58.
4560 46 0 42 47.
4608 24 0 40 35.
4656 96 0 38 54.
4800 46 0 30 40.
4848 48 0 26 52.
4848 48 0 30 61.
4896 52 0 32 47.
4896 52 0 36 59.
4950 52 0 22 59.
4950 52 0 26 68.
5004 46 0 34 35.
5052 48 0 34 47.
5100 46 0 32 57.
5148 46 0 34 35.
5196 46 0 32 36.
5244 48 0 28 52.
5292 48 0 32 43.
5340 46 0 26 55.
5388 46 0 38 31.
5436 48 0 34 43.
5484 46 0 34 53.
5532 94 0 42 43.
5628 46 0 40 52.
5676 48 0 46 30.
5724 48 0 44 28.
5772 46 0 42 27.
5820 46 0 44 47.
5868 46 0 46 28.
5916 46 0 50 52.
5916 46 0 54 62.
5964 58 0 56 33.
6024 34 0 46 54.
6024 34 0 50 64.
6060 46 0 46 35.
6108 46 0 32 57.
6156 24 0 32 40.
6180 12 0 34 49.
6192 12 0 33 46.
6204 12 0 37 49.
6216 12 0 36 47.
6228 12 0 42 52.
6240 12 0 42 51.
6252 12 0 45 54.
6264 12 0 44 52.
6276 12 0 47 56.
6288 12 0 46 55.
6300 12 0 38 57.
6312 12 0 37 56.
6324 12 0 35 54.
6336 12 0 33 52.
6348 46 0 32 51.
6396 12 0 38 49.
6408 12 0 38 48.
6420 12 0 42 51.
6432 12 0 44 49.
6444 12 0 48 52.
6456 12 0 46 51.
6468 12 0 48 54.
6480 12 0 46 52.
6492 12 0 40 57.
6504 12 0 40 56.
6516 12 0 38 54.
6528 12 0 36 52.
6540 22 0 34 42.
6564 12 0 32 48.
6576 12 0 36 49.
6588 12 0 41 52.
6600 12 0 39 51.
6612 12 0 40 54.
6624 12 0 36 52.
6636 22 0 34 56.
6660 12 0 32 49.
6672 12 0 34 51.
6684 12 0 36 54.
6696 12 0 34 52.
6708 12 0 33 56.
6720 12 0 32 54.
6732 12 0 36 52.
6924 12 0 30 28.
6960 12 0 32 47.
6972 12 0 35 51.
6984 12 0 37 49.
6996 12 0 41 52.
7008 12 0 43 51.
7020 12 0 47 54.
7032 12 0 46 52.
7044 12 0 48 56.
7056 12 0 50 54.
7068 12 0 52 57.
7080 12 0 53 56.
7092 12 0 52 54.
7104 12 0 50 52.
7116 22 0 48 51.
7140 12 0 48 37.
7152 12 0 46 44.
7164 12 0 42 51.
7176 12 0 43 49.
7188 12 0 44 52.
7200 12 0 41 51.
7212 12 0 40 54.
7224 12 0 42 52.
7236 12 0 44 57.
7248 12 0 45 56.
7260 12 0 46 55.
7272 12 0 50 56.
7284 12 0 52 52.
7296 10 0 54 49.
7308 24 0 56 44.
7332 12 0 60 51.
7344 12 0 66 56.
7356 12 0 68 60.
7368 22 0 54 67.
7416 12 0 62 44.
7428 12 0 66 51.
7440 12 0 74 56.
7452 12 0 78 60.
7464 22 0 72 67.
7512 12 0 64 32.
7524 12 0 69 44.
7536 12 0 71 51.
7548 10 0 72 60.
7752 24 0 56 39.
7776 24 0 53 37.
7800 12 0 56 36.
7812 24 0 54 44.
7836 12 0 52 44.
7848 12 0 60 32.
7860 12 0 52 44.
7872 12 0 54 45.
7884 10 0 50 44.
7896 12 0 54 37.
7908 12 0 58 44.
7920 12 0 62 48.
7932 10 0 60 49.
7944 12 0 54 42.
7956 12 0 58 49.
7968 12 0 64 56.
7980 10 0 62 54.
7992 12 0 58 37.
8016 12 0 78 54.
8028 12 0 76 52.
8040 12 0 48 51.
8052 12 0 50 49.
8064 12 0 48 47.
8076 10 0 52 42.
8088 12 0 54 35.
8100 12 0 50 52.
8112 12 0 48 51.
8124 12 0 55 56.
8136 24 0 56 56.
8160 12 0 52 54.
8172 10 0 50 52.
8184 24 0 50 51.
8208 12 0 53 52.
8220 12 0 58 54.
8232 12 0 60 54.
8244 12 0 54 47.
8256 12 0 56 49.
8268 10 0 53 47.
8280 12 0 56 40.
8292 12 0 54 47.
8304 12 0 53 52.
8316 10 0 53 40.
8328 12 0 54 39.
8340 12 0 58 56.
8352 12 0 56 53.
8364 10 0 58 55.
8376 12 0 64 44.
8388 12 0 70 59.
8400 12 0 74 58.
8412 12 0 72 56.
8424 12 0 66 55.
8436 12 0 64 52.
8448 12 0 62 51.
8460 10 0 60 39.
8472 46 0 50 44.
8520 46 0 54 39.
8568 12 0 56 44.
8580 8 0 68 51.
8588 4 0 60 54.
8592 12 0 58 52.
8604 12 0 56 51.
8616 12 0 52 50.
8628 12 0 54 51.
8640 12 0 54 39.
8652 10 0 50 51.
8664 46 0 48 44.
8712 46 0 50 39.
8760 12 0 48 44.
8772 12 0 44 51.
8784 12 0 46 39.
8796 12 0 44 51.
8808 12 0 48 44.
8820 12 0 43 51.
8832 12 0 46 39.
8844 12 0 42 51.
8856 12 0 43 44.
8868 12 0 42 51.
8880 12 0 45 37.
8892 12 0 41 49.
8904 12 0 42 42.
8916 12 0 41 49.
8928 12 0 43 37.
8940 12 0 40 49.
8952 12 0 40 42.
8964 12 0 39 49.
8976 12 0 42 37.
8988 12 0 38 49.
9000 12 0 39 42.
9012 12 0 38 49.
9024 12 0 40 35.
9036 10 0 36 47.
9048 12 0 42 34.
9060 12 0 54 46.
9072 12 0 62 52.
9084 12 0 60 55.
9096 22 0 58 54.
9144 12 0 76 34.
9156 12 0 70 46.
9168 12 0 74 52.
9180 12 0 80 55.
9192 22 0 76 54.
9240 12 0 88 34.
9252 12 0 84 46.
9264 12 0 90 52.
9276 12 0 93 55.
9288 22 0 100 60.
9336 36 0 68 35.
9372 12 0 62 36.
9384 12 0 69 37.
9396 12 0 72 38.
9408 3 0 58 39.
9411 3 0 54 40.
9414 3 0 58 39.
9417 3 0 54 40.
9420 3 0 58 39.
9423 3 0 54 40.
9426 3 0 54 39.
9429 3 0 66 38.
9432 4 0 62 39.
9436 46 0 70 40.
9520 12 0 62 40.
9532 24 0 60 39.
9568 12 0 66 42.
9616 10 0 62 35.
9628 12 0 56 40.
9640 12 0 64 55.
9652 12 0 62 54.
9664 10 0 60 52.
9676 12 0 54 45.
9688 12 0 68 60.
9700 12 0 66 59.
9712 10 0 64 57.
9724 12 0 60 40.
9736 12 0 76 59.
9748 12 0 75 57.
9760 12 0 70 55.
9772 12 0 56 54.
9784 12 0 54 52.
9796 12 0 52 50.
9808 12 0 50 45.
9820 10 0 40 38.
9832 12 0 44 55.
9844 12 0 43 54.
9856 12 0 46 59.
9868 24 0 46 59.
9892 12 0 42 57.
9904 10 0 41 55.
9916 24 0 40 54.
9940 12 0 42 55.
9952 10 0 44 57.
9964 12 0 46 57.
9976 12 0 44 50.
9988 12 0 46 52.
10000 12 0 44 50.
10012 10 0 50 43.
10024 12 0 54 59.
10036 12 0 56 57.
10048 12 0 57 55.
10060 12 0 55 54.
10072 12 0 53 53.
10084 12 0 54 54.
10096 12 0 53 42.
10108 10 0 54 35.
10120 12 0 64 62.
10132 12 0 66 61.
10144 12 0 62 59.
10156 12 0 54 58.
10168 12 0 56 55.
10180 12 0 60 54.
10192 10 0 56 42.
10204 46 0 50 47.
10252 46 0 50 42.
10300 12 0 58 47.
10312 8 0 60 54.
10320 4 0 54 57.
10324 12 0 52 55.
10336 12 0 54 54.
10348 12 0 48 53.
10360 12 0 54 54.
10372 12 0 56 42.
10384 10 0 62 54.
10396 46 0 38 47.
10444 46 0 40 42.
10492 12 0 39 47.
10504 12 0 38 54.
10516 12 0 43 42.
10528 12 0 40 54.
10540 12 0 41 47.

