96 46 0 54 74.
144 96 0 51 67.
9960 24 0 66 76.
10032 24 0 52 63.
10104 24 0 73 78.
10176 24 0 68 65.
10248 24 0 86 80.
10320 24 0 70 67.
10392 24 0 80 88.
10464 24 0 72 75.
10536 24 0 78 78.
10608 24 0 66 65.
10680 24 0 83 86.
10752 24 0 76 73.
10824 24 0 91 85.
10896 24 0 83 72.
10968 24 0 95 89.
11040 24 0 94 75.
11088 48 0 94 84.
11136 46 0 94 83.
11184 48 0 88 81.
11232 46 0 88 80.
11280 48 0 76 72.
11280 48 0 86 84.
11328 46 0 76 71.
11376 96 0 86 69.
11376 96 0 96 81.
11472 46 0 76 77.
11664 96 0 64 66.
11664 96 0 74 78.
11760 48 0 54 73.
11952 96 0 46 62.
11952 96 0 56 74.
12048 48 0 48 73.
12816 96 0 30 64.
12816 96 0 44 72.
12912 48 0 34 64.
12960 96 0 30 62.
13056 46 0 34 67.
13104 144 0 34 64.
13248 96 0 30 62.
13344 46 0 34 64.
13392 96 0 36 65.
13488 48 0 36 67.
13536 96 0 40 69.
13632 48 0 42 69.
13680 96 0 44 70.
13776 48 0 38 72.
13824 142 0 32 72.
13968 48 0 34 74.
14016 48 0 32 71.
14064 48 0 30 69.
14112 96 0 32 69.
14208 46 0 30 69.
14256 48 0 36 69.
14304 48 0 34 69.
14352 48 0 32 65.
14400 96 0 34 67.
14496 46 0 32 65.
14544 48 0 36 67.
14592 48 0 38 64.
14640 48 0 40 62.
14688 96 0 40 64.
14784 48 0 42 65.
14832 48 0 50 67.
14880 48 0 47 64.
14928 48 0 46 67.
14976 48 0 42 64.
15024 96 0 66 67.
15120 96 0 44 72.
15216 48 0 34 64.
15264 96 0 36 62.
15360 46 0 42 67.
15408 144 0 44 64.
15552 96 0 44 62.
15648 46 0 45 64.
15696 96 0 44 65.
144 48 1 20 55.
144 48 1 24 62.
288 48 1 22 55.
288 48 1 26 63.
432 48 1 26 55.
432 48 1 30 62.
576 24 1 46 45.
624 46 1 44 60.
768 46 1 40 60.
864 48 1 32 60.
1008 24 1 26 46.
1056 46 1 30 58.
1152 46 1 34 54.
1152 46 1 38 63.
1200 238 1 58 53.
1296 46 1 34 62.
1344 24 1 42 46.
1440 46 1 36 57.
1488 238 1 57 53.
1584 46 1 32 62.
1632 24 1 36 46.
1728 48 1 26 54.
1872 48 1 26 50.
1920 24 1 32 43.
2016 48 1 24 55.
2016 48 1 28 63.
2160 48 1 32 55.
2160 48 1 36 62.
2304 46 1 46 38.
2352 46 1 42 62.
2352 46 1 52 69.
2496 46 1 40 62.
2496 46 1 48 69.
2592 48 1 44 62.
2736 48 1 34 57.
2736 48 1 56 68.
2880 48 1 34 57.
2880 48 1 40 67.
3024 48 1 32 57.
3024 48 1 36 65.
3168 48 1 34 57.
3168 48 1 40 67.
3312 48 1 30 57.
3312 48 1 34 65.
3456 48 1 24 53.
3456 48 1 30 63.
3600 48 1 22 55.
3600 48 1 26 62.
3744 48 1 24 55.
3744 48 1 28 63.
3888 48 1 30 55.
3888 48 1 34 62.
4032 24 1 42 45.
4080 46 1 40 60.
4224 46 1 38 60.
4320 48 1 34 60.
4464 24 1 26 46.
4512 46 1 26 58.
4608 46 1 32 54.
4608 46 1 36 63.
4656 238 1 58 53.
4752 46 1 34 62.
4800 24 1 42 46.
4896 46 1 36 57.
4944 238 1 57 53.
5040 46 1 32 62.
5088 24 1 38 46.
5184 48 1 28 54.
5328 48 1 22 43.
5328 48 1 30 58.
5472 48 1 24 55.
5472 48 1 28 63.
5616 48 1 30 55.
5616 48 1 34 62.
5760 46 1 48 38.
5808 46 1 42 62.
5808 46 1 52 69.
5952 46 1 40 62.
5952 46 1 48 69.
6048 48 1 44 62.
6192 48 1 36 57.
6192 48 1 56 68.
6336 48 1 32 57.
6336 48 1 38 67.
6480 48 1 30 57.
6480 48 1 34 65.
6624 48 1 32 57.
6624 48 1 38 67.
6768 48 1 28 57.
6768 48 1 32 65.
6912 48 1 26 57.
6912 48 1 30 65.
7056 48 1 28 62.
7200 48 1 26 65.
7248 94 1 26 50.
7344 46 1 23 54.
7344 46 1 26 60.
7392 24 1 54 39.
7488 46 1 20 51.
7488 46 1 23 57.
7536 24 1 40 39.
7632 46 1 20 51.
7632 46 1 23 57.
7680 24 1 38 39.
7776 48 1 24 51.
7776 48 1 28 59.
7920 48 1 26 55.
8064 48 1 26 55.
8208 48 1 28 50.
8208 48 1 34 60.
8352 48 1 30 54.
8496 46 1 41 50.
8496 46 1 45 56.
8544 24 1 40 38.
8640 46 1 36 50.
8640 46 1 40 56.
8688 24 1 40 38.
8784 46 1 38 50.
8784 46 1 42 56.
8832 24 1 42 38.
8928 48 1 32 50.
8928 48 1 36 58.
9072 48 1 48 54.
9216 48 1 48 54.
9360 48 1 40 53.
9504 48 1 34 49.
9504 48 1 38 58.
9648 48 1 40 49.
9648 48 1 44 58.
9792 48 1 38 49.
9792 48 1 42 58.
9936 46 1 36 49.
9936 46 1 40 58.
10080 46 1 42 49.
10080 46 1 46 59.
10224 46 1 50 58.
10224 46 1 54 64.
10368 46 1 52 59.
10368 46 1 56 68.
10416 24 1 66 49.
10512 46 1 54 56.
10512 46 1 58 62.
10560 24 1 70 49.
10656 46 1 58 58.
10656 46 1 62 66.
10704 24 1 74 49.
10800 46 1 60 57.
10800 46 1 64 66.
10848 24 1 72 37.
10944 46 1 60 57.
10944 46 1 63 63.
10944 46 1 66 69.
10992 24 1 74 37.
11088 48 1 76 69.
11136 46 1 68 68.
11184 48 1 68 66.
11232 46 1 64 65.
11280 48 1 66 63.
11328 46 1 62 62.
11376 96 1 74 60.
11472 46 1 60 61.
11520 24 1 70 49.
11664 96 1 60 62.
11760 46 1 42 56.
11808 24 1 58 49.
11952 96 1 42 60.
12048 46 1 33 53.
12096 24 1 50 49.

