192 48 0 45 75.
240 36 0 49 76.
276 12 0 47 75.
288 48 0 45 73.
336 48 0 47 75.
384 60 0 38 71.
444 12 0 40 75.
456 12 0 42 83.
468 12 0 39 80.
480 72 0 38 78.
552 24 0 36 76.
576 22 0 45 75.
600 8 0 45 75.
608 8 0 48 76.
616 8 0 51 78.
624 36 0 49 76.
660 12 0 47 75.
672 48 0 45 73.
720 36 0 47 75.
756 10 0 43 70.
768 12 0 45 71.
780 6 0 47 73.
786 4 0 45 71.
790 4 0 47 73.
794 10 0 45 71.
804 12 0 43 70.
816 12 0 45 71.
828 12 0 49 75.
840 12 0 42 83.
852 12 0 41 80.
864 72 0 40 78.
936 22 0 42 76.
960 48 0 45 75.
1008 36 0 48 74.
1044 12 0 51 75.
1056 36 0 54 77.
1092 6 0 52 77.
1098 6 0 56 80.
1104 36 0 62 78.
1140 12 0 61 77.
1152 48 0 63 75.
1200 48 0 68 70.
1248 48 0 70 73.
1296 34 0 54 68.
1380 12 0 32 71.
1392 10 0 36 71.
1402 10 0 40 73.
1412 9 0 39 71.
1421 9 0 38 70.
1430 10 0 42 71.
1440 24 0 44 75.
1464 48 0 42 75.
1512 24 0 34 73.
1536 94 0 34 71.
1632 48 0 30 70.
1680 48 0 30 69.
1722 6 0 48 78.
1728 96 0 30 70.
1824 48 0 28 66.
1872 48 0 26 68.
1920 46 0 36 70.
1968 48 0 34 71.
2016 48 0 40 70.
2064 48 0 44 69.
2106 6 0 56 78.
2112 96 0 46 70.
2208 48 0 42 68.
2256 40 0 36 61.
2256 48 0 58 73.
2296 56 0 36 61.
2300 52 0 40 66.
2304 48 0 52 73.
2352 96 0 35 64.
2388 12 0 34 68.
2400 48 0 50 73.
2448 48 0 28 69.
2480 4 0 28 63.
2484 4 0 26 63.
2496 48 0 40 75.
2544 36 0 44 76.
2580 12 0 42 75.
2592 48 0 40 73.
2640 48 0 42 75.
2688 60 0 38 71.
2748 12 0 36 75.
2760 12 0 38 83.
2772 12 0 37 80.
2784 72 0 36 78.
2856 24 0 36 76.
2880 22 0 41 75.
2904 8 0 45 75.
2912 8 0 48 76.
2920 8 0 51 78.
2928 36 0 49 76.
2964 12 0 47 75.
2976 48 0 45 73.
3024 36 0 44 75.
3060 10 0 40 70.
3072 4 0 39 71.
3078 4 0 41 73.
3084 4 0 40 71.
3090 4 0 39 70.
3096 4 0 41 71.
3102 4 0 43 75.
3108 4 0 45 83.
3114 4 0 43 80.
3120 6 0 41 78.
3128 2 0 42 83.
3130 2 0 44 85.
3132 4 0 43 83.
3138 4 0 42 82.
3144 4 0 44 83.
3150 4 0 46 87.
3156 4 0 44 95.
3162 4 0 42 92.
3168 6 0 40 90.
3240 24 0 42 76.
3264 48 0 45 75.
3312 36 0 48 74.
3348 12 0 56 75.
3360 36 0 56 77.
3396 6 0 54 77.
3402 6 0 58 80.
3408 36 0 66 78.
3444 12 0 65 77.
3456 48 0 63 75.
3504 48 0 66 70.
3552 48 0 68 73.
3600 34 0 56 68.
3684 12 0 30 71.
3696 10 0 34 71.
3706 10 0 38 73.
3716 9 0 37 71.
3725 9 0 36 70.
3734 10 0 40 71.
3744 24 0 40 75.
3768 56 0 42 75.
3824 8 0 34 73.
3832 8 0 33 71.
3840 46 0 34 71.
3888 48 0 44 78.
3936 48 0 56 76.
3984 46 0 60 75.
4032 96 0 52 73.
4128 24 0 44 75.
4152 24 0 52 73.
4176 24 0 50 71.
4200 24 0 48 70.
4224 24 0 46 66.
4272 24 0 48 63.
4320 48 0 36 68.
4368 46 0 30 66.
4432 4 0 52 73.
4436 4 0 54 75.
4440 24 0 40 70.
4464 24 0 46 69.
4488 24 0 48 70.
4512 12 0 50 70.
4548 10 0 54 70.
4560 16 0 48 70.
4576 16 0 47 68.
4592 14 0 46 66.
4608 12 0 48 66.
4644 12 0 46 65.
4656 16 0 45 65.
4672 16 0 43 63.
4688 16 0 41 61.
4704 48 0 40 68.
4752 46 0 36 66.
4872 24 0 40 66.
4896 24 0 46 68.
4920 24 0 44 66.
4944 24 0 42 65.
4968 24 0 40 63.
4992 24 0 40 63.
4992 48 0 48 68.
5016 24 0 44 62.
5040 24 0 44 59.
5040 48 0 54 68.
5064 24 0 50 62.
5088 94 0 34 58.
5088 48 0 42 68.
5136 46 0 40 66.
5208 12 0 50 64.
5220 12 0 52 65.
5232 12 0 50 66.
5244 12 0 48 65.
5256 12 0 54 70.
5268 12 0 56 72.
5280 94 0 52 73.
5396 4 0 34 72.
5400 5 0 34 72.
5405 5 0 36 73.
5410 5 0 34 72.
5415 4 0 32 71.
5419 5 0 34 72.
5424 24 0 36 75.
5460 12 0 32 73.
5472 46 0 28 70.
5592 12 0 52 62.
5604 12 0 54 63.
5616 1 0 52 64.
5628 12 0 52 63.
5640 12 0 54 68.
5652 12 0 52 70.
5664 94 0 50 71.
5772 12 0 32 70.
5784 5 0 32 70.
5789 5 0 34 71.
5794 5 0 32 70.
5799 4 0 30 69.
5803 5 0 32 70.
5808 36 0 36 73.
5844 12 0 32 71.
5856 46 0 30 68.
5904 94 0 50 75.
6000 48 0 36 68.
6048 48 0 44 70.
6096 48 0 48 71.
6144 96 0 36 67.
6240 48 0 34 63.
6288 48 0 34 65.
6336 46 0 44 67.
6384 48 0 30 68.
6432 48 0 40 70.
6480 48 0 44 71.
6528 96 0 34 67.
6624 48 0 34 63.
6672 48 0 36 65.
6720 48 0 52 67.
6768 48 0 63 75.
6816 48 0 60 73.
6864 34 0 55 68.
6948 12 0 30 71.
6960 10 0 34 71.
6970 10 0 38 73.
6980 9 0 37 71.
6989 9 0 36 70.
6998 10 0 40 71.
7008 24 0 44 75.
7032 48 0 46 75.
7080 24 0 58 73.
7104 96 0 66 78.
7200 94 0 62 77.
7296 142 0 52 70.
7440 48 0 56 71.
7488 24 0 60 68.
7536 70 0 62 83.
7608 12 0 42 82.
7620 12 0 44 80.
7632 12 0 44 76.
7644 12 0 42 75.
7656 12 0 40 73.
7668 10 0 38 71.
7680 96 0 38 68.
7688 5 0 31 71.
7692 5 0 30 70.
7696 5 0 33 71.
7700 5 0 32 70.
7704 5 0 35 71.
7708 5 0 33 70.
7712 5 0 36 71.
7716 5 0 34 70.
7720 5 0 36 71.
7724 5 0 34 70.
7728 5 0 36 71.
7732 5 0 35 70.
7736 5 0 37 71.
7740 5 0 35 70.
7744 5 0 37 71.
7748 5 0 35 70.
7752 5 0 37 71.
7756 5 0 35 70.
7760 5 0 37 71.
7764 5 0 35 70.
7768 5 0 37 71.
7772 5 0 35 70.
7850 10 0 34 68.
7860 10 0 28 70.
7870 6 0 32 75.
7876 6 0 31 73.
7882 6 0 30 71.
7888 46 0 32 71.
7936 48 0 36 78.
7984 48 0 52 76.
8032 46 0 54 75.
8080 96 0 52 73.
8176 24 0 44 75.
8200 24 0 52 73.
8224 24 0 50 71.
8248 24 0 48 70.
8272 24 0 46 66.
8320 24 0 48 63.
8368 48 0 36 68.
8416 46 0 30 66.
8480 4 0 52 73.
8484 4 0 54 75.
8488 24 0 40 70.
8512 24 0 46 69.
8536 24 0 48 70.
8560 12 0 50 70.
8596 10 0 54 70.
8608 16 0 48 70.
8624 16 0 47 68.
8640 14 0 46 66.
8656 12 0 48 66.
8692 12 0 46 65.
8704 16 0 45 65.
8720 16 0 43 63.
8736 16 0 41 61.
8752 48 0 40 68.
8800 46 0 36 66.
8920 24 0 40 66.
8944 24 0 46 68.
8968 24 0 44 66.
8992 24 0 42 65.
9016 24 0 40 63.
9040 24 0 40 63.
9040 48 0 48 68.
192 24 0 22 35.
216 24 0 18 66.
240 24 0 23 54.
264 24 0 18 66.
288 24 0 21 58.
312 24 0 18 66.
336 24 0 23 54.
360 24 0 18 66.
384 24 0 21 59.
408 24 0 20 66.
432 24 0 20 54.
456 24 0 20 66.
480 24 0 20 58.
504 24 0 20 66.
528 24 0 24 54.
552 24 0 18 66.
576 24 0 27 47.
600 24 0 18 66.
624 24 0 23 54.
648 24 0 18 66.
672 24 0 21 58.
696 24 0 18 66.
720 24 0 23 54.
744 24 0 18 66.
768 24 0 21 59.
792 24 0 25 66.
816 24 0 23 54.
840 24 0 20 66.
864 24 0 19 58.
888 24 0 20 66.
912 24 0 25 54.
936 24 0 20 66.
960 24 0 27 47.
984 24 0 26 54.
1008 24 0 29 57.
1032 24 0 32 63.
1056 24 0 31 46.
1080 24 0 32 56.
1104 24 0 33 58.
1128 24 0 36 62.
1152 24 0 35 39.
1176 24 0 34 54.
1200 24 0 36 58.
1224 24 0 37 63.
1248 24 0 40 40.
1272 24 0 39 52.
1296 24 0 38 56.
1320 10 0 36 61.
1344 12 0 32 43.
1368 24 0 25 52.
1392 24 0 23 59.
1416 24 0 25 64.
1440 12 0 25 42.
1464 24 0 23 54.
1488 24 0 21 58.
1512 24 0 19 64.
1536 12 0 23 47.
1560 48 0 25 54.
1584 24 0 25 65.
1608 48 0 25 54.
1728 24 0 27 61.
1752 96 0 25 54.
1920 48 0 30 66.
2112 48 0 27 61.
2184 24 0 22 55.
2208 24 0 23 56.
2232 24 0 27 59.
2256 24 0 25 52.
2280 22 0 27 59.
2304 22 0 23 42.
2328 24 0 26 58.
2352 24 0 28 59.
2376 48 0 25 54.
2424 48 0 23 54.
2472 22 0 19 54.
2496 24 0 25 35.
2520 24 0 18 66.
2544 24 0 23 54.
2568 24 0 18 66.
2592 24 0 21 58.
2616 24 0 18 66.
2640 24 0 23 54.
2664 24 0 18 66.
2688 24 0 21 59.
2712 24 0 20 66.
2736 24 0 20 54.
2760 24 0 20 66.
2784 24 0 20 58.
2808 24 0 20 66.
2832 24 0 24 54.
2856 24 0 18 66.
2880 24 0 27 47.
2904 24 0 18 66.
2928 24 0 23 54.
2952 24 0 18 66.
2976 24 0 21 58.
3000 24 0 18 66.
3024 24 0 23 54.
3048 24 0 18 66.
3072 24 0 21 59.
3096 24 0 25 66.
3120 24 0 23 54.
3144 24 0 20 66.
3168 24 0 19 58.
3192 24 0 20 66.
3216 24 0 25 54.
3240 24 0 20 66.
3264 24 0 27 47.
3288 24 0 26 54.
3312 24 0 29 57.
3336 24 0 32 63.
3360 24 0 31 46.
3384 24 0 30 56.
3408 24 0 33 58.
3432 24 0 36 62.
3456 24 0 35 39.
3480 24 0 34 54.
3504 24 0 36 58.
3528 24 0 37 63.
3552 24 0 40 40.
3576 24 0 39 52.
3600 24 0 38 56.
3624 10 0 35 61.
3648 12 0 25 31.
3672 24 0 23 52.
3696 24 0 25 59.
3720 22 0 27 64.
3744 12 0 25 30.
3768 24 0 25 54.
3792 24 0 23 58.
3816 22 0 21 64.
3840 24 0 24 35.
3864 24 0 20 54.
3888 24 0 24 63.
3912 24 0 20 54.
3936 24 0 23 61.
3960 24 0 20 54.
3984 24 0 22 59.
4008 22 0 20 54.
4032 24 0 24 42.
4056 24 0 26 49.
4080 24 0 26 54.
4104 24 0 26 49.
4128 24 0 25 46.
4152 24 0 27 49.
4176 24 0 26 54.
4200 22 0 27 49.
4224 12 0 24 37.
4248 24 0 26 49.
4272 24 0 27 53.
4296 22 0 26 49.
4320 24 0 23 42.
4344 24 0 24 49.
4368 24 0 24 54.
4392 22 0 24 49.
4416 24 0 28 42.
4440 24 0 27 49.
4464 24 0 28 54.
4488 22 0 29 49.
4512 24 0 32 42.
4536 24 0 29 49.
4560 24 0 32 61.
4584 22 0 27 49.
4608 24 0 28 37.
4632 24 0 28 49.
4656 24 0 26 53.
4680 22 0 28 49.
4704 24 0 30 42.
4728 24 0 30 49.
4752 24 0 30 58.
4776 22 0 40 50.
4800 24 0 40 39.
4824 24 0 40 46.
4848 24 0 32 51.
4848 24 0 36 58.
4872 22 0 40 46.
4896 24 0 36 39.
4920 24 0 34 46.
4944 24 0 36 58.
4968 22 0 34 46.
4992 24 0 36 34.
5016 24 0 34 46.
5040 24 0 32 53.
5064 22 0 32 56.
5088 24 0 34 39.
5112 24 0 32 46.
5136 24 0 35 54.
5160 22 0 38 51.
5184 24 0 48 45.
5208 24 0 36 51.
5232 24 0 38 60.
5256 22 0 36 53.
5280 24 0 38 46.
5304 24 0 35 53.
5328 24 0 32 61.
5352 22 0 30 58.
5376 48 0 26 51.
5424 48 0 16 53.
5424 24 0 20 65.
5448 22 0 24 63.
5472 24 0 28 46.
5496 24 0 26 53.
5520 24 0 34 61.
5544 22 0 32 52.
5568 24 0 42 39.
5592 24 0 34 51.
5616 24 0 26 55.
5640 22 0 28 51.
5664 24 0 34 44.
5688 24 0 31 51.
5712 24 0 26 56.
5736 22 0 30 51.
5760 48 0 23 49.
5808 48 0 18 51.
5808 24 0 26 63.
5832 22 0 24 61.
5856 24 0 26 44.
5880 24 0 26 51.
5904 24 0 26 56.
5928 22 0 26 51.
5952 12 0 28 39.
5976 48 0 26 51.
6144 24 0 28 58.
6168 96 0 24 51.
6336 48 0 25 63.
6552 96 0 26 51.
6720 24 0 36 39.
6744 24 0 34 55.
6768 24 0 36 58.
6792 22 0 36 63.
6816 24 0 40 40.
6840 24 0 36 52.
6864 24 0 38 56.
6888 10 0 34 61.
6912 12 0 30 31.
6936 24 0 23 52.
6960 24 0 25 59.
6984 22 0 27 64.
7008 12 0 25 30.
7032 24 0 23 54.
7056 24 0 30 58.
7080 22 0 28 64.
7104 24 0 40 36.
7128 24 0 38 48.
7152 24 0 36 56.
7176 22 0 34 63.
7200 24 0 32 37.
7224 24 0 35 49.
7248 24 0 35 59.
7272 22 0 34 65.
7296 24 0 34 42.
7320 24 0 36 54.
7344 24 0 38 58.
7368 22 0 36 64.
7392 24 0 38 47.
7416 24 0 40 54.
7440 24 0 42 59.
7464 22 0 40 63.
7488 16 0 40 40.
7504 16 0 44 52.
7520 16 0 46 56.
7536 24 0 42 63.
7560 24 0 40 61.
7584 46 0 38 68.
7680 54 0 35 30.
7736 150 0 28 54.
7790 52 0 30 66.
7842 44 0 24 64.
7888 24 0 24 35.
7912 24 0 20 54.
7936 24 0 24 63.
7960 24 0 20 54.
7984 24 0 23 61.
8008 24 0 20 54.
8032 24 0 22 59.
8056 22 0 20 54.
8080 24 0 24 42.
8104 24 0 26 49.
8128 24 0 26 54.
8152 24 0 26 49.
8176 24 0 25 46.
8200 24 0 27 49.
8224 24 0 26 54.
8248 22 0 27 49.
8272 12 0 24 37.
8296 24 0 26 49.
8320 24 0 27 53.
8344 22 0 26 49.
8368 24 0 23 42.
8392 24 0 24 49.
8416 24 0 24 54.
8440 22 0 24 49.
8464 24 0 28 42.
8488 24 0 27 49.
8512 24 0 28 54.
8536 22 0 29 49.
8560 24 0 32 42.
8584 24 0 29 49.
8608 24 0 32 61.
8632 22 0 27 49.
8656 24 0 28 37.
8680 24 0 28 49.
8704 24 0 26 53.
8728 22 0 28 49.
8752 24 0 30 42.
8776 24 0 30 49.
8800 24 0 30 58.
8824 22 0 40 50.
8848 24 0 40 39.

