144 36 0 54 70.
180 12 0 46 71.
192 24 0 52 70.
216 24 0 50 68.
240 24 0 43 65.
264 16 0 45 61.
288 24 0 44 61.
336 24 0 42 61.
384 60 0 42 61.
444 12 0 38 66.
456 12 0 42 70.
468 12 0 47 75.
480 42 0 40 73.
528 36 0 50 70.
564 12 0 46 71.
576 20 0 52 70.
600 20 0 50 68.
624 16 0 47 65.
640 16 0 46 62.
656 8 0 45 61.
672 24 0 47 61.
720 24 0 44 61.
768 58 0 40 61.
826 10 0 39 66.
836 9 0 43 70.
845 9 0 49 66.
854 10 0 62 75.
864 24 0 54 73.
912 36 0 62 71.
948 12 0 58 73.
960 24 0 59 71.
984 24 0 62 70.
1008 24 0 60 67.
1032 24 0 62 63.
1056 24 0 60 63.
1104 24 0 60 63.
1152 24 0 60 63.
1200 72 0 74 78.
1272 24 0 62 75.
1296 24 0 60 66.
1320 24 0 58 68.
1344 24 0 57 70.
1392 36 0 54 71.
1428 12 0 52 70.
1440 5 0 48 68.
1472 8 0 45 67.
1480 8 0 50 68.
1488 24 0 50 70.
1524 12 0 52 68.
1536 48 0 52 66.
1584 36 0 50 65.
1620 12 0 42 63.
1632 24 0 28 56.
1680 4 0 40 58.
1684 4 0 42 61.
1688 4 0 44 66.
1692 24 0 54 70.
1716 12 0 44 71.
1728 4 0 31 59.
1732 4 0 39 65.
1736 16 0 48 70.
1752 24 0 44 68.
1776 24 0 43 65.
1800 16 0 41 61.
1824 24 0 40 61.
1872 24 0 42 61.
1920 60 0 45 61.
1980 12 0 40 66.
1992 12 0 46 70.
2004 12 0 39 75.
2016 24 0 44 73.
2064 7 0 37 70.
2071 7 0 40 71.
2078 7 0 44 70.
2085 6 0 46 69.
2091 7 0 42 70.
2098 7 0 38 73.
2105 7 0 36 72.
2112 6 0 34 71.
2118 6 0 38 70.
2124 6 0 40 71.
2130 6 0 38 70.
2136 6 0 44 69.
2142 6 0 42 68.
2148 6 0 45 69.
2154 6 0 43 68.
2160 7 0 45 69.
2167 7 0 46 68.
2174 7 0 40 67.
2181 6 0 42 66.
2187 7 0 40 67.
2194 7 0 42 66.
2201 7 0 40 67.
2208 5 0 38 66.
2213 5 0 48 65.
2218 5 0 44 64.
2223 5 0 46 65.
2228 5 0 48 66.
2233 5 0 45 65.
2238 6 0 42 63.
2244 6 0 43 65.
2250 6 0 41 66.
2256 7 0 45 70.
2263 7 0 48 68.
2270 7 0 46 65.
2277 7 0 44 66.
2284 7 0 46 63.
2291 4 0 48 68.
2298 6 0 48 68.
2304 57 0 43 61.
2361 9 0 47 66.
2370 9 0 53 70.
2379 9 0 67 78.
2394 6 0 62 75.
2400 36 0 55 73.
2448 8 0 63 69.
2456 8 0 65 70.
2464 8 0 73 71.
2472 8 0 70 70.
2480 8 0 70 76.
2488 8 0 70 75.
2496 12 0 67 74.
2520 12 0 66 73.
2544 8 0 62 70.
2560 8 0 60 67.
2576 8 0 61 70.
2592 36 0 60 64.
2628 8 0 65 63.
2640 8 0 60 63.
2648 8 0 74 62.
2656 8 0 69 63.
2664 8 0 51 66.
2672 8 0 62 64.
2680 4 0 72 63.
2688 8 0 70 63.
2704 8 0 76 78.
2720 8 0 80 75.
2736 60 0 86 90.
2796 12 0 70 87.
2808 12 0 67 83.
2820 12 0 64 80.
2832 12 0 61 78.
2844 12 0 58 75.
2856 8 0 55 71.
2864 8 0 53 66.
2872 8 0 55 68.
2880 24 0 55 70.
2928 36 0 52 71.
2964 12 0 48 70.
2976 5 0 40 68.
3008 8 0 45 67.
3016 8 0 42 68.
3024 24 0 46 70.
3060 12 0 42 68.
3072 96 0 38 66.
3216 36 0 39 65.
3252 12 0 41 66.
3264 48 0 49 68.
3312 36 0 53 73.
3348 12 0 51 75.
3360 24 0 64 77.
3408 24 0 60 77.
3456 48 0 64 77.
3517 5 0 41 76.
3522 5 0 35 75.
3527 5 0 45 74.
3532 5 0 34 73.
3537 5 0 34 72.
3542 5 0 46 71.
3547 5 0 37 70.
3552 136 0 45 69.
3696 36 0 69 73.
3732 12 0 74 77.
3744 16 0 74 78.
3776 16 0 84 78.
3808 16 0 86 78.
3840 48 0 60 78.
3904 4 0 47 77.
3908 4 0 39 76.
3912 4 0 34 75.
3916 4 0 41 74.
3920 4 0 33 73.
3924 4 0 37 72.
3928 4 0 37 71.
3932 4 0 27 70.
3936 144 0 40 69.
4080 36 0 74 75.
4116 12 0 77 77.
4128 36 0 80 78.
4176 24 0 80 78.
4212 6 0 81 78.
4224 72 0 84 78.
4296 24 0 76 77.
4320 16 0 72 75.
4336 16 0 74 77.
4352 16 0 74 75.
4368 16 0 65 74.
4384 16 0 68 75.
4400 16 0 69 77.
4416 72 0 66 75.
4488 24 0 55 74.
4512 16 0 45 71.
4528 16 0 52 73.
4544 16 0 49 71.
4560 10 0 44 70.
4570 10 0 46 71.
4580 9 0 50 75.
4589 9 0 47 73.
4598 10 0 50 71.
4608 42 0 48 71.
4656 56 0 40 70.
4800 24 0 41 65.
4810 10 0 39 68.
4820 12 0 42 71.
4829 15 0 37 63.
4848 24 0 40 61.
4858 10 0 35 68.
4868 12 0 50 71.
4877 15 0 37 63.
4896 24 0 45 65.
4906 10 0 31 71.
4916 12 0 31 73.
4925 15 0 30 66.
4944 24 0 48 68.
4954 10 0 40 71.
4964 12 0 43 73.
4973 15 0 37 70.
4992 24 0 57 68.
5002 10 0 35 71.
5012 12 0 37 73.
5021 15 0 43 65.
5040 24 0 58 66.
5050 10 0 38 69.
5060 12 0 40 72.
5069 15 0 45 63.
5088 10 0 62 65.
5126 10 0 50 73.
5184 24 0 57 65.
5194 10 0 46 68.
5204 12 0 49 71.
5213 15 0 42 63.
5232 24 0 50 61.
5242 10 0 35 68.
5252 12 0 37 71.
5261 15 0 45 63.
5280 24 0 58 65.
5290 10 0 37 71.
5300 12 0 39 73.
5309 15 0 49 66.
5328 24 0 60 68.
5338 10 0 42 71.
5348 12 0 44 73.
5357 15 0 53 70.
5376 24 0 62 68.
5386 10 0 40 71.
5396 12 0 43 73.
5405 15 0 50 65.
5424 24 0 65 66.
5434 10 0 43 69.
5444 12 0 45 72.
5453 15 0 50 63.
5472 24 0 72 65.
5482 10 0 51 68.
5492 12 0 40 73.
5501 15 0 60 65.
5520 24 0 79 67.
5530 10 0 49 70.
5540 12 0 55 76.
5549 15 0 60 67.
5568 28 0 72 68.
5584 8 0 48 71.
5592 12 0 50 76.
5600 12 0 54 66.
5616 28 0 70 64.
5632 8 0 53 68.
5640 12 0 55 71.
5648 12 0 66 66.
5664 28 0 78 68.
5680 8 0 53 71.
5688 12 0 53 76.
5696 12 0 64 69.
5712 28 0 83 71.
5728 8 0 60 76.
5736 12 0 67 80.
5744 12 0 75 73.
5760 28 0 70 71.
5776 8 0 60 76.
5784 12 0 65 80.
5792 12 0 60 68.
5808 28 0 75 69.
5824 8 0 65 72.
5832 12 0 69 78.
5840 12 0 69 66.
5856 16 0 79 68.
5952 28 0 80 68.
5968 8 0 60 71.
5976 12 0 62 76.
5984 12 0 60 66.
6000 28 0 80 64.
6016 8 0 63 68.
6024 12 0 64 71.
6032 12 0 62 66.
6048 28 0 80 68.
6064 8 0 68 71.
6072 12 0 68 76.
6080 12 0 62 69.
6096 28 0 83 71.
6112 8 0 68 76.
6120 12 0 70 80.
6128 12 0 70 73.
6144 28 0 93 74.
6160 8 0 68 77.
6168 12 0 68 80.
6176 12 0 80 73.
6192 28 0 88 74.
6208 8 0 43 78.
6216 12 0 62 81.
6224 12 0 66 73.
6240 28 0 95 74.
6256 8 0 62 77.
6264 12 0 67 80.
6272 12 0 70 73.
6288 28 0 98 76.
6304 8 0 50 78.
6312 12 0 56 81.
6320 12 0 75 74.
6336 28 0 93 74.
6352 8 0 52 77.
6360 12 0 55 80.
6368 12 0 66 73.
6384 28 0 80 73.
6400 8 0 50 74.
6408 12 0 55 78.
6416 12 0 70 71.
6432 28 0 70 69.
6448 8 0 50 71.
6456 12 0 54 74.
6464 12 0 54 68.
6480 28 0 74 68.
6496 8 0 41 71.
6504 12 0 57 74.
6512 12 0 49 66.
6528 28 0 72 66.
6544 8 0 53 68.
6552 12 0 39 71.
6560 12 0 65 65.
6576 36 0 72 74.
6608 12 0 50 61.
6624 28 0 60 62.
6640 8 0 38 65.
6648 12 0 42 68.
6656 8 0 51 61.
6672 28 0 59 62.
6688 8 0 40 66.
6696 12 0 44 69.
6704 8 0 52 61.
6720 28 0 60 62.
6736 8 0 36 65.
6744 12 0 40 68.
6752 12 0 46 61.
6784 8 0 34 53.
192 48 0 34 37.
240 48 0 35 49.
288 48 0 23 53.
336 42 0 31 49.
384 48 0 33 42.
432 48 0 31 49.
480 48 0 23 54.
528 42 0 31 49.
576 48 0 33 37.
624 48 0 30 49.
672 48 0 22 53.
720 42 0 25 49.
768 48 0 28 42.
816 48 0 32 49.
864 42 0 20 54.
864 42 0 28 61.
960 48 0 40 39.
1008 48 0 36 51.
1056 48 0 36 55.
1104 42 0 34 51.
1152 24 0 44 44.
1200 48 0 30 51.
1200 48 0 40 59.
1248 24 0 46 47.
1296 42 0 34 51.
1296 90 0 42 63.
1344 168 0 47 49.
1392 36 0 42 63.
1440 36 0 40 60.
1488 24 0 43 61.
1524 8 0 35 50.
1536 36 0 32 51.
1536 36 0 38 58.
1584 36 0 30 57.
1632 24 0 22 49.
1668 44 0 42 42.
1676 36 0 38 54.
1736 40 0 27 37.
1776 48 0 27 49.
1824 48 0 19 53.
1872 48 0 24 49.
1920 48 0 22 42.
1968 48 0 23 49.
2016 48 0 18 54.
2064 48 0 37 49.
2112 46 0 35 42.
2158 52 0 38 50.
2210 48 0 35 56.
2258 46 0 35 49.
2304 48 0 40 42.
2352 36 0 42 49.
2400 48 0 26 54.
2400 48 0 32 61.
2496 48 0 41 39.
2544 48 0 43 51.
2592 48 0 40 55.
2640 48 0 50 51.
2688 24 0 64 44.
2736 24 0 45 51.
2736 24 0 55 59.
2784 24 0 45 54.
2784 24 0 53 59.
2832 24 0 32 56.
2832 24 0 40 63.
2880 24 0 44 37.
2928 36 0 38 63.
2976 36 0 34 60.
3024 24 0 27 53.
3060 6 0 36 59.
3072 36 0 35 42.
3120 36 0 26 58.
3168 36 0 20 54.
3264 24 0 26 37.
3312 24 0 21 56.
3312 24 0 25 65.
3360 24 0 24 53.
3360 24 0 34 61.
3408 24 0 18 56.
3408 24 0 24 65.
3456 24 0 31 49.
3504 24 0 20 57.
3504 24 0 26 66.
3552 24 0 24 54.
3552 24 0 34 61.
3600 24 0 26 57.
3600 24 0 31 66.
3648 24 0 43 37.
3696 24 0 38 57.
3696 24 0 44 66.
3744 24 0 46 54.
3744 24 0 54 61.
3792 24 0 46 57.
3792 24 0 60 69.
3840 24 0 40 36.
3888 24 0 28 57.
3888 24 0 36 66.
3936 24 0 30 54.
3936 24 0 41 62.
3984 24 0 40 57.
3984 24 0 56 66.
4032 24 0 55 35.
4080 24 0 43 57.
4080 24 0 54 66.
4128 24 0 52 54.
4128 24 0 60 63.
4176 24 0 58 57.
4224 17 0 60 34.
4251 14 0 57 53.
4320 17 0 56 34.
4347 14 0 62 53.
4416 20 0 37 34.
4448 52 0 42 53.
4464 36 0 53 70.
4512 20 0 31 34.
4546 14 0 34 51.
4608 10 0 44 34.
4624 16 0 29 50.
4640 16 0 32 58.
4656 16 0 29 53.
4672 16 0 37 62.
4688 16 0 32 58.
4800 12 0 33 37.
4824 36 0 23 49.
4824 36 0 27 59.
4872 12 0 50 44.
4896 12 0 38 37.
4920 36 0 24 49.
4920 36 0 31 59.
4968 12 0 47 44.
4992 12 0 50 37.
5016 36 0 42 49.
5016 18 0 48 59.
5040 12 0 59 60.
5064 12 0 44 37.
5088 60 0 42 49.
5088 60 0 62 61.
5112 24 0 67 57.
5136 12 0 61 56.
5160 12 0 61 44.
5184 12 0 45 37.
5208 36 0 32 49.
5208 36 0 43 59.
5256 12 0 39 44.
5280 12 0 55 37.
5304 36 0 35 49.
5304 36 0 42 59.
5352 12 0 45 44.
5376 12 0 57 37.
5400 18 0 37 49.
5400 18 0 47 59.
5424 18 0 37 49.
5424 12 0 53 60.
5448 12 0 51 37.
5472 12 0 45 49.
5472 12 0 55 61.
5496 12 0 63 37.
5520 12 0 41 55.
5520 12 0 79 64.
5544 12 0 56 37.
5568 12 0 55 38.
5592 36 0 46 56.
5640 12 0 58 56.
5664 12 0 60 38.
5688 36 0 51 56.
5736 12 0 55 56.
5760 12 0 60 38.
5784 24 0 60 59.
5808 12 0 82 60.
5832 12 0 69 38.
5856 84 0 35 50.
5856 60 0 56 56.
5928 12 0 60 56.
5952 12 0 62 38.
5976 36 0 55 56.
6024 12 0 59 56.
6048 12 0 70 38.
6072 36 0 45 52.
6072 36 0 55 59.
6120 12 0 61 56.
6144 12 0 80 37.
6168 12 0 55 56.
6168 12 0 65 65.
6192 12 0 80 37.

