204 76 0 54 60.
212 68 0 58 68.
288 84 0 46 61.
288 72 0 72 68.
336 24 0 60 64.
396 132 0 52 60.
404 124 0 56 68.
576 48 0 66 72.
624 48 0 64 71.
672 48 0 69 72.
720 48 0 72 75.
768 40 0 70 72.
816 36 0 66 72.
852 12 0 60 70.
864 40 0 58 68.
912 48 0 58 63.
960 24 0 62 60.
984 24 0 68 63.
1008 24 0 70 68.
1032 24 0 69 70.
1056 24 0 72 72.
1080 4 0 60 68.
1084 4 0 64 70.
1088 4 0 68 68.
1092 4 0 73 67.
1096 8 0 74 68.
1104 16 0 82 79.
1120 16 0 78 77.
1136 12 0 76 75.
1152 48 0 68 70.
1202 8 0 64 69.
1210 8 0 65 70.
1218 7 0 65 71.
1225 7 0 58 70.
1232 6 0 43 73.
1238 5 0 46 71.
1243 5 0 42 70.
1248 40 0 46 70.
1296 48 0 62 71.
1344 48 0 66 72.
1392 48 0 64 71.
1440 48 0 69 72.
1488 48 0 74 75.
1536 40 0 66 72.
1584 36 0 54 72.
1620 12 0 50 70.
1632 32 0 48 68.
1672 4 0 48 68.
1676 2 0 44 70.
1680 5 0 56 70.
1728 9 0 66 72.
1737 9 0 74 73.
1746 9 0 70 72.
1755 9 0 64 71.
1764 2 0 74 72.
1768 8 0 76 72.
1776 12 0 74 80.
1792 24 0 72 79.
1816 4 0 68 77.
1824 16 0 68 77.
1840 24 0 70 75.
1864 4 0 62 73.
1872 6 0 52 73.
1878 5 0 54 75.
1883 5 0 50 73.
1888 12 0 50 72.
1912 8 0 54 70.
1920 48 0 54 68.
1968 48 0 56 65.
2016 40 0 54 68.
2064 36 0 62 67.
2100 12 0 60 68.
2112 48 0 66 70.
2160 40 0 70 72.
2208 48 0 74 72.
2256 48 0 76 73.
2304 16 0 74 73.
2328 8 0 68 73.
2336 8 0 70 75.
2344 8 0 68 73.
2352 36 0 66 72.
2388 12 0 64 70.
2400 48 0 62 69.
2448 48 0 62 70.
2496 48 0 66 70.
2544 36 0 70 72.
2580 12 0 68 70.
2592 48 0 78 77.
2640 48 0 80 75.
2688 40 0 70 73.
2728 6 0 60 72.
2736 8 0 52 72.
2748 4 0 54 72.
2752 4 0 56 73.
2756 4 0 54 72.
2760 4 0 52 71.
2764 4 0 54 72.
2768 4 0 48 82.
2772 4 0 52 80.
2776 4 0 54 75.
2780 4 0 54 72.
2784 48 0 50 69.
2832 24 0 48 70.
2868 12 0 52 71.
2880 48 0 60 72.
2928 48 0 58 71.
2976 48 0 63 72.
3024 48 0 66 75.
3072 40 0 62 72.
3120 36 0 60 72.
3156 12 0 54 70.
3168 32 0 52 68.
3208 4 0 46 68.
3212 2 0 44 70.
3216 5 0 56 70.
3264 9 0 66 72.
3273 9 0 74 73.
3282 9 0 70 72.
3291 9 0 64 71.
3300 2 0 74 72.
3304 8 0 76 72.
3312 12 0 74 80.
3328 24 0 72 79.
3352 4 0 68 77.
3360 16 0 68 77.
3376 16 0 70 75.
3392 14 0 70 73.
3408 6 0 62 73.
3414 5 0 64 75.
3419 5 0 62 73.
3424 12 0 58 72.
3448 8 0 56 70.
3456 48 0 56 68.
3504 48 0 56 65.
3552 40 0 54 68.
3600 36 0 62 67.
3636 12 0 60 68.
3648 48 0 66 70.
3696 40 0 70 72.
3744 48 0 74 72.
3792 48 0 76 73.
3840 16 0 74 73.
3864 8 0 68 73.
3872 8 0 70 75.
3880 8 0 68 73.
3888 36 0 66 72.
3924 12 0 64 70.
3936 48 0 62 69.
3984 48 0 62 70.
4032 48 0 66 70.
4080 36 0 68 72.
4116 12 0 62 70.
4128 48 0 70 77.
4176 48 0 67 75.
4224 40 0 58 73.
4264 6 0 54 72.
4272 16 0 52 72.
4296 8 0 54 72.
4304 6 0 56 73.
4310 6 0 54 72.
4316 6 0 52 71.
4322 6 0 54 72.
4328 6 0 50 82.
4334 6 0 48 80.
4340 6 0 46 84.
4346 6 0 50 80.
4352 8 0 54 75.
4360 8 0 54 72.
4368 48 0 50 69.
4416 24 0 48 70.
4452 12 0 52 71.
4464 48 0 60 72.
4512 48 0 58 71.
4560 48 0 63 72.
4608 48 0 66 75.
4656 40 0 62 72.
4704 36 0 60 72.
4740 12 0 54 70.
4752 32 0 52 68.
4792 4 0 46 68.
4796 2 0 44 70.
4800 5 0 46 70.
4848 9 0 64 72.
4857 9 0 66 73.
4866 9 0 64 72.
4875 9 0 62 71.
4884 2 0 66 72.
4888 8 0 68 72.
4896 12 0 68 80.
4912 24 0 67 79.
4936 4 0 64 77.
4944 16 0 62 77.
4960 16 0 60 75.
4976 8 0 56 73.
4992 6 0 50 73.
4998 5 0 52 75.
5003 5 0 48 73.
5008 12 0 48 72.
5032 8 0 50 70.
5040 46 0 50 68.
5184 40 0 62 72.
5224 4 0 54 72.
5228 4 0 56 73.
5232 14 0 58 72.
5248 8 0 44 65.
5264 8 0 48 65.
5280 8 0 52 65.
5296 8 0 54 65.
5312 8 0 56 65.
5328 8 0 57 65.
5344 8 0 54 65.
5360 8 0 55 65.
5376 8 0 56 65.
5392 8 0 56 65.
5408 6 0 52 65.
5416 4 0 68 67.
5420 4 0 66 68.
5424 12 0 50 65.
5440 8 0 51 65.
5456 8 0 48 65.
5472 8 0 46 64.
5488 8 0 47 64.
5504 8 0 46 64.
5520 8 0 46 65.
5536 8 0 48 65.
5552 8 0 56 65.
5568 8 0 56 65.
5584 8 0 54 65.
5600 8 0 50 65.
5616 8 0 50 64.
5632 8 0 56 64.
5648 28 0 56 64.
5680 8 0 58 65.
5696 8 0 54 65.
5712 8 0 54 64.
5728 8 0 57 64.
5744 28 0 56 64.
5776 8 0 58 65.
5792 8 0 64 68.
5808 8 0 60 68.
5824 8 0 62 68.
5840 8 0 60 68.
5850 14 0 56 65.
5872 8 0 56 64.
5888 24 0 54 63.
5920 8 0 58 63.
5936 14 0 56 63.
5952 8 0 62 70.
5968 8 0 55 64.
5984 8 0 54 64.
6000 8 0 74 72.
6016 8 0 64 68.
6032 8 0 62 68.
6048 8 0 58 68.
6064 8 0 60 68.
6080 8 0 64 68.
6096 8 0 56 67.
6112 8 0 54 67.
6128 8 0 52 67.
6144 8 0 60 67.
6160 8 0 62 67.
6176 24 0 62 67.
6208 8 0 62 67.
6224 8 0 59 67.
6240 8 0 56 64.
6256 8 0 55 64.
6272 8 0 53 64.
6288 8 0 48 65.
6304 8 0 49 65.
6320 8 0 50 65.
6336 8 0 48 65.
6352 8 0 46 65.
6368 8 0 44 65.
6384 8 0 46 64.
6400 8 0 48 64.
6416 28 0 46 64.
6448 8 0 54 65.
6464 8 0 52 65.
6480 8 0 60 64.
6496 8 0 58 64.
6512 28 0 58 64.
6544 8 0 62 65.
6560 8 0 64 68.
6576 8 0 62 68.
6592 8 0 64 68.
6608 8 0 62 68.
6618 14 0 54 65.
6640 8 0 58 64.
6656 24 0 56 63.
6688 8 0 64 66.
6704 14 0 62 66.
6720 8 0 62 70.
6736 8 0 62 66.
6752 24 0 64 66.
6784 8 0 68 66.
6800 8 0 66 66.
6816 8 0 62 65.
6832 8 0 64 65.
6848 8 0 68 65.
6864 16 0 60 69.
6896 8 0 62 68.
6912 16 0 56 70.
6944 8 0 56 68.
6960 8 0 62 68.
6976 8 0 64 68.
6992 8 0 66 68.
7008 8 0 68 66.
7024 8 0 66 66.
7040 8 0 74 66.
7056 16 0 68 71.
7088 8 0 66 70.
7104 16 0 66 71.
7136 8 0 66 70.
7152 16 0 68 69.
7184 8 0 62 68.
7200 16 0 68 67.
7232 8 0 62 68.
7248 16 0 70 67.
7280 8 0 62 66.
7296 16 0 62 65.
7328 8 0 62 66.
7344 16 0 72 65.
7376 8 0 68 64.
7392 16 0 72 64.
7424 8 0 68 63.
7440 16 0 75 63.
7472 8 0 64 62.
7488 16 0 70 62.
7520 6 0 76 61.
7528 4 0 68 73.
7532 4 0 60 74.
7536 14 0 78 73.
7552 8 0 64 66.
7568 8 0 66 66.
7584 8 0 68 66.
7600 8 0 67 66.
7616 8 0 66 66.
7632 8 0 64 66.
7648 8 0 62 66.
7664 8 0 60 66.
7680 8 0 58 66.
7696 8 0 60 66.
7712 6 0 58 66.
7720 20 0 64 66.
7744 8 0 64 66.
7760 8 0 62 66.
7776 8 0 66 65.
7792 8 0 64 65.
7808 8 0 60 65.
7824 8 0 58 66.
7840 8 0 56 66.
7856 8 0 54 66.
7872 8 0 50 66.
7888 8 0 52 66.
7904 8 0 50 66.
7920 8 0 56 65.
7936 8 0 58 65.
7952 28 0 56 65.
7984 8 0 58 66.
8000 8 0 60 66.
8016 8 0 58 65.
8032 8 0 60 65.
8048 28 0 58 65.
8080 8 0 60 66.
8096 8 0 62 69.
8112 8 0 64 69.
8128 8 0 66 69.
8144 8 0 64 69.
8154 14 0 62 66.
8176 8 0 62 65.
8192 24 0 60 64.
8224 8 0 60 64.
8240 14 0 58 64.
8256 8 0 66 71.
8272 8 0 62 65.
8288 8 0 58 65.
8304 8 0 82 73.
8320 8 0 72 69.
8336 8 0 72 69.
8352 8 0 68 69.
8368 8 0 66 69.
8384 8 0 64 69.
8400 8 0 62 68.
8416 8 0 64 68.
8432 8 0 66 68.
8448 8 0 66 68.
8464 8 0 67 68.
8480 24 0 68 68.
8512 8 0 70 68.
8528 8 0 68 68.
8544 8 0 64 65.
8560 8 0 62 65.
8576 8 0 58 65.
8592 8 0 58 66.
8608 8 0 56 66.
8624 8 0 54 66.
8640 8 0 52 66.
8656 8 0 50 66.
8672 8 0 54 66.
8688 8 0 56 65.
8704 8 0 58 65.
8720 28 0 56 65.
8752 8 0 58 66.
8768 8 0 58 66.
8784 8 0 58 65.
8800 8 0 60 65.
8816 28 0 58 65.
8848 8 0 62 66.
8864 8 0 66 69.
8880 8 0 58 69.
8896 8 0 60 69.
8912 8 0 58 69.
8922 14 0 56 66.
8944 8 0 62 65.
8960 24 0 58 64.
8992 8 0 66 67.
9008 14 0 64 67.
192 88 0 54 44.
200 80 0 52 56.
288 84 0 40 49.
384 144 0 50 44.
392 136 0 50 56.
576 12 0 36 44.
592 16 0 30 56.
608 12 0 34 51.
624 12 0 38 44.
640 16 0 28 56.
656 12 0 36 50.
672 12 0 38 44.
688 16 0 30 56.
704 12 0 34 51.
720 12 0 38 44.
736 16 0 32 55.
752 12 0 34 51.
768 12 0 40 44.
784 16 0 30 56.
800 12 0 36 51.
816 12 0 40 39.
832 16 0 28 55.
848 12 0 34 51.
864 12 0 36 44.
880 16 0 28 56.
896 12 0 34 51.
912 12 0 32 44.
928 12 0 40 58.
944 12 0 28 51.
960 12 0 34 44.
976 15 0 38 56.
991 13 0 36 51.
1008 12 0 38 44.
1024 15 0 32 56.
1039 13 0 36 51.
1056 13 0 38 44.
1073 16 0 34 56.
1089 11 0 36 51.
1104 12 0 40 48.
1120 16 0 46 63.
1136 10 0 42 51.
1152 10 0 44 39.
1168 16 0 44 63.
1184 16 0 38 55.
1200 12 0 34 49.
1216 16 0 30 64.
1232 16 0 28 56.
1248 40 0 34 52.
1296 40 0 34 51.
1344 12 0 34 44.
1360 16 0 28 56.
1376 12 0 34 51.
1392 12 0 38 44.
1408 16 0 28 56.
1424 12 0 36 50.
1440 12 0 38 44.
1456 16 0 30 56.
1472 12 0 34 51.
1488 12 0 38 44.
1504 16 0 30 55.
1520 12 0 34 51.
1536 12 0 40 44.
1552 16 0 30 56.
1568 12 0 34 51.
1584 12 0 28 48.
1600 16 0 22 55.
1616 16 0 32 60.
1632 16 0 32 53.
1648 16 0 24 60.
1664 12 0 34 56.
1680 12 0 32 49.
1696 12 0 32 58.
1712 28 0 40 55.
1744 16 0 34 58.
1760 16 0 40 60.
1776 16 0 38 53.
1792 16 0 30 56.
1808 16 0 38 60.
1824 12 0 36 49.
1840 16 0 28 56.
1856 16 0 32 58.
1872 16 0 32 51.
1888 16 0 24 55.
1904 12 0 30 61.
1920 12 0 34 44.
1936 16 0 24 56.
1952 12 0 32 51.
1968 12 0 34 44.
1984 16 0 22 56.
2000 12 0 32 50.
2016 12 0 34 44.
2032 16 0 24 56.
2048 12 0 32 51.
2064 12 0 40 48.
2080 16 0 40 63.
2096 12 0 38 56.
2112 40 0 42 55.
2160 40 0 44 54.
2208 40 0 46 53.
2256 12 0 46 46.
2272 16 0 48 61.
2288 12 0 46 58.
2304 12 0 44 51.
2320 16 0 40 66.
2336 12 0 36 58.
2352 40 0 46 54.
2400 40 0 44 53.
2448 12 0 42 46.
2464 16 0 40 61.
2480 16 0 36 58.
2496 40 0 42 52.
2544 40 0 41 51.
2592 12 0 40 49.
2608 16 0 40 63.
2624 16 0 36 55.
2640 12 0 38 48.
2656 16 0 38 63.
2672 12 0 36 56.
2688 12 0 40 46.
2704 16 0 38 63.
2720 12 0 34 55.
2736 12 0 34 44.
2752 16 0 32 63.
2768 12 0 30 56.
2784 12 0 42 39.
2800 12 0 46 63.
2816 16 0 42 54.
2832 16 0 41 55.
2848 16 0 42 61.
2864 16 0 32 51.
2880 12 0 32 44.
2896 16 0 26 56.
2912 12 0 32 51.
2928 12 0 36 44.
2944 16 0 26 56.
2960 12 0 34 50.
2976 12 0 36 44.
2992 16 0 28 56.
3008 12 0 32 51.
3024 12 0 36 44.
3040 16 0 28 55.
3056 12 0 32 51.
3072 12 0 40 44.
3088 16 0 30 56.
3104 12 0 38 51.
3120 12 0 34 48.
3136 16 0 24 55.
3152 16 0 32 60.
3168 16 0 34 53.
3184 16 0 26 60.
3200 12 0 34 56.
3216 12 0 32 49.
3232 12 0 32 58.
3248 28 0 40 55.
3280 16 0 36 58.
3296 16 0 40 60.
3312 16 0 38 53.
3328 16 0 30 56.
3344 16 0 38 60.
3360 12 0 36 49.
3376 16 0 28 56.
3392 16 0 34 58.
3408 16 0 34 51.
3424 16 0 24 55.
3440 12 0 30 61.
3456 12 0 34 44.
3472 16 0 24 56.
3488 12 0 32 51.
3504 12 0 34 44.
3520 16 0 22 56.
3536 12 0 32 50.
3552 12 0 34 44.
3568 16 0 24 56.
3584 12 0 32 51.
3600 12 0 40 48.
3616 16 0 40 63.
3632 12 0 38 56.
3648 40 0 42 55.
3696 40 0 44 54.
3744 40 0 46 53.
3792 12 0 46 46.
3808 16 0 48 61.
3824 12 0 46 58.
3840 12 0 44 51.
3856 16 0 40 66.
3872 12 0 36 58.
3888 40 0 46 54.
3936 40 0 44 53.
3984 12 0 42 46.
4000 16 0 40 61.
4016 16 0 36 58.
4032 40 0 42 52.
4080 40 0 41 51.
4128 12 0 40 49.
4144 16 0 40 63.
4160 16 0 36 55.
4176 12 0 38 48.
4192 16 0 38 63.
4208 12 0 36 56.
4224 12 0 40 46.
4240 16 0 38 63.
4256 12 0 34 55.
4272 25 0 34 44.
4305 32 0 32 63.
4337 23 0 30 56.
4368 12 0 42 39.
4384 12 0 46 63.
4400 16 0 42 54.
4416 16 0 41 55.
4432 16 0 42 61.
4448 16 0 32 51.
4464 12 0 32 44.
4480 16 0 26 56.
4496 12 0 32 51.
4512 12 0 36 44.
4528 16 0 26 56.
4544 12 0 34 50.
4560 12 0 36 44.
4576 16 0 28 56.
4592 12 0 32 51.
4608 12 0 36 44.
4624 16 0 30 55.
4640 12 0 32 51.
4656 12 0 40 44.
4672 16 0 30 56.
4688 12 0 38 51.
4704 12 0 34 48.
4720 16 0 24 55.
4736 16 0 32 60.
4752 16 0 34 53.
4768 16 0 26 60.
4784 12 0 34 56.
4800 12 0 32 49.
4816 12 0 32 58.
4832 28 0 40 55.
4864 16 0 36 58.
4880 16 0 40 60.
4896 16 0 38 53.
4912 16 0 28 56.
4928 16 0 36 60.
4944 12 0 34 49.
4960 16 0 26 56.
4976 16 0 32 58.
4992 16 0 34 51.
5008 16 0 24 55.
5024 12 0 30 61.
5040 16 0 36 44.
5056 16 0 26 56.
5072 16 0 52 50.
5088 32 0 54 53.
5104 16 0 38 60.
5120 14 0 48 51.
5136 14 0 46 44.
5152 16 0 26 56.
5168 14 0 36 51.
5184 12 0 44 43.
5200 16 0 24 52.
5216 14 0 30 48.
5232 8 0 46 41.
5248 8 0 30 56.
5264 8 0 30 56.
5280 8 0 32 56.
5296 8 0 34 56.
5312 8 0 38 56.
5328 8 0 50 46.
5344 8 0 32 55.
5360 8 0 33 55.
5376 8 0 34 55.
5392 8 0 33 55.
5408 8 0 30 55.
5424 92 0 50 48.
5440 8 0 34 58.
5456 8 0 34 58.
5472 8 0 30 58.
5488 8 0 30 58.
5504 8 0 30 58.
5520 60 0 48 53.
5536 8 0 44 60.
5552 8 0 44 60.
5568 8 0 44 60.
5584 16 0 51 51.
5600 16 0 48 49.
5616 44 0 52 48.
5632 8 0 34 58.
5648 8 0 34 58.
5664 24 0 52 53.
5680 14 0 46 60.
5696 16 0 48 49.
5712 44 0 53 48.
5728 8 0 36 58.
5744 8 0 36 58.
5760 24 0 52 53.
5776 8 0 50 60.
5792 8 0 38 52.
5792 8 0 52 62.
5808 8 0 42 51.
5808 8 0 56 63.
5824 8 0 44 51.
5824 8 0 58 65.
5840 8 0 42 51.
5840 8 0 56 63.
5856 8 0 40 51.
5856 8 0 54 62.
5872 8 0 40 51.
5872 8 0 54 61.
5888 8 0 38 51.
5888 8 0 52 61.
5904 8 0 60 44.
5920 8 0 44 56.
5936 8 0 42 56.
5952 8 0 64 43.
5968 8 0 34 55.
5968 8 0 48 60.
5984 8 0 38 55.
5984 8 0 52 60.
6000 8 0 58 41.
6016 8 0 42 53.
6016 8 0 54 65.
6032 8 0 40 53.
6032 8 0 52 65.
6048 8 0 34 53.
6048 8 0 46 65.
6064 8 0 38 53.
6064 8 0 50 65.
6080 8 0 40 53.
6080 8 0 52 65.
6096 8 0 54 46.
6112 8 0 32 55.
6112 8 0 40 61.
6128 8 0 32 55.
6128 8 0 40 61.
6144 8 0 35 55.
6144 8 0 43 61.
6160 8 0 37 55.
6160 8 0 45 61.
6176 8 0 38 55.
6176 8 0 46 61.
6192 8 0 56 48.
6208 8 0 40 55.
6208 8 0 52 65.
6224 8 0 40 55.
6224 8 0 52 65.
6240 8 0 44 55.
6256 8 0 42 55.
6272 8 0 40 55.
6288 60 0 50 53.
6304 8 0 44 60.
6320 8 0 42 60.
6336 8 0 40 60.
6352 16 0 51 51.
6368 16 0 47 49.
6384 44 0 52 48.
6400 8 0 34 58.
6416 8 0 36 58.
6432 24 0 52 53.
6448 14 0 46 60.
6464 16 0 50 49.
6480 44 0 54 48.
6496 8 0 38 58.
6512 8 0 38 58.
6528 24 0 56 53.
6544 8 0 54 60.
6560 8 0 42 52.
6560 8 0 56 62.
6576 8 0 46 51.
6576 8 0 60 63.
6592 8 0 48 51.
6592 8 0 62 65.
6608 8 0 46 51.
6608 8 0 60 63.
6624 8 0 44 51.
6624 8 0 58 62.
6640 8 0 44 51.
6640 8 0 58 61.
6656 8 0 42 51.
6656 8 0 56 61.
6672 8 0 62 44.
6688 8 0 46 56.
6704 8 0 44 56.
6720 8 0 64 44.
6736 8 0 44 56.
6752 8 0 46 56.
6768 8 0 60 44.
6784 8 0 42 56.
6800 8 0 44 56.
6816 8 0 62 49.
6832 8 0 46 56.
6848 8 0 50 56.
6864 8 0 54 48.
6880 8 0 40 63.
6896 8 0 38 56.
6912 8 0 54 49.
6928 8 0 40 61.
6944 8 0 38 56.
6960 8 0 58 46.
6976 8 0 40 58.
6992 8 0 42 58.
7008 8 0 60 51.
7024 8 0 42 58.
7040 8 0 44 58.
7056 8 0 60 50.
7072 8 0 46 65.
7088 8 0 42 58.
7104 8 0 62 51.
7120 8 0 44 63.
7136 8 0 40 58.
7152 8 0 60 48.
7168 8 0 46 63.
7184 8 0 46 56.
7200 8 0 62 49.
7216 8 0 49 61.
7232 8 0 48 56.
7248 8 0 56 46.
7264 8 0 50 61.
7280 8 0 48 54.
7296 8 0 56 47.
7312 8 0 48 59.
7328 8 0 42 54.
7344 8 0 60 44.
7360 8 0 48 59.
7376 8 0 46 52.
7392 8 0 62 43.
7408 8 0 52 58.
7424 8 0 50 51.
7440 8 0 66 42.
7456 8 0 55 57.
7472 8 0 52 50.
7488 8 0 70 41.
7504 8 0 58 56.
7520 8 0 60 49.
7536 8 0 86 30.
7552 8 0 38 54.
7552 8 0 52 61.
7568 8 0 36 54.
7568 8 0 50 61.
7584 8 0 38 54.
7584 8 0 52 61.
7600 8 0 40 54.
7600 8 0 54 61.
7616 8 0 37 54.
7616 8 0 51 61.
7632 8 0 60 47.
7648 8 0 40 54.
7648 8 0 52 62.
7664 8 0 39 54.
7664 8 0 51 62.
7680 8 0 38 54.
7680 8 0 50 62.
7696 8 0 40 54.
7696 8 0 52 62.
7712 8 0 42 54.
7712 8 0 54 62.
7728 92 0 62 49.
7744 8 0 45 59.
7760 8 0 43 59.
7776 8 0 46 59.
7792 8 0 44 59.
7808 8 0 42 59.
7824 60 0 58 54.
7840 8 0 54 61.
7856 8 0 54 61.
7872 8 0 52 61.
7888 16 0 58 52.
7904 16 0 56 50.
7920 44 0 58 49.
7936 8 0 44 59.
7952 8 0 42 59.
7968 24 0 60 54.
7984 14 0 54 61.
8000 16 0 60 50.
8016 44 0 62 49.
8032 8 0 44 59.
8048 8 0 44 59.
8064 24 0 62 54.
8080 8 0 56 61.
8096 8 0 50 53.
8096 8 0 64 63.
8112 8 0 50 52.
8112 8 0 64 64.
8128 8 0 52 52.
8128 8 0 66 66.
8144 8 0 50 52.
8144 8 0 64 64.
8160 8 0 48 52.
8160 8 0 62 63.
8176 8 0 48 52.
8176 8 0 62 62.
8192 8 0 46 52.
8192 8 0 60 62.
8208 8 0 64 45.
8224 8 0 52 57.
8240 8 0 50 57.
8256 8 0 68 44.
8272 8 0 42 56.
8272 8 0 56 61.
8288 8 0 46 56.
8288 8 0 60 61.
8304 8 0 78 42.
8320 8 0 46 54.
8320 8 0 60 66.
8336 8 0 48 54.
8336 8 0 62 66.
8352 8 0 44 54.
8352 8 0 58 66.
8368 8 0 42 54.
8368 8 0 56 66.
8384 8 0 40 54.
8384 8 0 54 66.
8400 8 0 64 47.
8416 8 0 36 56.
8416 8 0 44 62.
8432 8 0 38 56.
8432 8 0 46 62.
8448 8 0 40 56.
8448 8 0 48 62.
8464 8 0 44 56.
8464 8 0 52 62.
8480 8 0 46 56.
8480 8 0 54 62.
8496 8 0 76 37.
8512 8 0 46 56.
8512 8 0 60 62.
8528 8 0 48 56.
8528 8 0 60 62.
8544 44 0 72 49.
8560 8 0 52 59.
8576 8 0 48 59.
8592 60 0 66 54.
8608 8 0 58 61.
8624 8 0 56 61.
8640 8 0 52 61.
8656 16 0 56 52.
8672 16 0 54 50.
8688 44 0 58 49.
8704 8 0 46 59.
8720 8 0 48 59.
8736 24 0 56 54.
8752 14 0 58 61.
8768 16 0 56 50.
8784 44 0 60 49.
8800 8 0 50 59.
8816 8 0 52 59.
8832 24 0 62 54.
8848 8 0 62 61.
8864 8 0 52 53.
8864 8 0 64 63.
8880 8 0 46 52.
8880 8 0 60 64.
8896 8 0 48 52.
8896 8 0 62 66.
8912 8 0 46 52.
8912 8 0 60 64.
8928 8 0 44 52.
8928 8 0 58 63.
8944 8 0 44 52.
8944 8 0 58 62.
8960 8 0 42 52.
8960 8 0 56 62.
8976 8 0 62 45.
8992 8 0 46 57.
9008 8 0 44 57.
9024 8 0 64 45.
9040 8 0 44 57.

