96 48 0 43 66.
144 12 0 52 75.
180 12 0 55 74.
192 24 0 58 75.
216 12 0 58 74.
252 12 0 58 73.
264 22 0 56 74.
288 94 0 56 73.
384 24 0 55 75.
408 24 0 57 76.
432 24 0 60 78.
456 36 0 68 80.
492 12 0 59 78.
504 12 0 57 77.
528 36 0 55 78.
564 12 0 56 77.
576 118 0 52 76.
696 22 0 54 75.
720 34 0 50 73.
756 12 0 56 71.
768 24 0 62 73.
792 22 0 58 75.
828 12 0 62 73.
840 24 0 65 75.
864 16 0 63 78.
888 88 0 63 76.
984 48 0 48 76.
1032 24 0 48 68.
1056 22 0 46 70.
1080 8 0 40 71.
1088 8 0 45 73.
1096 6 0 41 71.
1104 10 0 40 70.
1116 10 0 39 71.
1128 16 0 50 75.
1146 4 0 45 73.
1152 102 0 42 70.
1256 8 0 48 65.
1264 8 0 44 66.
1272 6 0 48 68.
1278 6 0 50 70.
1284 6 0 48 71.
1290 6 0 44 73.
1296 15 0 50 75.
1311 14 0 52 77.
1325 14 0 49 76.
1339 14 0 48 74.
1353 15 0 54 75.
1368 15 0 55 74.
1383 14 0 54 76.
1397 14 0 54 75.
1411 14 0 58 73.
1425 15 0 56 74.
1440 83 0 52 73.
1523 10 0 50 72.
1533 10 0 47 73.
1543 10 0 45 74.
1553 10 0 47 75.
1563 10 0 51 76.
1573 11 0 50 77.
1584 8 0 58 78.
1592 8 0 56 79.
1600 8 0 59 80.
1608 8 0 62 81.
1616 8 0 65 82.
1624 8 0 64 83.
1632 8 0 62 84.
1640 8 0 58 81.
1648 8 0 54 78.
1656 8 0 58 77.
1664 8 0 56 78.
1672 8 0 59 79.
1680 8 0 60 80.
1688 8 0 55 81.
1696 8 0 50 82.
1704 8 0 44 83.
1712 8 0 47 80.
1720 8 0 44 77.
1728 120 0 54 76.
1848 24 0 54 75.
1872 24 0 56 73.
1896 24 0 70 75.
1920 24 0 64 73.
1944 48 0 60 68.
1992 12 0 68 73.
2010 6 0 64 73.
2016 72 0 66 82.
2088 18 0 64 80.
2106 18 0 58 78.
2124 18 0 65 77.
2142 18 0 67 75.
2160 24 0 68 73.
2184 36 0 64 75.
2220 12 0 68 73.
2232 48 0 64 68.
2280 16 0 70 73.
2296 8 0 52 66.
2304 24 0 72 82.
2328 36 0 66 83.
2364 12 0 72 82.
2376 18 0 68 80.
2394 18 0 67 78.
2412 18 0 65 77.
2430 18 0 64 75.
2448 14 0 64 73.
2462 5 0 56 75.
2467 5 0 58 77.
2472 36 0 56 75.
2508 4 0 62 73.
2514 6 0 60 73.
2520 48 0 58 68.
2568 24 0 64 73.
2592 142 0 57 76.
2760 6 0 34 66.
2772 6 0 36 68.
2784 6 0 39 70.
2796 6 0 40 71.
2808 24 0 38 73.
2856 24 0 48 75.
2880 96 0 38 71.
3024 12 0 52 75.
3060 12 0 55 74.
3072 24 0 58 75.
3096 12 0 58 74.
3132 12 0 58 73.
3144 22 0 56 74.
3168 94 0 56 73.
3264 24 0 60 75.
3288 24 0 62 76.
3312 12 0 60 78.
3336 30 0 56 80.
3366 6 0 48 78.
3372 6 0 52 80.
3378 6 0 48 78.
3384 24 0 50 77.
3408 12 0 50 78.
3420 12 0 48 77.
3432 12 0 38 83.
3444 12 0 42 77.
3456 118 0 52 76.
3576 10 0 54 75.
3588 5 0 40 73.
3636 12 0 50 71.
3648 24 0 62 73.
3672 22 0 56 75.
3708 12 0 62 73.
3720 24 0 65 75.
3744 16 0 54 78.
3768 88 0 63 76.
3864 44 0 46 76.
3912 6 0 46 68.
3918 6 0 44 70.
3924 6 0 45 68.
3930 5 0 46 67.
3935 5 0 48 68.
3940 4 0 50 70.
3944 4 0 52 71.
3948 4 0 52 73.
3952 4 0 50 75.
3956 4 0 48 76.
3960 4 0 49 78.
3964 4 0 50 79.
3968 4 0 52 82.
3972 4 0 51 80.
3976 4 0 50 78.
3980 4 0 48 76.
3984 5 0 49 75.
3989 5 0 50 76.
3994 4 0 48 75.
3998 5 0 46 73.
4003 5 0 44 75.
4008 6 0 40 76.
4014 6 0 38 68.
4020 6 0 40 75.
4029 4 0 34 73.
4136 8 0 38 65.
4144 8 0 44 66.
4152 6 0 48 68.
4158 6 0 50 70.
4164 6 0 46 71.
4170 6 0 44 73.
4176 12 0 42 75.
4200 12 0 52 77.
4212 12 0 49 76.
4224 12 0 48 74.
4236 12 0 54 75.
4248 12 0 53 74.
4272 12 0 58 76.
4284 12 0 58 75.
4296 12 0 54 73.
4308 12 0 56 74.
4320 92 0 52 73.
4416 12 0 46 72.
4428 12 0 48 73.
4440 12 0 51 75.
4452 12 0 50 76.
4464 9 0 60 77.
4473 9 0 50 78.
4482 9 0 53 80.
4491 9 0 52 78.
4500 7 0 54 83.
4509 9 0 52 84.
4518 6 0 66 96.
4527 8 0 56 78.
4536 9 0 58 76.
4545 9 0 54 77.
4554 9 0 55 78.
4563 9 0 56 77.
4572 9 0 52 82.
4581 9 0 48 83.
4590 8 0 54 95.
4599 9 0 56 77.
4608 120 0 54 76.
4728 24 0 54 75.
4752 24 0 56 73.
4776 24 0 70 75.
4800 24 0 64 73.
4824 48 0 60 68.
4872 20 0 66 73.
4896 72 0 66 82.
4968 18 0 64 80.
4986 18 0 58 78.
5004 18 0 65 77.
5022 18 0 67 75.
5040 24 0 68 73.
5064 36 0 64 75.
5100 4 0 60 73.
5106 6 0 58 73.
5112 48 0 64 68.
5160 16 0 70 73.
5176 8 0 52 66.
5184 24 0 72 82.
5208 36 0 66 83.
5244 12 0 72 82.
5256 18 0 68 80.
5274 18 0 67 78.
5292 18 0 65 77.
5310 18 0 64 75.
5328 14 0 64 73.
5342 5 0 56 75.
5347 5 0 58 77.
5352 36 0 56 75.
5388 4 0 62 73.
5394 6 0 60 73.
5400 48 0 58 68.
5448 24 0 64 73.
5472 142 0 68 76.
5640 6 0 34 66.
5652 6 0 36 68.
5664 6 0 39 70.
5676 6 0 40 71.
5688 24 0 38 73.
5736 24 0 48 75.
5760 84 0 38 71.
5856 24 0 46 70.
5880 24 0 53 71.
5904 72 0 54 73.
5976 48 0 59 78.
6024 24 0 60 75.
6048 72 0 53 73.
6120 60 0 44 71.
6192 36 0 62 83.
6228 12 0 61 82.
6240 12 0 63 80.
6252 12 0 65 78.
6264 12 0 66 77.
6276 12 0 62 78.
6288 12 0 70 80.
6300 12 0 60 71.
6312 12 0 58 73.
6324 12 0 60 68.
6336 204 0 50 70.
6552 48 0 52 75.
6600 24 0 48 71.
6624 48 0 49 70.
6672 22 0 46 68.
6696 84 0 66 80.
6780 12 0 44 78.
6792 12 0 48 77.
6804 12 0 47 75.
6816 12 0 49 74.
6828 12 0 47 75.
6840 12 0 46 76.
6852 12 0 42 77.
6864 12 0 44 69.
6876 12 0 42 70.
6888 16 0 42 71.
6904 8 0 41 70.
6912 60 0 44 68.
6984 60 0 40 66.
7044 6 0 56 65.
7056 36 0 50 65.
7104 60 0 52 70.
7176 12 0 58 70.
7200 24 0 60 70.
7224 24 0 46 71.
7344 36 0 58 71.
7380 12 0 54 72.
7392 8 0 60 75.
7400 8 0 62 73.
7408 4 0 57 72.
7416 24 0 58 72.
7464 12 0 62 72.
7488 12 0 68 72.
7512 72 0 60 73.
7608 12 0 70 73.
7632 12 0 66 73.
7656 72 0 66 74.
7752 12 0 72 74.
7776 48 0 74 74.
7824 24 0 78 75.
7848 84 0 78 90.
7932 12 0 70 89.
7944 10 0 64 87.
7954 10 0 63 85.
7964 9 0 62 83.
7973 9 0 65 87.
7982 10 0 60 82.
7992 6 0 72 81.
7998 6 0 64 78.
8004 5 0 62 77.
8009 5 0 60 75.
8014 5 0 58 74.
8019 5 0 70 77.
8024 5 0 62 75.
8029 5 0 60 73.
8034 5 0 54 71.
8039 5 0 48 70.
8044 5 0 54 69.
8049 5 0 50 66.
8054 5 0 46 65.
8059 5 0 42 63.
8064 12 0 46 62.
8088 96 0 52 70.
8184 6 0 37 71.
8196 6 0 45 72.
8208 24 0 47 73.
8232 36 0 48 75.
8268 12 0 46 73.
8280 48 0 50 68.
8328 20 0 51 73.
8352 72 0 54 82.
8424 18 0 46 80.
8442 18 0 48 78.
8460 18 0 55 77.
8478 18 0 53 75.
8496 14 0 56 73.
8510 5 0 52 75.
8515 5 0 54 77.
8520 36 0 56 75.
8556 4 0 54 73.
8562 6 0 52 73.
8568 48 0 54 68.
8616 16 0 64 73.
8632 8 0 50 66.
8640 24 0 64 82.
8664 36 0 66 83.
8700 12 0 64 82.
8712 18 0 58 80.
8730 18 0 60 78.
8748 18 0 58 77.
8766 18 0 56 75.
8784 24 0 58 73.
8808 24 0 60 75.
8832 10 0 58 73.
8850 6 0 56 73.
8856 48 0 54 68.
8904 24 0 58 73.
8928 142 0 57 76.
9096 6 0 34 66.
9108 6 0 36 68.
9120 6 0 39 70.
9132 6 0 40 71.
9144 24 0 36 73.
9192 24 0 46 75.
9216 84 0 38 71.
9312 24 0 46 70.
9336 24 0 52 71.
9360 72 0 56 73.
9432 48 0 60 78.
9480 24 0 64 75.
9504 60 0 62 73.
9576 12 0 54 71.
9592 8 0 52 71.
9600 36 0 64 83.
9648 12 0 50 83.
9660 12 0 56 82.
9672 12 0 58 80.
9684 6 0 56 78.
9690 3 0 52 77.
9693 3 0 56 78.
9696 12 0 54 77.
9708 12 0 56 75.
9720 12 0 59 77.
9732 12 0 61 78.
9744 12 0 58 80.
9756 12 0 55 71.
9768 12 0 56 73.
9780 12 0 60 68.
9792 172 0 52 70.
9964 11 0 50 71.
9975 11 0 52 70.
9986 11 0 53 69.
9997 11 0 48 70.
10008 33 0 48 75.
10041 7 0 42 74.
10048 7 0 43 73.
10055 7 0 40 72.
10062 18 0 38 71.
10080 48 0 44 70.
10128 24 0 44 68.
10152 81 0 54 80.
10233 9 0 42 78.
10242 9 0 44 77.
10251 9 0 42 75.
10260 9 0 46 74.
10269 9 0 49 75.
10278 9 0 49 74.
10287 9 0 52 73.
10296 8 0 48 74.
10304 8 0 46 75.
10312 8 0 45 76.
10320 8 0 42 77.
10328 8 0 46 69.
10336 8 0 40 70.
10344 16 0 42 71.
10360 8 0 42 70.
10368 72 0 48 68.
10440 48 0 42 66.
10500 6 0 54 65.
10512 12 0 48 65.
10536 72 0 52 70.
10632 12 0 58 70.
10656 24 0 60 70.
10680 24 0 46 71.
10776 36 0 54 71.
10836 12 0 54 72.
10848 8 0 60 75.
10856 8 0 62 73.
10864 4 0 57 72.
10872 24 0 58 72.
10920 12 0 62 72.
10944 12 0 68 72.
10968 72 0 60 73.
11064 12 0 70 73.
11088 12 0 66 73.
11112 72 0 66 74.
11208 12 0 72 74.
11232 48 0 74 74.
11280 24 0 78 75.
11304 78 0 78 90.
11382 6 0 60 89.
11388 6 0 58 87.
11394 6 0 60 90.
11400 6 0 56 85.
11406 6 0 58 83.
11412 6 0 56 87.
11418 6 0 58 82.
11424 6 0 54 81.
11430 6 0 56 87.
11436 6 0 54 80.
11442 6 0 56 78.
11448 6 0 66 81.
11454 6 0 56 77.
11460 6 0 54 75.
11466 6 0 58 78.
11472 6 0 54 73.
11478 6 0 52 71.
11484 6 0 56 75.
11490 6 0 54 70.
11496 6 0 58 69.
11502 6 0 56 66.
11508 6 0 54 65.
11514 6 0 52 63.
11520 12 0 54 62.
11544 96 0 52 70.
11640 6 0 37 71.
11652 6 0 45 72.
11664 24 0 47 73.
11688 36 0 48 75.
11724 12 0 46 73.
11736 48 0 50 68.
11784 20 0 51 73.
11808 72 0 54 82.
11880 18 0 46 80.
11898 18 0 48 78.
11916 18 0 55 77.
11934 18 0 53 75.
11952 14 0 56 73.
11966 5 0 52 75.
11971 5 0 54 77.
11976 36 0 56 75.
12012 12 0 54 73.
12024 48 0 54 68.
12072 16 0 60 73.
12088 8 0 50 66.
12096 24 0 58 82.
12120 36 0 60 83.
12156 12 0 58 82.
12168 18 0 56 80.
12186 18 0 58 78.
12204 18 0 56 77.
12222 18 0 54 75.
12240 24 0 56 73.
12264 24 0 58 75.
12288 10 0 56 73.
12306 6 0 54 73.
12312 48 0 52 68.
12360 24 0 56 73.
12384 142 0 54 76.
12552 6 0 34 66.
12564 6 0 36 68.
12576 6 0 39 70.
12588 6 0 40 71.
12600 24 0 36 73.
12648 24 0 68 74.
12672 132 0 68 71.
12696 36 0 34 66.
12744 12 0 36 66.
12768 12 0 28 66.
12792 36 0 36 66.
12816 36 0 64 70.
12840 12 0 44 66.
12852 12 0 68 71.
12864 84 0 72 74.
12888 36 0 36 67.
12936 12 0 30 67.
12960 12 0 34 64.
12960 12 0 44 71.
12984 36 0 40 67.
13032 12 0 28 67.
13056 12 0 30 63.
13056 12 0 40 71.
13080 36 0 38 69.
13128 36 0 40 69.
13176 36 0 34 69.
13224 12 0 36 63.
13224 12 0 46 71.
13248 96 0 74 78.
13272 36 0 42 71.
13320 60 0 34 71.
13344 36 0 64 76.
13392 84 0 46 71.
13440 36 0 56 76.
13488 36 0 34 67.
13488 36 0 62 76.
13524 12 0 58 78.
13536 36 0 30 66.
13536 36 0 60 74.
13584 36 0 40 66.
13584 36 0 68 74.
13620 12 0 62 76.
13632 12 0 34 64.
13632 12 0 66 73.
13680 48 0 58 71.
13776 36 0 26 66.
13776 48 0 62 74.
13824 84 0 24 67.
13824 36 0 64 73.
13872 24 0 62 73.
13908 6 0 56 73.
13920 84 0 20 66.
13920 36 0 52 73.
13960 8 0 42 76.
13968 36 0 52 74.
14004 12 0 54 73.
14016 84 0 20 65.
14016 84 0 50 73.
14112 97 0 36 64.
14112 88 0 66 73.
14232 36 0 38 66.
14280 12 0 40 66.
14304 12 0 32 66.
14328 36 0 40 66.
14352 36 0 64 70.
14376 12 0 44 66.
14388 12 0 68 71.
14400 84 0 72 74.
14424 36 0 36 67.
14472 12 0 30 67.
14496 12 0 34 64.
14496 12 0 44 71.
14520 36 0 40 67.
14568 12 0 28 67.
14592 12 0 30 63.
14592 12 0 40 71.
14616 36 0 38 69.
14664 36 0 40 69.
14712 36 0 34 69.
14760 12 0 36 63.
14760 12 0 46 71.
14784 12 0 40 64.
14784 96 0 74 76.
14808 40 0 44 67.
14860 56 0 48 67.
14928 84 0 26 64.
14976 36 0 64 72.
15024 36 0 38 64.
15024 36 0 66 72.
15060 12 0 64 74.
15072 36 0 44 62.
15072 36 0 62 71.
15120 36 0 42 62.
15120 36 0 64 71.
15156 12 0 68 72.
15168 12 0 40 60.
15168 12 0 66 69.
15216 48 0 56 67.
15216 48 0 74 79.
15312 36 0 40 62.
15312 48 0 62 71.
15360 36 0 42 64.
15360 36 0 68 72.
15408 36 0 36 64.
15408 24 0 64 72.
15444 6 0 64 74.
15456 36 0 42 62.
15456 36 0 62 71.
15504 36 0 36 62.
15504 36 0 56 71.
15540 12 0 54 72.
15552 84 0 28 61.
15552 144 0 46 70.
15648 48 0 28 64.
15744 88 0 28 62.
15744 88 0 56 74.
15832 92 0 30 64.
15840 48 0 50 74.
15888 36 0 48 73.
15924 6 0 42 71.
15936 96 0 20 62.
15936 96 0 44 71.
16128 84 0 54 61.
16128 84 0 44 71.
16224 84 0 66 61.
16224 84 0 50 69.
16320 184 0 64 64.
16320 184 0 50 73.
16560 36 0 40 67.
16560 36 0 66 76.
16596 12 0 64 77.
16608 36 0 36 65.
16608 36 0 62 74.
16656 36 0 38 65.
16656 36 0 64 74.
16692 12 0 68 76.
16704 12 0 40 64.
16704 12 0 66 73.
16752 48 0 60 69.
16848 36 0 36 67.
16896 36 0 34 68.
16944 36 0 32 63.
16980 12 0 54 73.
16992 36 0 34 61.
17040 36 0 24 61.
17040 36 0 54 70.
17076 12 0 56 72.
17088 12 0 30 60.
17136 48 0 44 68.
17280 84 0 64 63.
17280 84 0 56 73.
17376 84 0 70 63.
17376 84 0 56 71.
17472 184 0 66 66.
17472 184 0 52 75.
17712 36 0 46 69.
17748 12 0 64 79.
17760 36 0 42 67.
17808 36 0 36 67.
17808 36 0 64 76.
17844 12 0 68 78.
17856 12 0 40 66.
17856 12 0 66 75.
17904 48 0 60 71.
18000 36 0 26 62.
18000 48 0 58 71.
18048 36 0 30 61.
144 24 0 30 47.
168 40 0 34 54.
216 24 0 34 47.
240 40 0 33 53.
288 24 0 31 47.
312 40 0 31 52.
360 24 0 30 47.
384 40 0 38 55.
432 24 0 37 47.
456 40 0 38 57.
504 24 0 37 47.
528 40 0 38 56.
576 24 0 34 47.
600 40 0 35 55.
648 24 0 33 47.
672 40 0 30 54.
720 24 0 34 47.
744 40 0 30 52.
792 24 0 34 47.
816 40 0 38 54.
864 16 0 34 37.
888 24 0 30 49.
912 24 0 40 56.
936 24 0 34 61.
960 24 0 32 56.
984 16 0 30 64.
1008 88 0 35 49.
1104 24 0 26 64.
1128 16 0 26 59.
1152 24 0 34 42.
1176 24 0 32 49.
1200 24 0 38 58.
1224 24 0 32 54.
1248 24 0 30 64.
1272 22 0 32 58.
1296 16 0 30 47.
1320 40 0 34 54.
1368 16 0 34 47.
1392 40 0 33 53.
1440 16 0 31 47.
1464 40 0 31 52.
1512 16 0 30 47.
1536 40 0 38 55.
1584 16 0 37 47.
1608 40 0 38 57.
1656 16 0 37 47.
1680 40 0 38 56.
1728 16 0 37 47.
1752 40 0 35 55.
1800 16 0 33 47.
1824 40 0 30 54.
1872 24 0 36 41.
1896 24 0 35 49.
1920 24 0 38 59.
1944 24 0 40 53.
1968 24 0 46 61.
1992 24 0 36 49.
2016 24 0 40 42.
2040 24 0 38 49.
2064 24 0 40 58.
2088 24 0 36 54.
2112 24 0 38 61.
2136 24 0 34 49.
2160 24 0 36 41.
2184 24 0 35 49.
2208 24 0 38 59.
2232 24 0 48 53.
2256 24 0 50 61.
2280 24 0 44 49.
2304 24 0 40 42.
2328 24 0 38 49.
2352 24 0 43 58.
2376 24 0 36 54.
2400 24 0 38 61.
2424 24 0 34 49.
2448 24 0 38 41.
2472 24 0 36 49.
2496 24 0 38 59.
2520 24 0 34 53.
2544 24 0 35 61.
2568 24 0 30 49.
2592 24 0 34 42.
2616 24 0 30 49.
2640 24 0 32 59.
2664 24 0 30 55.
2688 24 0 28 64.
2712 24 0 26 59.
2736 24 0 30 42.
2760 24 0 26 49.
2784 24 0 28 58.
2808 24 0 26 54.
2832 24 0 25 64.
2856 24 0 26 58.
2880 24 0 31 47.
2904 24 0 30 54.
2928 24 0 35 63.
2952 24 0 32 59.
2976 24 0 32 66.
3000 24 0 28 54.
3024 24 0 30 47.
3048 40 0 34 54.
3096 24 0 34 47.
3120 40 0 33 53.
3168 24 0 31 47.
3192 40 0 31 52.
3240 24 0 30 47.
3264 40 0 38 55.
3312 24 0 37 47.
3336 40 0 38 57.
3384 24 0 37 47.
3408 40 0 38 56.
3456 24 0 34 47.
3480 40 0 35 55.
3528 24 0 33 47.
3552 40 0 30 54.
3600 24 0 34 47.
3624 40 0 30 52.
3672 24 0 34 47.
3696 40 0 38 54.
3744 16 0 34 37.
3768 24 0 30 49.
3792 24 0 40 56.
3816 24 0 34 61.
3840 24 0 32 56.
3864 16 0 30 64.
3888 88 0 35 49.
3984 24 0 26 64.
4008 16 0 26 59.
4032 24 0 34 42.
4056 24 0 32 49.
4080 24 0 38 58.
4104 24 0 32 54.
4128 24 0 30 64.
4152 22 0 32 58.
4176 16 0 30 47.
4200 40 0 34 54.
4248 16 0 34 47.
4272 40 0 33 53.
4320 16 0 31 47.
4344 40 0 31 52.
4392 16 0 30 47.
4416 40 0 38 55.
4464 16 0 37 47.
4488 40 0 38 57.
4536 16 0 37 47.
4560 40 0 38 56.
4608 16 0 37 47.
4632 40 0 35 55.
4680 16 0 33 47.
4704 40 0 30 54.
4752 24 0 36 41.
4776 24 0 35 49.
4800 24 0 38 59.
4824 24 0 40 53.
4848 24 0 46 61.
4872 24 0 36 49.
4896 24 0 40 42.
4920 24 0 38 49.
4944 24 0 40 58.
4968 24 0 36 54.
4992 24 0 38 61.
5016 24 0 34 49.
5040 24 0 36 41.
5064 24 0 35 49.
5088 24 0 38 59.
5112 24 0 48 53.
5136 24 0 50 61.
5160 24 0 44 49.
5184 24 0 40 42.
5208 24 0 38 49.
5232 24 0 43 58.
5256 24 0 36 54.
5280 24 0 38 61.
5304 24 0 34 49.
5328 24 0 38 41.
5352 24 0 36 49.
5376 24 0 38 59.
5400 24 0 34 53.
5424 24 0 35 61.
5448 24 0 30 49.
5472 24 0 34 42.
5496 24 0 30 49.
5520 24 0 32 59.
5544 24 0 30 55.
5568 24 0 28 64.
5592 24 0 26 59.
5616 24 0 30 42.
5640 24 0 26 49.
5664 24 0 28 58.
5688 24 0 26 54.
5712 24 0 25 64.
5736 24 0 26 58.
5760 24 0 31 47.
5784 24 0 28 54.
5808 24 0 32 63.
5832 24 0 28 59.
5856 24 0 28 66.
5880 24 0 30 54.
5904 24 0 30 46.
5928 24 0 28 49.
5952 24 0 30 54.
5976 24 0 32 49.
6000 24 0 36 61.
6024 24 0 30 54.
6048 24 0 36 44.
6072 24 0 32 51.
6096 24 0 34 54.
6120 24 0 36 51.
6144 24 0 34 59.
6168 24 0 36 54.
6192 24 0 36 44.
6216 24 0 30 49.
6240 24 0 32 53.
6264 24 0 34 49.
6288 24 0 34 59.
6312 24 0 30 53.
6336 24 0 36 42.
6360 24 0 33 49.
6384 24 0 32 53.
6408 24 0 30 49.
6432 24 0 34 58.
6456 24 0 33 53.
6480 24 0 39 42.
6504 24 0 40 47.
6528 24 0 43 51.
6552 24 0 36 47.
6576 24 0 36 58.
6600 24 0 32 51.
6624 24 0 34 41.
6648 24 0 32 47.
6672 24 0 28 51.
6696 24 0 30 47.
6720 24 0 30 56.
6744 24 0 26 51.
6768 24 0 31 41.
6792 24 0 28 46.
6816 24 0 28 50.
6840 24 0 30 46.
6864 24 0 28 56.
6888 24 0 27 50.
6912 24 0 30 39.
6936 24 0 29 46.
6960 24 0 28 54.
6984 24 0 29 51.
7008 24 0 32 58.
7032 24 0 31 54.
7056 24 0 32 46.
7080 24 0 31 53.
7104 24 0 32 62.
7128 24 0 32 58.
7152 24 0 34 65.
7176 24 0 32 53.
7200 24 0 38 46.
7224 24 0 36 54.
7248 24 0 42 63.
7272 24 0 40 57.
7296 24 0 44 66.
7320 24 0 42 54.
7344 24 0 42 46.
7368 24 0 38 55.
7392 24 0 40 64.
7416 24 0 42 58.
7440 24 0 43 67.
7464 24 0 42 55.
7488 24 0 43 46.
7512 24 0 42 56.
7536 24 0 44 65.
7560 24 0 42 59.
7584 24 0 46 68.
7608 24 0 44 56.
7632 24 0 45 46.
7656 24 0 42 56.
7680 24 0 50 65.
7704 24 0 47 58.
7728 24 0 52 68.
7752 24 0 50 56.
7776 24 0 50 46.
7800 24 0 48 54.
7824 24 0 54 63.
7848 24 0 54 58.
7872 24 0 46 66.
7896 24 0 52 54.
7920 24 0 50 46.
7944 24 0 48 54.
7968 24 0 45 63.
7992 24 0 44 57.
8016 24 0 36 66.
8040 24 0 34 54.
8064 15 0 36 46.
8079 14 0 34 53.
8093 14 0 36 58.
8107 14 0 38 62.
8121 15 0 32 58.
8136 30 0 32 65.
8208 24 0 30 41.
8232 24 0 30 49.
8256 24 0 28 59.
8280 24 0 32 53.
8304 24 0 36 61.
8328 24 0 34 49.
8352 24 0 34 42.
8376 24 0 32 49.
8400 24 0 36 58.
8424 24 0 30 54.
8448 24 0 33 61.
8472 24 0 30 49.
8496 24 0 34 41.
8520 24 0 33 49.
8544 24 0 36 59.
8568 24 0 46 53.
8592 24 0 48 61.
8616 24 0 42 49.
8640 24 0 40 42.
8664 24 0 38 49.
8688 24 0 43 58.
8712 24 0 36 54.
8736 24 0 38 61.
8760 24 0 34 49.
8784 24 0 38 41.
8808 24 0 36 49.
8832 24 0 38 59.
8856 24 0 34 53.
8880 24 0 35 61.
8904 24 0 30 49.
8928 24 0 34 42.
8952 24 0 30 49.
8976 24 0 32 59.
9000 24 0 30 55.
9024 24 0 28 64.
9048 24 0 26 59.
9072 24 0 30 42.
9096 24 0 26 49.
9120 24 0 28 58.
9144 24 0 26 54.
9168 24 0 25 64.
9192 24 0 26 58.
9216 24 0 31 47.
9240 24 0 28 54.
9264 24 0 32 63.
9288 24 0 28 59.
9312 24 0 28 66.
9336 24 0 30 54.
9360 24 0 30 46.
9384 24 0 28 49.
9408 24 0 30 54.
9432 24 0 32 49.
9456 24 0 36 61.
9480 24 0 30 54.
9504 24 0 36 44.
9528 24 0 32 51.
9552 24 0 34 54.
9576 24 0 36 51.
9600 24 0 34 59.
9624 24 0 36 54.
9648 24 0 36 44.
9672 24 0 30 49.
9696 24 0 32 53.
9720 24 0 34 49.
9744 24 0 34 59.
9768 24 0 30 53.
9792 24 0 36 42.
9816 24 0 33 49.
9840 24 0 32 53.
9864 24 0 30 49.
9888 24 0 34 58.
9912 24 0 33 53.
9936 24 0 39 42.
9960 24 0 40 47.
9984 24 0 43 51.
10008 24 0 36 47.
10032 24 0 36 58.
10056 24 0 32 51.
10080 24 0 34 41.
10104 24 0 32 47.
10128 24 0 28 51.
10152 24 0 30 47.
10176 24 0 30 56.
10200 24 0 26 51.
10224 24 0 31 41.
10248 24 0 28 46.
10272 24 0 28 50.
10296 24 0 30 46.
10320 24 0 28 56.
10344 24 0 27 50.
10368 24 0 30 39.
10392 24 0 29 46.
10416 24 0 28 54.
10440 24 0 29 51.
10464 24 0 32 58.
10488 24 0 31 54.
10512 24 0 32 46.
10536 24 0 31 53.
10560 24 0 32 62.
10584 24 0 32 58.
10608 24 0 34 65.
10632 24 0 32 53.
10656 24 0 38 46.
10680 24 0 36 54.
10704 24 0 42 63.
10728 24 0 40 57.
10752 24 0 44 66.
10776 24 0 42 54.
10800 24 0 42 46.
10824 24 0 38 55.
10848 24 0 40 64.
10872 24 0 42 58.
10896 24 0 43 67.
10920 24 0 42 55.
10944 24 0 43 46.
10968 24 0 42 56.
10992 24 0 44 65.
11016 24 0 42 59.
11040 24 0 46 68.
11064 24 0 44 56.
11088 24 0 45 46.
11112 24 0 42 56.
11136 24 0 50 65.
11160 24 0 47 58.
11184 24 0 52 68.
11208 24 0 50 56.
11232 24 0 50 46.
11256 24 0 48 54.
11280 24 0 54 63.
11304 24 0 54 58.
11328 24 0 46 66.
11352 24 0 52 54.
11376 24 0 50 46.
11400 24 0 48 54.
11424 24 0 45 63.
11448 24 0 44 57.
11472 24 0 36 66.
11496 24 0 34 54.
11520 15 0 36 46.
11535 14 0 34 53.
11549 14 0 36 58.
11563 14 0 38 62.
11577 15 0 32 58.
11592 30 0 32 65.
11664 24 0 30 41.
11688 24 0 30 49.
11712 24 0 28 59.
11736 24 0 32 53.
11760 24 0 36 61.
11784 24 0 34 49.
11808 24 0 34 42.
11832 24 0 32 49.
11856 24 0 36 58.
11880 24 0 30 54.
11904 24 0 33 61.
11928 24 0 30 49.
11952 24 0 34 41.
11976 24 0 33 49.
12000 24 0 36 59.
12024 24 0 46 53.
12048 24 0 48 61.
12072 24 0 42 49.
12096 24 0 40 42.
12120 24 0 38 49.
12144 24 0 43 58.
12168 24 0 36 54.
12192 24 0 38 61.
12216 24 0 34 49.
12240 24 0 38 41.
12264 24 0 36 49.
12288 24 0 38 59.
12312 24 0 34 53.
12336 24 0 35 61.
12360 24 0 30 49.
12384 24 0 34 42.
12408 24 0 30 49.
12432 24 0 32 59.
12456 24 0 30 55.
12480 24 0 28 64.
12504 24 0 26 59.
12528 24 0 30 42.
12552 24 0 26 49.
12576 24 0 28 58.
12600 24 0 26 54.
12624 24 0 25 64.
12648 24 0 40 58.
12672 16 0 40 47.
12688 16 0 38 53.
12704 16 0 40 54.
12720 16 0 42 55.
12736 16 0 40 54.
12752 16 0 38 42.
12768 16 0 44 47.
12784 16 0 40 53.
12800 16 0 42 54.
12816 16 0 44 55.
12832 16 0 42 54.
12848 16 0 38 42.
12864 16 0 42 47.
12880 16 0 40 54.
12896 16 0 42 55.
12912 16 0 44 57.
12928 16 0 42 55.
12944 16 0 40 47.
12960 16 0 42 52.
12976 16 0 44 54.
12992 16 0 46 55.
13008 16 0 48 57.
13024 15 0 44 55.
13039 17 0 40 47.
13056 16 0 50 54.
13072 16 0 44 58.
13088 16 0 46 59.
13104 16 0 48 60.
13120 16 0 44 59.
13136 16 0 40 47.
13152 16 0 42 54.
13168 16 0 44 58.
13184 16 0 46 59.
13200 16 0 48 60.
13216 16 0 46 59.
13232 16 0 40 47.
13248 16 0 42 52.
13264 16 0 44 58.
13280 16 0 46 59.
13296 16 0 48 60.
13312 16 0 44 59.
13328 16 0 36 47.
13344 16 0 38 52.
13360 16 0 37 58.
13376 16 0 39 59.
13392 16 0 38 60.
13408 16 0 34 59.
13424 16 0 30 47.
13440 16 0 44 52.
13456 16 0 38 58.
13472 16 0 40 59.
13488 17 0 42 61.
13505 16 0 40 59.
13521 15 0 34 47.
13536 16 0 36 54.
13552 16 0 38 58.
13568 16 0 40 59.
13584 16 0 42 61.
13600 17 0 40 59.
13617 15 0 34 47.
13632 16 0 36 55.
13648 16 0 38 58.
13664 16 0 40 59.
13680 16 0 42 61.
13696 16 0 40 59.
13712 16 0 32 47.
13728 16 0 38 54.
13744 16 0 36 58.
13760 16 0 38 59.
13776 16 0 40 61.
13792 16 0 36 59.
13808 16 0 32 47.
13824 16 0 28 52.
13840 16 0 32 58.
13856 16 0 34 59.
13872 16 0 35 61.
13888 16 0 33 59.
13904 16 0 28 47.
13920 16 0 32 54.
13936 16 0 30 58.
13952 16 0 31 59.
13968 16 0 32 61.
13984 16 0 30 59.
14000 16 0 24 47.
14016 16 0 30 56.
14032 16 0 28 58.
14048 16 0 30 59.
14064 16 0 32 61.
14080 16 0 31 59.
14096 16 0 26 47.
14112 16 0 34 55.
14128 16 0 33 58.
14144 16 0 36 59.
14160 16 0 38 61.
14176 16 0 36 59.
14192 16 0 30 47.
14208 16 0 40 47.
14224 16 0 38 53.
14240 16 0 40 54.
14256 16 0 42 55.
14272 16 0 40 54.
14288 16 0 38 42.
14304 16 0 44 47.
14320 16 0 40 53.
14336 16 0 42 54.
14352 16 0 44 55.
14368 16 0 42 54.
14384 16 0 38 42.
14400 16 0 42 47.
14416 16 0 40 54.
14432 16 0 42 55.
14448 16 0 44 57.
14464 16 0 42 55.
14480 16 0 40 47.
14496 16 0 42 52.
14512 16 0 44 54.
14528 16 0 46 55.
14544 16 0 48 57.
14560 15 0 44 55.
14575 17 0 40 47.
14592 16 0 50 54.
14608 16 0 44 58.
14624 16 0 46 59.
14640 16 0 48 60.
14656 16 0 44 59.
14672 16 0 40 47.
14688 16 0 42 54.
14704 16 0 44 58.
14720 16 0 46 59.
14736 16 0 48 60.
14752 16 0 46 59.
14768 16 0 40 47.
14784 16 0 48 48.
14800 16 0 46 54.
14816 16 0 48 55.
14832 16 0 47 57.
14848 16 0 44 55.
14864 16 0 46 43.
14880 16 0 44 48.
14896 16 0 40 54.
14912 16 0 36 55.
14928 16 0 42 57.
14944 16 0 32 55.
14960 16 0 28 43.
14976 16 0 34 48.
14992 16 0 44 54.
15008 16 0 32 55.
15024 16 0 46 57.
15040 16 0 40 55.
15056 16 0 36 43.
15072 16 0 44 50.
15088 16 0 40 54.
15104 16 0 42 55.
15120 16 0 46 57.
15136 16 0 42 55.
15152 16 0 44 43.
15168 16 0 42 52.
15184 16 0 44 54.
15200 16 0 46 55.
15216 16 0 48 57.
15232 16 0 44 55.
15248 16 0 40 43.
15264 16 0 42 50.
15280 16 0 44 54.
15296 16 0 46 55.
15312 16 0 40 57.
15328 16 0 38 55.
15344 16 0 36 43.
15360 16 0 36 48.
15376 16 0 40 54.
15392 16 0 42 55.
15408 16 0 44 57.
15424 16 0 42 55.
15440 16 0 36 43.
15456 16 0 38 50.
15472 16 0 40 54.
15488 16 0 42 55.
15504 16 0 38 57.
15520 16 0 34 55.
15536 16 0 30 43.
15552 16 0 36 52.
15568 16 0 38 54.
15584 16 0 34 52.
15600 16 0 36 54.
15616 16 0 34 52.
15632 16 0 34 50.
15648 16 0 38 49.
15664 16 0 32 50.
15680 16 0 30 49.
15696 16 0 32 50.
15712 16 0 24 49.
15728 16 0 28 42.
15744 16 0 30 47.
15760 16 0 30 53.
15776 16 0 32 54.
15792 16 0 34 55.
15808 16 0 32 54.
15824 16 0 32 42.
15840 16 0 26 46.
15856 16 0 28 53.
15872 16 0 30 54.
15888 16 0 32 55.
15904 16 0 28 54.
15920 16 0 30 42.
15936 16 0 34 47.
15952 16 0 32 53.
15968 16 0 34 54.
15984 16 0 36 55.
16000 16 0 32 54.
16016 16 0 26 42.
16032 16 0 30 47.
16048 16 0 32 53.
16064 16 0 34 54.
16080 16 0 36 55.
16096 16 0 32 54.
16112 16 0 30 42.
16128 16 0 36 41.
16144 16 0 34 48.
16160 16 0 36 49.
16176 16 0 38 50.
16192 16 0 36 49.
16208 16 0 32 41.
16224 16 0 36 42.
16240 16 0 38 48.
16256 16 0 40 49.
16272 16 0 44 50.
16288 16 0 40 49.
16304 16 0 36 42.
16320 16 0 40 43.
16336 16 0 44 51.
16352 16 0 46 52.
16368 16 0 50 54.
16384 16 0 45 52.
16400 16 0 42 43.
16416 16 0 46 44.
16432 16 0 46 51.
16448 16 0 48 52.
16464 16 0 46 54.
16480 16 0 44 52.
16496 16 0 40 44.
16512 16 0 42 45.
16528 16 0 42 56.
16544 16 0 44 57.
16560 16 0 46 58.
16576 16 0 42 57.
16592 16 0 38 45.
16608 16 0 42 50.
16624 16 0 44 56.
16640 16 0 46 57.
16656 16 0 44 58.
16672 16 0 42 57.
16688 16 0 40 45.
16704 16 0 42 52.
16720 16 0 44 56.
16736 16 0 46 57.
16752 16 0 46 58.
16768 16 0 43 57.
16784 16 0 38 52.
16800 16 0 36 45.
16816 16 0 34 51.
16832 16 0 35 52.
16848 16 0 36 54.
16864 16 0 34 52.
16880 16 0 30 45.
16896 16 0 30 44.
16912 16 0 34 50.
16928 16 0 36 51.
16944 16 0 38 53.
16960 16 0 34 51.
16976 16 0 32 39.
16992 16 0 32 43.
17008 16 0 34 50.
17024 16 0 36 51.
17040 16 0 38 52.
17056 16 0 36 51.
17072 16 0 30 39.

