960 720 0 77 69.
1920 240 0 71 74.
2400 240 0 72 78.
2880 480 0 76 78.
3360 480 0 62 67.
3840 480 0 62 67.
4320 240 0 74 69.
4560 240 0 70 74.
4800 480 0 62 66.
5280 480 0 59 66.
5760 1440 0 73 73.
6240 480 0 53 69.
6720 480 0 68 69.
7200 240 0 74 69.
7440 240 0 70 73.
7680 240 0 71 74.
8160 240 0 72 78.
8640 480 0 76 78.
9120 480 0 62 67.
9600 480 0 62 67.
10080 240 0 74 69.
10320 240 0 70 73.
10560 480 0 62 67.
11040 480 0 59 67.
11520 1440 0 73 74.
13440 240 0 39 74.
13920 240 0 40 78.
14400 480 0 42 78.
14880 480 0 34 67.
15360 480 0 34 67.
15840 240 0 40 69.
16080 240 0 39 74.
16320 480 0 34 66.
16800 480 0 32 66.
17280 1440 0 40 73.
17760 480 0 29 69.
18240 480 0 37 69.
18720 240 0 40 69.
18960 240 0 39 73.
19200 240 0 39 74.
19680 240 0 40 78.
20160 480 0 42 78.
20640 480 0 34 67.
21120 480 0 34 67.
21600 240 0 40 69.
21840 240 0 39 73.
22080 480 0 34 67.
22560 480 0 32 67.
23040 1440 0 40 74.
24480 240 0 73 64.
24720 240 0 70 68.
24960 240 0 71 69.
25440 240 0 72 73.
25920 480 0 76 73.
26400 480 0 62 62.
26880 480 0 62 62.
27360 240 0 74 64.
27600 240 0 70 69.
27840 480 0 62 61.
28320 480 0 59 61.
28800 1440 0 73 68.
29280 480 0 53 64.
29760 480 0 68 64.
30240 240 0 74 64.
30480 240 0 70 68.
30720 240 0 71 69.
31200 240 0 72 73.
31680 480 0 76 73.
32160 480 0 62 62.
32640 480 0 62 62.
33120 240 0 74 64.
33360 240 0 70 68.
33600 480 0 62 62.
34080 480 0 59 62.
34560 1440 0 73 69.
36480 240 0 39 69.
36960 240 0 40 73.
37440 480 0 42 73.
37920 480 0 34 62.
38400 480 0 34 62.
38880 240 0 40 64.
39120 240 0 39 69.
39360 480 0 34 61.
39840 480 0 32 61.
40320 1440 0 40 68.
40800 480 0 29 64.
41280 480 0 37 64.
41760 240 0 40 64.
42000 240 0 39 68.
42240 240 0 39 69.
42720 240 0 40 73.
43200 480 0 42 73.
43680 480 0 34 62.
44160 480 0 34 62.
44640 240 0 40 64.
44880 240 0 39 68.
45120 480 0 34 62.
45600 480 0 32 62.
46080 1680 0 40 69.
47040 480 0 73 61.
48000 240 0 81 74.
48480 240 0 82 78.
48960 480 0 87 78.
49440 480 0 71 67.
49920 480 0 71 67.
50400 240 0 85 69.
50640 240 0 80 74.
50880 480 0 71 66.
51360 480 0 67 66.
51840 1440 0 83 73.
52320 480 0 60 69.
52800 480 0 78 69.
53280 240 0 85 69.
53520 240 0 80 73.
53760 240 0 81 74.
54240 240 0 82 78.
54720 480 0 87 78.
55200 480 0 71 67.
55680 480 0 71 67.
56160 240 0 85 69.
56400 240 0 80 73.
56640 480 0 71 67.
57120 480 0 67 67.
57600 1440 0 83 74.
59520 240 0 39 74.
60000 240 0 40 78.
60480 480 0 42 78.
60960 480 0 34 67.
61440 480 0 34 67.
61920 240 0 40 69.
62160 240 0 39 74.
62400 480 0 34 66.
62880 480 0 32 66.
63360 1440 0 40 73.
63840 480 0 29 69.
64320 480 0 37 69.
64800 240 0 40 69.
65040 240 0 39 73.
65280 240 0 39 74.
65760 240 0 40 78.
66240 480 0 42 78.
66720 480 0 34 67.
67200 480 0 34 67.
67680 240 0 40 69.
67920 240 0 39 73.
68160 480 0 34 67.
68640 480 0 32 67.
69120 1800 0 40 74.
71520 960 0 42 70.
72480 240 0 49 69.
72960 960 0 48 65.
73920 480 0 50 65.
73920 480 0 69 75.
74400 960 0 51 65.
74400 480 0 61 76.
74880 360 0 71 79.
75240 120 0 66 77.
75360 480 0 59 65.
75840 480 0 81 77.
76320 240 0 73 76.
76320 240 0 86 82.
76680 120 0 66 70.
76680 120 0 82 82.
76800 480 0 70 70.
76800 480 0 85 82.
77280 480 0 70 70.
77280 480 0 83 82.
77760 240 0 73 77.
77760 240 0 86 82.
78120 120 0 69 70.
78120 120 0 82 82.
78240 480 0 72 70.
78240 480 0 85 82.
78720 480 0 67 69.
78720 480 0 83 81.
79200 240 0 64 76.
79200 240 0 78 81.
79560 120 0 61 70.
79560 120 0 73 81.
79680 480 0 63 70.
79680 480 0 76 81.
80160 480 0 60 70.
80160 480 0 72 79.
80640 240 0 58 75.
80640 240 0 70 79.
81000 120 0 52 69.
81000 120 0 62 79.
81120 480 0 54 69.
81120 480 0 64 79.
81600 480 0 46 69.
81600 480 0 56 77.
82080 360 0 61 74.
82440 120 0 58 74.
82560 480 0 45 65.
82560 480 0 62 75.
83040 480 0 46 65.
83040 480 0 55 76.
83520 360 0 64 78.
83880 120 0 60 77.
84000 360 0 53 65.
84480 480 0 48 65.
84960 360 0 68 73.
85320 120 0 64 73.
85440 480 0 50 65.
85440 480 0 69 75.
85920 480 0 50 65.
85920 480 0 60 76.
86400 360 0 74 78.
86760 120 0 72 77.
86880 480 0 62 73.
86880 480 0 75 80.
87360 480 0 73 73.
87840 240 0 80 72.
87840 240 0 94 78.
88200 120 0 75 66.
88200 120 0 90 78.
88320 480 0 79 66.
88320 480 0 93 78.
88800 480 0 75 66.
88800 480 0 90 78.
89280 240 0 79 73.
89280 240 0 93 78.
89640 120 0 73 66.
89640 120 0 88 78.
89760 480 0 77 66.
89760 480 0 91 78.
90240 480 0 73 65.
90240 480 0 88 77.
90720 240 0 67 72.
90720 240 0 81 77.
91080 120 0 63 66.
91080 120 0 76 77.
91200 480 0 59 66.
91200 480 0 77 77.
91680 480 0 63 66.
91680 480 0 74 75.
92160 240 0 59 66.
92520 120 0 53 66.
92520 120 0 63 75.
92640 480 0 55 66.
92640 480 0 65 75.
93120 480 0 56 73.
93600 160 0 66 68.
93760 160 0 70 62.
93920 1120 0 59 68.
94080 480 0 82 62.
94560 480 0 76 74.
95040 160 0 66 69.
95200 160 0 70 62.
95360 1120 0 59 69.
95520 720 0 82 62.
96240 240 0 73 73.
96480 160 0 66 68.
96640 160 0 70 62.
96800 1120 0 59 68.
96960 480 0 82 62.
97440 480 0 76 74.
97920 160 0 66 69.
98080 160 0 70 62.
98240 1120 0 59 69.
98400 720 0 82 62.
99120 240 0 73 73.
99360 160 0 66 68.
99520 160 0 70 62.
99680 1120 0 59 68.
99840 480 0 82 62.
100320 480 0 76 74.
100800 160 0 66 69.
100960 160 0 70 62.
101120 1120 0 59 69.
101280 720 0 82 62.
102000 240 0 73 73.
102240 160 0 66 68.
102400 160 0 70 62.
102560 1120 0 59 68.
102720 480 0 82 62.
103200 480 0 76 74.
103680 160 0 66 69.
103840 160 0 70 62.
104000 1120 0 59 69.
104160 720 0 82 62.
104880 240 0 73 73.
105120 160 0 66 68.
105280 160 0 70 62.
105440 1120 0 59 68.
105600 480 0 82 62.
106080 480 0 76 74.
106560 160 0 66 69.
106720 160 0 70 62.
106880 1120 0 59 69.
107040 720 0 82 62.
107760 240 0 73 73.
108000 160 0 66 68.
108160 160 0 70 62.
108320 1120 0 59 68.
108480 480 0 82 62.
108960 480 0 76 74.
109440 160 0 66 69.
109600 160 0 70 62.
109760 1120 0 59 69.
109920 720 0 82 62.
110640 240 0 73 73.
110880 160 0 66 68.
111040 160 0 70 62.
111200 1120 0 59 68.
111360 480 0 82 62.
111840 480 0 76 74.
112320 160 0 66 69.
112480 160 0 70 62.
112640 1120 0 59 69.
112800 720 0 82 62.
113520 240 0 73 73.
113760 160 0 66 68.
113920 160 0 70 62.
114080 1120 0 58 68.
114240 480 0 80 62.
114720 480 0 72 74.
115200 160 0 61 67.
115360 160 0 64 62.
115520 1120 0 53 67.
115680 480 0 73 62.
116160 480 0 59 61.
116400 240 0 63 73.
116640 240 0 68 69.
116880 240 0 70 73.
117120 240 0 71 74.
117600 240 0 72 78.
118080 480 0 76 78.
118560 480 0 62 67.
119040 480 0 62 67.
119520 240 0 74 69.
119760 240 0 70 74.
120000 480 0 62 66.
120480 480 0 59 66.
120960 1440 0 73 73.
121440 480 0 53 69.
121920 480 0 68 69.
122400 240 0 74 69.
122640 240 0 70 73.
122880 240 0 71 74.
123360 240 0 72 78.
123840 480 0 76 78.
124320 480 0 62 67.
124800 480 0 62 67.
125280 240 0 74 69.
125520 240 0 70 73.
125760 480 0 62 67.
126240 480 0 59 67.
126720 1440 0 73 74.
128640 240 0 39 74.
129120 240 0 40 78.
129600 480 0 42 78.
130080 480 0 34 67.
130560 480 0 34 67.
131040 240 0 40 69.
131280 240 0 39 74.
131520 480 0 34 66.
132000 480 0 32 66.
132480 1440 0 40 73.
132960 480 0 29 69.
133440 480 0 37 69.
133920 240 0 40 69.
134160 240 0 39 73.
134400 240 0 39 74.
134880 240 0 40 78.
1440 240 0 59 50.
1920 480 0 52 57.
2400 480 0 52 57.
2880 240 0 59 45.
3360 480 0 54 57.
3840 480 0 54 57.
4320 240 0 59 38.
4800 480 0 54 57.
5280 480 0 54 57.
5760 240 0 59 45.
6720 480 0 56 64.
7200 240 0 59 50.
7680 480 0 52 62.
8160 480 0 52 57.
8640 240 0 59 43.
9120 480 0 54 64.
9600 480 0 54 59.
10080 240 0 59 45.
10560 480 0 54 64.
11040 480 0 54 64.
11520 240 0 59 38.
12000 480 0 36 57.
12480 960 0 39 57.
13440 480 0 28 57.
13920 480 0 28 57.
14400 240 0 32 45.
14880 480 0 29 57.
15360 480 0 29 57.
15840 240 0 32 38.
16320 480 0 29 57.
16800 480 0 29 57.
17280 240 0 32 45.
17760 480 0 24 57.
18240 480 0 31 64.
18720 480 0 32 50.
19200 480 0 28 57.
19680 480 0 28 50.
19680 480 0 28 62.
20160 240 0 32 43.
20640 480 0 29 64.
21120 480 0 29 59.
21600 240 0 32 45.
22080 480 0 29 64.
22560 480 0 29 64.
23040 240 0 32 38.
23520 480 0 20 57.
24000 480 0 31 57.
24960 480 0 52 52.
25440 480 0 52 52.
25920 240 0 59 40.
26400 480 0 54 59.
26880 480 0 54 59.
27360 240 0 59 33.
27840 480 0 54 52.
28320 480 0 54 52.
28800 240 0 59 40.
29760 480 0 56 59.
30240 240 0 59 45.
30720 480 0 52 57.
31200 480 0 52 52.
31680 240 0 59 38.
32160 480 0 54 59.
32640 480 0 54 54.
33120 240 0 59 40.
33600 480 0 54 59.
34080 480 0 54 59.
34560 240 0 59 33.
35040 480 0 36 52.
35520 960 0 39 52.
36480 480 0 28 52.
36960 480 0 28 52.
37440 240 0 32 40.
37920 480 0 29 59.
38400 480 0 29 59.
38880 240 0 32 33.
39360 480 0 29 52.
39840 480 0 29 52.
40320 240 0 32 40.
41280 480 0 31 59.
41760 480 0 32 45.
42240 480 0 28 52.
42720 480 0 28 45.
42720 480 0 28 57.
43200 240 0 32 38.
43680 480 0 29 59.
44160 480 0 29 54.
44640 240 0 32 40.
45120 480 0 29 59.
45600 480 0 29 59.
46080 240 0 32 33.
46560 480 0 30 64.
47040 480 0 60 64.
48000 480 0 59 57.
48480 480 0 59 57.
48960 240 0 67 45.
49440 480 0 62 57.
49920 480 0 62 57.
50400 240 0 67 38.
50880 480 0 62 57.
51360 480 0 62 57.
51840 240 0 67 45.
52800 480 0 64 64.
53280 240 0 67 50.
53760 480 0 59 62.
54240 480 0 59 57.
54720 240 0 67 43.
55200 480 0 62 64.
55680 480 0 62 59.
56160 240 0 67 45.
56640 480 0 62 64.
57120 480 0 62 64.
57600 240 0 67 38.
58080 480 0 41 57.
58560 960 0 44 57.
59520 480 0 28 57.
60000 480 0 28 57.
60480 240 0 32 45.
60960 480 0 29 57.
61440 480 0 29 57.
61920 240 0 32 38.
62400 480 0 29 57.
62880 480 0 29 57.
63360 240 0 32 45.
63840 480 0 24 57.
64320 480 0 31 64.
64800 480 0 32 50.
65280 480 0 28 57.
65760 480 0 28 50.
65760 480 0 28 62.
66240 240 0 32 43.
66720 480 0 29 64.
67200 480 0 29 59.
67680 240 0 32 45.
68160 480 0 29 64.
68640 480 0 29 64.
69120 480 0 32 38.
69600 480 0 20 57.
70080 480 0 31 57.
71040 480 0 33 58.
71520 480 0 41 62.
72000 480 0 46 41.
72480 480 0 35 60.
72960 480 0 36 60.
73920 480 0 37 58.
74400 480 0 46 62.
74880 840 0 51 45.
75360 360 0 47 60.
76320 480 0 64 48.
76800 480 0 64 67.
77760 240 0 64 41.
82560 480 0 33 58.
83040 480 0 41 62.
83520 480 0 46 45.
84000 480 0 35 60.
84480 480 0 36 60.
85440 480 0 37 58.
85920 480 0 45 61.
86400 480 0 53 44.
86880 360 0 46 56.
86880 360 0 46 61.
88320 480 0 60 56.
94080 480 0 37 53.
94560 480 0 44 59.
95520 480 0 37 54.
96000 480 0 44 57.
96960 480 0 37 53.
97440 480 0 44 59.
98400 480 0 37 54.
98880 480 0 44 57.
99840 480 0 37 52.
100320 480 0 44 59.
101280 480 0 37 52.
101760 480 0 44 57.
102720 480 0 37 52.
103200 480 0 44 59.
104160 480 0 37 52.
104640 480 0 44 57.
105600 480 0 37 53.
106080 480 0 44 59.
107040 480 0 37 54.
107520 480 0 44 57.
108480 480 0 37 53.
108960 480 0 44 59.
109920 480 0 37 54.
110400 480 0 44 57.
111360 480 0 37 52.
111840 480 0 44 59.
112800 480 0 37 52.
113280 480 0 44 57.
114240 480 0 36 52.
114720 480 0 41 59.
115680 480 0 33 57.
116160 480 0 38 64.
117120 480 0 52 57.
117600 480 0 52 57.
118080 240 0 59 45.
118560 480 0 54 57.
119040 480 0 54 57.
119520 240 0 59 38.
120000 480 0 54 57.
120480 480 0 54 57.
120960 240 0 59 45.
121920 480 0 56 64.
122400 240 0 59 50.
122880 480 0 52 62.
123360 480 0 52 57.
123840 240 0 59 43.
124320 480 0 54 64.
124800 480 0 54 59.
125280 240 0 59 45.
125760 480 0 54 64.
126240 480 0 54 64.
126720 240 0 59 38.
127200 480 0 36 57.
127680 960 0 39 57.
128640 480 0 28 57.
129120 480 0 28 57.
129600 240 0 32 45.
130080 480 0 29 57.
130560 480 0 29 57.
131040 240 0 32 38.
131520 480 0 29 57.
132000 480 0 29 57.
132480 240 0 32 45.

