960 720 0 55 78.
1680 240 0 50 83.
1920 60 0 50 79.
1980 60 0 50 81.
2040 360 0 57 79.
2400 240 0 53 78.
2640 240 0 50 76.
2880 240 0 55 78.
3120 1200 0 50 71.
4320 240 0 58 73.
4560 240 0 50 76.
4800 60 0 50 74.
4860 60 0 50 76.
4920 360 0 57 74.
5280 480 0 53 73.
5760 240 0 55 74.
6000 1200 0 50 71.
7200 240 0 58 73.
7440 240 0 50 71.
7680 60 0 46 69.
7740 60 0 47 71.
7800 360 0 55 69.
8160 480 0 53 68.
8640 240 0 55 69.
8880 480 0 50 73.
9600 720 0 68 61.
10320 240 0 60 59.
10560 60 0 57 57.
10620 60 0 57 59.
10680 360 0 68 57.
11040 480 0 67 56.
11520 480 0 71 57.
12000 960 0 67 61.
12960 480 0 71 59.
13440 480 0 68 57.
13920 480 0 68 61.
14400 60 0 63 59.
14460 60 0 63 61.
14520 120 0 73 59.
14640 240 0 66 57.
14880 480 0 72 61.
15360 480 0 68 61.
15840 60 0 61 59.
15900 60 0 61 61.
15960 360 0 72 59.
16320 480 0 72 58.
16800 480 0 68 61.
17280 60 0 62 59.
17340 60 0 63 61.
17400 120 0 73 59.
17520 240 0 66 58.
17760 480 0 72 66.
18240 720 0 58 78.
18960 240 0 50 83.
19200 60 0 50 79.
19260 60 0 50 81.
19320 360 0 57 79.
19680 240 0 53 78.
19920 240 0 50 76.
20160 240 0 55 78.
20400 1200 0 50 71.
21600 240 0 58 73.
21840 240 0 50 76.
22080 60 0 50 74.
22140 60 0 50 76.
22200 360 0 57 74.
22560 480 0 53 73.
23040 240 0 55 74.
23280 720 0 50 71.
24000 720 0 66 50.
24720 240 0 58 55.
24960 160 0 65 52.
25120 160 0 57 53.
25280 160 0 55 52.
25440 240 0 63 50.
25680 240 0 57 48.
25920 360 0 64 50.
26280 120 0 55 43.
26400 480 0 64 50.
26880 480 0 59 48.
27360 240 0 66 50.
27600 240 0 58 55.
27840 160 0 65 52.
28000 160 0 57 53.
28160 160 0 55 52.
28320 240 0 63 50.
28560 240 0 57 48.
28800 360 0 64 50.
29160 120 0 54 43.
29280 480 0 62 50.
29760 480 0 56 48.
30240 360 0 60 50.
30600 120 0 51 43.
30720 480 0 58 48.
31200 360 0 57 50.
31560 120 0 48 43.
31680 480 0 56 48.
32160 360 0 55 50.
32520 120 0 46 43.
32640 480 0 53 48.
33120 1440 0 52 43.
34560 1440 0 48 42.
36000 240 0 55 78.
36240 240 0 50 83.
36480 60 0 50 79.
36540 60 0 50 81.
36600 360 0 57 79.
36960 240 0 53 78.
37200 240 0 50 76.
37440 240 0 55 78.
37680 1200 0 50 71.
38880 240 0 58 73.
39120 240 0 50 76.
39360 60 0 50 74.
39420 60 0 50 76.
39480 360 0 57 74.
39840 480 0 53 73.
40320 240 0 55 74.
40560 1200 0 50 71.
41760 240 0 58 73.
42000 240 0 50 71.
42240 60 0 46 69.
42300 60 0 47 71.
42360 360 0 55 69.
42720 480 0 53 68.
43200 240 0 55 69.
43440 480 0 50 73.
44160 720 0 68 61.
44880 240 0 60 59.
45120 60 0 57 57.
45180 60 0 57 59.
45240 360 0 68 57.
45600 480 0 67 56.
46080 480 0 71 57.
46560 960 0 67 61.
47520 480 0 71 59.
48000 480 0 68 57.
48480 480 0 68 61.
48960 60 0 63 59.
49020 60 0 63 61.
49080 120 0 73 59.
49200 240 0 66 57.
49440 480 0 72 61.
49920 480 0 68 61.
50400 60 0 61 59.
50460 60 0 61 61.
50520 360 0 72 59.
50880 480 0 72 58.
51360 480 0 68 61.
51840 60 0 62 59.
51900 60 0 63 61.
51960 120 0 73 59.
52080 240 0 66 58.
52320 480 0 72 66.
52800 720 0 58 78.
53520 240 0 50 83.
53760 60 0 50 79.
53820 60 0 50 81.
53880 360 0 57 79.
54240 240 0 53 78.
54480 240 0 50 76.
54720 240 0 55 78.
54960 1200 0 50 71.
56160 240 0 58 73.
56400 240 0 50 76.
56640 60 0 50 74.
56700 60 0 50 76.
56760 360 0 57 74.
57120 480 0 53 73.
57600 240 0 55 74.
57840 720 0 50 71.
58560 720 0 66 50.
59280 240 0 58 55.
59520 160 0 65 52.
59680 160 0 57 53.
59840 160 0 55 52.
60000 240 0 63 50.
60240 240 0 57 48.
60480 360 0 64 50.
60840 120 0 55 43.
60960 480 0 64 50.
61440 480 0 59 48.
61920 240 0 66 50.
62160 240 0 58 55.
62400 160 0 65 52.
62560 160 0 57 53.
62720 160 0 55 52.
62880 240 0 63 50.
63120 240 0 57 48.
63360 360 0 64 50.
63720 120 0 54 43.
63840 480 0 62 50.
64320 480 0 56 48.
64800 360 0 60 50.
65160 120 0 51 43.
65280 480 0 58 48.
65760 360 0 57 50.
66120 120 0 48 43.
66240 480 0 56 48.
66720 360 0 55 50.
67080 120 0 46 43.
67200 480 0 53 48.
67680 1440 0 52 43.
69120 960 0 60 42.
70080 480 0 66 41.
71040 480 0 68 65.
71040 480 0 80 74.
71520 480 0 68 66.
71520 480 0 80 75.
72000 120 0 86 78.
72360 480 0 80 77.
72840 120 0 61 74.
73440 240 0 85 82.
73920 480 0 68 65.
73920 480 0 80 74.
74400 480 0 68 66.
74400 480 0 80 75.
74880 120 0 86 78.
75240 480 0 80 77.
75720 120 0 61 74.
76800 480 0 68 65.
76800 480 0 80 74.
77280 480 0 68 66.
77280 480 0 80 75.
77760 120 0 86 78.
78120 480 0 80 77.
78600 120 0 61 74.
79200 240 0 85 94.
79680 480 0 68 65.
79680 480 0 80 74.
80160 480 0 68 66.
80160 480 0 80 75.
80640 120 0 86 78.
81000 480 0 80 77.
81480 120 0 61 74.
82560 480 0 68 70.
82560 480 0 80 79.
83040 480 0 68 71.
83040 480 0 80 80.
83520 120 0 88 83.
83880 480 0 88 82.
84360 120 0 61 79.
84960 240 0 93 99.
85440 480 0 68 70.
85440 480 0 80 79.
85920 480 0 68 71.
85920 480 0 80 80.
86400 120 0 87 83.
86760 480 0 88 82.
87240 120 0 61 79.
88320 480 0 80 79.
88800 480 0 77 80.
89280 2880 0 65 70.
89280 480 0 77 79.
89760 480 0 74 78.
90240 480 0 71 77.
90720 1440 0 69 76.
93600 240 0 55 78.
93840 240 0 50 83.
94080 60 0 50 79.
94140 60 0 50 81.
94200 360 0 57 79.
94560 240 0 53 78.
94800 240 0 50 76.
95040 240 0 55 78.
95280 1200 0 50 71.
96480 240 0 58 73.
96720 240 0 50 76.
96960 60 0 50 74.
97020 60 0 50 76.
97080 360 0 57 74.
97440 480 0 53 73.
97920 240 0 55 74.
98160 1200 0 50 71.
99360 240 0 58 73.
99600 240 0 50 71.
99840 60 0 46 69.
99900 60 0 47 71.
99960 360 0 55 69.
100320 480 0 53 68.
100800 240 0 55 69.
101040 480 0 50 73.
101760 720 0 68 61.
102480 240 0 60 59.
102720 60 0 57 57.
102780 60 0 57 59.
102840 360 0 68 57.
103200 480 0 67 56.
103680 480 0 71 57.
104160 960 0 67 61.
105120 480 0 71 59.
105600 480 0 68 57.
106080 480 0 68 61.
106560 60 0 63 59.
106620 60 0 63 61.
106680 120 0 73 59.
106800 240 0 66 57.
107040 480 0 72 61.
107520 480 0 68 61.
108000 60 0 61 59.
108060 60 0 61 61.
108120 360 0 72 59.
108480 480 0 72 58.
108960 480 0 68 61.
109440 60 0 62 59.
109500 60 0 63 61.
109560 120 0 73 59.
109680 240 0 66 58.
109920 480 0 72 66.
110400 720 0 58 78.
111120 240 0 50 83.
111360 60 0 50 79.
111420 60 0 50 81.
111480 360 0 57 79.
111840 240 0 53 78.
112080 240 0 50 76.
112320 240 0 55 78.
112560 1200 0 50 71.
113760 240 0 58 73.
114000 240 0 50 76.
114240 60 0 50 74.
114300 60 0 50 76.
114360 360 0 57 74.
114720 480 0 53 73.
115200 240 0 55 74.
115440 720 0 50 71.
116160 720 0 66 50.
116880 240 0 58 55.
117120 160 0 65 52.
117280 160 0 57 53.
117440 160 0 55 52.
117600 240 0 63 50.
117840 240 0 57 48.
118080 360 0 64 50.
118440 120 0 55 43.
118560 480 0 64 50.
119040 480 0 59 48.
119520 240 0 66 50.
119760 240 0 58 55.
120000 160 0 65 52.
120160 160 0 57 53.
120320 160 0 55 52.
120480 240 0 63 50.
120720 240 0 57 48.
120960 360 0 64 50.
121320 120 0 54 43.
121440 480 0 62 50.
121920 480 0 56 48.
122400 360 0 60 50.
122760 120 0 51 43.
122880 480 0 58 48.
123360 360 0 57 50.
123720 120 0 48 43.
123840 480 0 56 48.
124320 360 0 55 50.
124680 120 0 46 43.
124800 480 0 53 48.
125280 1440 0 52 43.
126720 1440 0 48 42.
128160 240 0 55 78.
128400 240 0 50 83.
128640 60 0 50 79.
128700 60 0 50 81.
128760 360 0 57 79.
129120 240 0 53 78.
129360 240 0 50 76.
129600 240 0 55 78.
129840 1200 0 50 71.
131040 240 0 58 73.
131280 240 0 50 76.
131520 60 0 50 74.
131580 60 0 50 76.
131640 360 0 57 74.
132000 480 0 53 73.
132480 240 0 55 74.
132720 1200 0 50 71.
133920 240 0 58 73.
134160 240 0 50 71.
134400 60 0 46 69.
134460 60 0 47 71.
134520 360 0 55 69.
134880 480 0 53 68.
135360 240 0 55 69.
135600 480 0 50 73.
136320 720 0 68 61.
137040 240 0 60 59.
137280 60 0 57 57.
137340 60 0 57 59.
137400 360 0 68 57.
137760 480 0 67 56.
138240 480 0 71 57.
138720 960 0 67 61.
139680 480 0 71 59.
140160 480 0 68 57.
140640 480 0 68 61.
141120 60 0 63 59.
141180 60 0 63 61.
141240 120 0 73 59.
141360 240 0 66 57.
141600 480 0 72 61.
142080 480 0 68 61.
142560 60 0 61 59.
142620 60 0 61 61.
142680 360 0 72 59.
143040 480 0 72 58.
143520 480 0 68 61.
144000 60 0 62 59.
144060 60 0 63 61.
144120 120 0 73 59.
144240 240 0 66 58.
144480 480 0 72 66.
144960 720 0 58 78.
145680 240 0 50 83.
145920 60 0 50 79.
145980 60 0 50 81.
146040 360 0 57 79.
146400 240 0 53 78.
146640 240 0 50 76.
146880 240 0 55 78.
147120 1200 0 50 71.
148320 240 0 58 73.
148560 240 0 50 76.
148800 60 0 50 74.
148860 60 0 50 76.
148920 360 0 57 74.
149280 480 0 53 73.
149760 240 0 55 74.
150000 720 0 50 71.
150720 720 0 66 50.
151440 240 0 58 55.
151680 160 0 65 52.
151840 160 0 57 53.
152000 160 0 55 52.
152160 240 0 63 50.
152400 240 0 57 48.
152640 360 0 64 50.
153000 120 0 55 43.
153120 480 0 64 50.
153600 480 0 59 48.
154080 240 0 66 50.
154320 240 0 58 55.
154560 160 0 65 52.
154720 160 0 57 53.
154880 160 0 55 52.
155040 240 0 63 50.
155280 240 0 57 48.
155520 360 0 64 50.
155880 120 0 54 43.
156000 480 0 62 50.
156480 480 0 56 48.
156960 360 0 60 50.
157320 120 0 51 43.
157440 480 0 58 48.
157920 360 0 57 50.
158280 120 0 48 43.
158400 480 0 56 48.
158880 360 0 55 50.
159240 120 0 46 43.
159360 480 0 53 48.
159840 1440 0 52 43.
161280 960 0 60 42.
162240 480 0 66 41.
163200 480 0 68 65.
163200 480 0 80 74.
163680 480 0 68 66.
163680 480 0 80 75.
164160 120 0 86 78.
164520 480 0 80 77.
165000 120 0 61 74.
165600 240 0 85 82.
166080 480 0 68 65.
166080 480 0 80 74.
166560 480 0 68 66.
166560 480 0 80 75.
167040 120 0 86 78.
167400 480 0 80 77.
167880 120 0 61 74.
168960 480 0 68 65.
168960 480 0 80 74.
169440 480 0 68 66.
169440 480 0 80 75.
169920 120 0 86 78.
170280 480 0 80 77.
170760 120 0 61 74.
171360 240 0 85 94.
171840 480 0 68 65.
171840 480 0 80 74.
172320 480 0 68 66.
172320 480 0 80 75.
172800 120 0 86 78.
173160 480 0 80 77.
173640 120 0 61 74.
174720 480 0 68 70.
174720 480 0 80 79.
175200 480 0 68 71.
175200 480 0 80 80.
175680 120 0 88 83.
176040 480 0 88 82.
176520 120 0 61 79.
177120 240 0 93 99.
177600 480 0 68 70.
177600 480 0 80 79.
178080 480 0 68 71.
178080 480 0 80 80.
178560 120 0 87 83.
178920 480 0 88 82.
179400 120 0 61 79.
180480 480 0 80 79.
180960 480 0 77 80.
181440 2880 0 65 70.
181440 480 0 77 79.
181920 480 0 74 78.
182400 480 0 71 77.
182880 1440 0 69 76.
185760 240 0 59 75.
186000 240 0 61 76.
186240 480 0 63 77.
186720 480 0 66 78.
187200 360 0 69 79.
187560 120 0 64 80.
187680 720 0 69 76.
188400 240 0 67 75.
188640 240 0 71 75.
188880 60 0 59 73.
188940 60 0 60 75.
189000 120 0 69 73.
189120 480 0 67 72.
189600 480 0 70 73.
190080 960 0 71 76.
191040 480 0 64 75.
191520 240 0 58 71.
191760 240 0 60 73.
192000 480 0 63 74.
192480 480 0 67 75.
192960 240 0 69 78.
193200 240 0 64 76.
193440 480 0 70 73.
193920 60 0 56 68.
193980 60 0 56 70.
194040 360 0 64 68.
194400 360 0 64 67.
194760 120 0 61 68.
194880 480 0 64 71.
195360 480 0 64 70.
195840 960 0 69 67.
196800 480 0 64 66.
197280 240 0 59 75.
197520 240 0 61 76.
197760 480 0 63 78.
198240 480 0 69 87.
198720 240 0 69 85.
198960 240 0 64 83.
199200 480 0 69 80.
199680 480 0 67 76.
200160 240 0 71 75.
200400 60 0 59 73.
200460 60 0 60 75.
200520 120 0 69 73.
200640 480 0 67 72.
201120 480 0 70 73.
201600 960 0 71 76.
202560 480 0 64 75.
203040 720 0 67 75.
203760 60 0 56 75.
203820 60 0 56 77.
203880 120 0 63 75.
204000 240 0 65 73.
204240 240 0 62 71.
204480 240 0 69 70.
1440 480 0 50 47.
1920 480 0 34 59.
2400 480 0 33 59.
2880 480 0 50 47.
3360 480 0 26 59.
3840 480 0 26 59.
4320 480 0 50 47.
4800 480 0 34 58.
5280 480 0 33 58.
5760 480 0 50 47.
6240 480 0 26 59.
6720 480 0 26 59.
7200 480 0 50 37.
7680 480 0 34 53.
8160 480 0 33 53.
8640 480 0 50 42.
9120 480 0 31 49.
12960 1440 0 47 49.
14400 1440 0 47 49.
15840 1440 0 47 49.
17280 480 0 47 49.
19200 480 0 34 59.
19680 480 0 33 59.
20160 480 0 50 47.
20640 480 0 26 59.
21120 480 0 26 59.
21600 480 0 50 47.
22080 480 0 34 58.
22560 480 0 33 58.
23040 480 0 50 47.
23520 480 0 26 59.
24480 480 0 43 65.
24960 480 0 38 64.
25440 480 0 38 64.
25920 480 0 41 59.
26400 480 0 34 59.
26880 480 0 38 64.
27360 480 0 43 65.
27840 480 0 38 64.
28320 480 0 38 64.
28800 480 0 41 59.
29280 480 0 33 59.
29760 480 0 36 64.
30240 480 0 38 59.
30720 480 0 34 64.
31200 480 0 36 59.
31680 480 0 29 64.
32160 480 0 35 59.
32640 480 0 31 64.
36000 480 0 50 47.
36480 480 0 40 64.
36480 480 0 34 55.
36960 480 0 39 64.
36960 480 0 33 55.
37440 480 0 50 47.
37920 480 0 26 59.
38400 480 0 26 59.
38880 480 0 50 47.
39360 480 0 34 58.
39840 480 0 33 58.
40320 480 0 50 47.
40800 480 0 26 59.
41280 480 0 26 59.
41760 480 0 50 37.
42240 480 0 34 53.
42720 480 0 33 53.
43200 480 0 50 42.
43680 480 0 31 49.
47520 1440 0 47 49.
48960 1440 0 47 49.
50400 1440 0 47 49.
51840 480 0 47 49.
53760 480 0 34 59.
54240 480 0 33 59.
54720 480 0 50 47.
55200 480 0 26 59.
55680 480 0 26 59.
56160 480 0 50 47.
56640 480 0 34 58.
57120 480 0 33 58.
57600 480 0 50 47.
58080 480 0 26 59.
59040 480 0 43 65.
59520 480 0 38 64.
60000 480 0 38 64.
60480 480 0 41 59.
60960 480 0 34 59.
61440 480 0 38 64.
61920 480 0 43 65.
62400 480 0 38 64.
62880 480 0 38 64.
63360 480 0 41 59.
63840 480 0 33 59.
64320 480 0 36 64.
64800 480 0 38 59.
65280 480 0 34 64.
65760 480 0 36 59.
66240 480 0 29 64.
66720 480 0 35 59.
67200 480 0 31 64.
71040 480 0 64 62.
71520 480 0 64 58.
72000 240 0 73 46.
72480 960 0 57 62.
72960 480 0 68 53.
73440 240 0 72 34.
73920 480 0 64 62.
74400 480 0 64 58.
74880 240 0 73 46.
75360 960 0 57 62.
75840 480 0 68 53.
76320 240 0 79 34.
76800 480 0 64 62.
77280 480 0 64 58.
77760 240 0 73 46.
78240 960 0 57 62.
78720 480 0 68 53.
79200 240 0 72 46.
79680 480 0 54 53.
79680 480 0 54 58.
80160 480 0 64 63.
80160 480 0 64 54.
80640 240 0 73 46.
81120 960 0 57 62.
81600 480 0 68 53.
82080 240 0 81 39.
82560 480 0 64 67.
83040 480 0 64 63.
83520 240 0 73 51.
84000 480 0 57 63.
85440 480 0 64 67.
85920 480 0 64 63.
86400 240 0 73 51.
86880 480 0 57 67.
94080 480 0 34 59.
94560 480 0 33 59.
95040 480 0 50 47.
95520 480 0 26 59.
96000 480 0 26 59.
96480 480 0 50 47.
96960 480 0 34 58.
97440 480 0 33 58.
97920 480 0 50 47.
98400 480 0 26 59.
98880 480 0 26 59.
99360 480 0 50 37.
99840 480 0 34 53.
100320 480 0 33 53.
100800 480 0 50 42.
101280 480 0 31 49.
105120 1440 0 47 49.
106560 1440 0 47 49.
108000 1440 0 47 49.
109440 480 0 47 49.
111360 480 0 34 59.
111840 480 0 33 59.
112320 480 0 50 47.
112800 480 0 26 59.
113280 480 0 26 59.
113760 480 0 50 47.
114240 480 0 34 58.
114720 480 0 33 58.
115200 480 0 50 47.
115680 480 0 26 59.
116640 480 0 43 65.
117120 480 0 38 64.
117600 480 0 38 64.
118080 480 0 41 59.
118560 480 0 34 59.
119040 480 0 38 64.
119520 480 0 43 65.
120000 480 0 38 64.
120480 480 0 38 64.
120960 480 0 41 59.
121440 480 0 33 59.
121920 480 0 36 64.
122400 480 0 38 59.
122880 480 0 34 64.
123360 480 0 36 59.
123840 480 0 29 64.
124320 480 0 35 59.
124800 480 0 31 64.
128160 480 0 50 47.
128640 480 0 40 64.
128640 480 0 34 55.
129120 480 0 39 64.
129120 480 0 33 55.
129600 480 0 50 47.
130080 480 0 26 59.
130560 480 0 26 59.
131040 480 0 50 47.
131520 480 0 34 58.
132000 480 0 33 58.
132480 480 0 50 47.
132960 480 0 26 59.
133440 480 0 26 59.
133920 480 0 50 37.
134400 480 0 34 53.
134880 480 0 33 53.
135360 480 0 50 42.
135840 480 0 31 49.
139680 1440 0 47 49.
141120 1440 0 47 49.
142560 1440 0 47 49.
144000 480 0 47 49.
145920 480 0 34 59.
146400 480 0 33 59.
146880 480 0 50 47.
147360 480 0 26 59.
147840 480 0 26 59.
148320 480 0 50 47.
148800 480 0 34 58.
149280 480 0 33 58.
149760 480 0 50 47.
150240 480 0 26 59.
151200 480 0 43 65.
151680 480 0 38 64.
152160 480 0 38 64.
152640 480 0 41 59.
153120 480 0 34 59.
153600 480 0 38 64.
154080 480 0 43 65.
154560 480 0 38 64.
155040 480 0 38 64.
155520 480 0 41 59.
156000 480 0 33 59.
156480 480 0 36 64.
156960 480 0 38 59.
157440 480 0 34 64.
157920 480 0 36 59.
158400 480 0 29 64.
158880 480 0 35 59.
159360 480 0 31 64.
163200 480 0 64 62.
163680 480 0 64 58.
164160 240 0 73 46.
164640 960 0 57 62.
165120 480 0 68 53.
165600 240 0 72 34.
166080 480 0 64 62.
166560 480 0 64 58.
167040 240 0 73 46.
167520 960 0 57 62.
168000 480 0 68 53.
168480 240 0 79 34.
168960 480 0 64 62.
169440 480 0 64 58.
169920 240 0 73 46.
170400 960 0 57 62.
170880 480 0 68 53.
171360 240 0 72 46.
171840 480 0 54 53.
171840 480 0 54 58.
172320 480 0 64 63.
172320 480 0 64 54.
172800 240 0 73 46.
173280 960 0 57 62.
173760 480 0 68 53.
174240 240 0 81 39.
174720 480 0 64 67.
175200 480 0 64 63.
175680 240 0 73 51.
176160 480 0 57 63.
177600 480 0 64 67.
178080 480 0 64 63.
178560 240 0 73 51.
179040 480 0 57 67.
186240 480 0 36 59.
186720 480 0 43 71.
187200 480 0 53 40.
187680 480 0 37 59.
187680 480 0 44 68.
188640 480 0 50 42.
189120 480 0 36 58.
189600 480 0 38 58.
190080 480 0 54 43.
190560 480 0 39 58.
191040 480 0 37 58.
191520 480 0 50 44.
192000 480 0 36 56.
192480 480 0 36 56.
192960 480 0 53 37.
193440 480 0 38 61.
194400 480 0 50 50.
194880 480 0 37 59.
195360 480 0 37 58.
196320 480 0 39 58.
196800 480 0 39 54.
196800 480 0 47 64.
197280 480 0 50 47.
197760 480 0 36 59.
198720 480 0 51 40.
199200 480 0 37 59.
199200 480 0 44 68.
200160 480 0 50 42.
200640 480 0 36 58.
201120 480 0 38 58.
201600 480 0 54 43.
202080 480 0 39 58.
202560 480 0 37 58.
203040 480 0 55 44.
203520 480 0 43 63.
203520 480 0 36 56.
204480 480 0 53 46.
204960 480 0 38 58.
205440 480 0 38 58.
206400 480 0 37 58.
206880 480 0 37 58.
207840 480 0 33 58.
208320 480 0 28 54.
208320 480 0 35 64.
208800 480 0 50 47.
209280 480 0 36 59.

