376 5 0 40 71.
384 142 0 66 79.
528 24 0 68 78.
552 24 0 60 76.
576 142 0 50 75.
720 34 0 48 76.
756 10 0 50 72.
768 70 0 48 71.
840 22 0 66 66.
864 24 0 57 69.
888 24 0 58 67.
912 24 0 53 66.
936 22 0 46 64.
960 45 0 44 63.
1008 45 0 45 64.
1056 22 0 34 63.
1152 45 0 46 62.
1200 45 0 54 65.
1296 45 0 60 70.
1344 92 0 60 71.
1440 92 0 46 71.
1536 92 0 44 71.
1728 46 0 44 71.
1776 48 0 64 63.
1824 48 0 74 64.
1872 48 0 75 66.
1920 142 0 62 67.
2064 24 0 58 66.
2088 22 0 57 64.
2112 112 0 50 63.
2224 16 0 58 64.
2240 8 0 68 66.
2256 16 0 70 66.
2272 16 0 72 67.
2288 14 0 72 69.
2304 70 0 68 71.
2376 16 0 36 69.
2400 14 0 40 69.
2448 14 0 42 67.
2464 14 0 40 66.
2480 14 0 36 64.
2496 44 0 44 63.
2542 16 0 46 64.
2576 14 0 42 67.
2592 92 0 44 66.
2688 46 0 50 66.
2976 88 0 40 64.
3072 88 0 42 64.
3072 40 0 60 69.
3120 16 0 46 69.
3144 16 0 42 69.
3168 88 0 34 65.
3264 88 0 50 66.
3264 40 0 64 71.
3312 16 0 68 71.
3336 16 0 70 71.
3360 88 0 54 67.
3408 40 0 78 73.
3456 88 0 64 66.
3456 88 0 80 74.
3552 46 0 70 71.
3648 88 0 70 69.
3744 88 0 60 67.
3840 48 0 50 67.
3936 88 0 44 62.
4032 142 0 40 61.
4224 94 0 34 63.
4419 85 0 40 71.
4504 5 0 41 69.
4512 80 0 40 69.
4600 5 0 30 68.
4608 136 0 38 68.
4752 40 0 62 69.
4800 70 0 64 70.
4872 22 0 66 71.
4896 22 0 65 73.
4920 22 0 63 75.
4944 40 0 54 70.
4944 16 0 69 79.
4968 16 0 66 79.
4992 88 0 44 71.
4992 40 0 64 79.
5040 136 0 52 78.
5184 88 0 70 63.
5184 88 0 80 75.
5280 64 0 66 63.
5280 64 0 78 73.
5352 16 0 60 63.
5352 16 0 70 71.
5376 88 0 58 64.
5376 46 0 68 73.
5424 94 0 56 71.
5520 40 0 56 71.
5568 70 0 44 64.
5568 94 0 60 70.
5640 22 0 64 66.
5664 22 0 56 64.
5688 22 0 50 63.
5712 16 0 44 64.
5736 16 0 38 64.
5764 42 0 66 64.
5764 138 0 58 69.
5808 94 0 58 63.
5942 3 0 66 71.
5947 3 0 64 71.
5956 144 0 84 79.
6100 4 0 62 71.
6104 4 0 66 72.
6108 10 0 62 71.
6118 8 0 66 70.
6126 8 0 70 71.
6134 8 0 74 76.
6144 124 0 80 75.
6270 6 0 78 76.
6276 6 0 74 78.
6282 3 0 72 76.
6285 3 0 74 78.
6288 8 0 72 76.
6296 8 0 72 75.
6304 8 0 82 76.
6312 8 0 88 78.
6320 8 0 90 79.
6328 6 0 92 81.
6336 138 0 90 83.
6474 3 0 74 83.
6477 3 0 72 84.
6480 8 0 70 83.
6488 8 0 74 85.
6496 8 0 76 87.
6504 8 0 80 88.
6512 8 0 84 90.
6520 3 0 84 91.
6524 3 0 64 75.
6528 52 0 80 90.
6582 5 0 74 88.
6587 5 0 70 85.
6592 5 0 66 82.
6597 5 0 60 79.
6602 5 0 59 76.
6607 5 0 58 73.
6612 6 0 54 70.
6618 4 0 50 64.
6624 46 0 40 63.
6720 36 0 50 62.
6756 2 0 38 64.
6759 2 0 42 66.
6762 2 0 40 67.
6765 2 0 37 69.
6768 8 0 36 71.
6784 8 0 38 71.
6800 8 0 38 71.
6816 42 0 36 71.
6858 3 0 40 70.
6861 3 0 44 71.
6864 5 0 42 70.
6869 3 0 40 68.
6874 3 0 42 70.
6879 3 0 44 71.
6884 2 0 46 73.
6888 2 0 48 74.
6892 3 0 50 76.
6897 3 0 48 78.
6902 3 0 45 80.
6907 3 0 42 82.
6912 88 0 44 83.
7008 9 0 52 83.
7104 94 0 70 83.
7108 4 0 50 86.
7111 4 0 50 85.
7114 4 0 48 86.
7117 4 0 52 85.
7120 4 0 48 86.
7123 4 0 52 85.
7126 4 0 48 86.
7129 4 0 52 85.
7132 4 0 48 86.
7135 4 0 52 85.
7138 4 0 48 86.
7141 4 0 52 85.
7144 4 0 48 86.
7147 4 0 52 85.
7150 4 0 48 86.
7153 4 0 52 85.
7156 4 0 48 86.
7159 4 0 52 85.
7162 4 0 48 86.
7165 4 0 52 85.
7168 4 0 48 86.
7171 4 0 52 85.
7174 4 0 48 86.
7177 4 0 52 85.
7180 4 0 50 86.
7183 4 0 56 85.
7186 4 0 64 86.
7189 5 0 68 85.
7193 5 0 68 86.
7200 94 0 70 82.
7203 4 0 62 86.
192 16 0 37 40.
208 16 0 30 47.
224 16 0 36 55.
240 16 0 34 52.
256 16 0 39 60.
272 8 0 36 59.
288 16 0 44 40.
304 16 0 34 47.
320 16 0 33 55.
336 16 0 30 52.
352 16 0 31 60.
368 8 0 30 59.
384 16 0 36 40.
400 16 0 32 47.
416 16 0 36 55.
432 16 0 34 52.
448 16 0 37 60.
464 8 0 36 59.
480 16 0 36 40.
496 16 0 34 47.
512 16 0 37 55.
528 16 0 34 52.
544 16 0 36 60.
560 8 0 34 59.
576 16 0 32 42.
592 16 0 30 47.
608 16 0 34 57.
624 16 0 36 54.
640 16 0 40 60.
656 8 0 38 59.
672 16 0 40 43.
688 16 0 38 47.
704 16 0 34 55.
720 16 0 30 52.
736 16 0 31 60.
752 8 0 29 59.
768 16 0 30 39.
784 16 0 28 47.
800 16 0 32 57.
816 16 0 30 54.
832 16 0 31 60.
848 8 0 29 59.
864 16 0 38 40.
880 16 0 29 47.
896 16 0 32 55.
912 16 0 29 52.
928 16 0 32 60.
944 8 0 29 59.
960 10 0 30 35.
976 16 0 50 47.
992 16 0 44 59.
1008 16 0 40 58.
1024 16 0 38 55.
1040 16 0 32 46.
1056 10 0 30 47.
1072 16 0 32 35.
1088 16 0 36 47.
1104 16 0 36 51.
1120 16 0 37 54.
1136 8 0 38 59.
1152 16 0 42 43.
1168 16 0 44 50.
1184 16 0 46 59.
1200 16 0 40 55.
1216 16 0 54 64.
1232 8 0 52 62.
1248 10 0 48 42.
1264 16 0 42 54.
1280 16 0 48 61.
1296 16 0 52 64.
1312 16 0 54 61.
1328 16 0 50 54.
1344 16 0 48 47.
1360 16 0 48 54.
1376 16 0 50 62.
1392 16 0 47 59.
1408 16 0 54 67.
1424 16 0 55 66.
1440 16 0 55 65.
1456 16 0 48 62.
1472 16 0 40 59.
1488 16 0 34 56.
1504 16 0 32 53.
1520 16 0 30 41.
1536 16 0 30 42.
1552 16 0 36 54.
1568 16 0 34 61.
1584 16 0 38 64.
1600 16 0 32 67.
1616 16 0 30 66.
1632 16 0 30 64.
1648 16 0 28 61.
1664 16 0 26 58.
1680 16 0 28 54.
1696 16 0 27 42.
1712 16 0 26 30.
1728 16 0 26 35.
1744 16 0 34 47.
1760 16 0 36 54.
1776 16 0 48 57.
1792 16 0 48 60.
1808 16 0 46 59.
1824 16 0 50 55.
1840 16 0 54 60.
1856 16 0 52 59.
1872 16 0 53 54.
1888 16 0 56 60.
1904 8 0 52 59.
1920 16 0 46 40.
1936 16 0 42 47.
1952 16 0 44 55.
1968 16 0 39 52.
1984 16 0 40 60.
2000 8 0 38 59.
2016 16 0 42 40.
2032 16 0 38 47.
2048 16 0 44 55.
2064 16 0 46 52.
2080 16 0 52 60.
2096 8 0 50 59.
2112 16 0 44 42.
2128 16 0 40 47.
2144 16 0 42 57.
2160 16 0 40 54.
2176 16 0 44 60.
2192 8 0 42 59.
2208 16 0 52 43.
2224 16 0 44 47.
2240 16 0 44 55.
2256 16 0 42 52.
2272 16 0 46 60.
2288 8 0 44 59.
2304 16 0 43 39.
2320 16 0 37 47.
2336 16 0 41 57.
2352 16 0 36 54.
2368 16 0 37 60.
2384 8 0 34 59.
2400 16 0 38 40.
2416 16 0 30 47.
2432 16 0 32 55.
2448 16 0 28 52.
2464 16 0 30 60.
2480 8 0 28 59.
2496 10 0 28 35.
2512 16 0 50 47.
2528 16 0 46 59.
2544 16 0 48 58.
2560 8 0 36 47.
2576 16 0 36 35.
2592 16 0 36 47.
2608 16 0 38 35.
2624 16 0 38 47.
2640 16 0 36 51.
2656 16 0 33 54.
2672 8 0 30 59.
2688 16 0 36 47.
2704 16 0 36 35.
2720 16 0 36 47.
2736 16 0 38 50.
2752 16 0 40 55.
2768 16 0 38 59.
2784 16 0 42 60.
2800 16 0 40 59.
2816 16 0 42 60.
2832 16 0 38 55.
2848 16 0 36 52.
2864 16 0 32 48.
2880 16 0 36 43.
2896 16 0 40 50.
2912 16 0 38 55.
2928 16 0 30 59.
2944 16 0 36 64.
2960 16 0 34 62.
2976 8 0 34 60.
2992 16 0 38 48.
3008 16 0 50 52.
3024 16 0 46 55.
3040 16 0 42 60.
3056 16 0 38 64.
3072 16 0 36 61.
3088 16 0 36 49.
3104 16 0 35 52.
3120 16 0 34 57.
3136 16 0 36 65.
3152 8 0 34 64.
3168 16 0 34 38.
3184 16 0 48 50.
3200 16 0 44 53.
3216 16 0 44 57.
3232 16 0 54 64.
3248 8 0 50 62.
3264 16 0 40 39.
3280 16 0 48 51.
3296 16 0 46 54.
3312 16 0 46 59.
3328 16 0 52 67.
3344 8 0 58 66.
3360 16 0 54 40.
3376 16 0 48 52.
3392 16 0 44 55.
3408 16 0 42 59.
3424 16 0 48 67.
3440 8 0 52 64.
3456 16 0 56 42.
3472 16 0 44 54.
3488 16 0 54 62.
3504 16 0 50 59.
3520 16 0 56 67.
3536 9 0 66 66.
3553 15 0 48 42.
3568 16 0 52 54.
3584 16 0 58 62.
3600 16 0 54 61.
3616 16 0 60 67.
3632 8 0 56 66.
3648 16 0 34 35.
3664 16 0 50 47.
3680 16 0 48 54.
3696 16 0 46 59.
3712 16 0 54 67.
3728 8 0 48 66.
3744 16 0 42 40.
3760 16 0 44 47.
3776 16 0 42 55.
3792 16 0 40 59.
3808 16 0 47 66.
3824 8 0 44 64.
3840 16 0 34 42.
3856 16 0 26 49.
3872 16 0 28 52.
3888 16 0 30 58.
3904 16 0 27 62.
3920 8 0 27 61.
3936 16 0 38 42.
3952 16 0 36 50.
3968 16 0 34 54.
3984 16 0 36 59.
4000 16 0 34 58.
4016 8 0 36 59.
4032 16 0 40 42.
4048 16 0 38 49.
4064 16 0 36 53.
4080 16 0 40 54.
4096 16 0 31 57.
4112 8 0 33 55.
4128 16 0 34 42.
4144 16 0 28 49.
4160 16 0 28 53.
4176 16 0 30 54.
4192 16 0 28 53.
4208 8 0 27 54.
4224 16 0 36 35.
4240 16 0 35 42.
4256 16 0 40 54.
4272 16 0 36 51.
4288 16 0 37 49.
4304 16 0 33 47.
4320 16 0 36 35.
4336 16 0 35 42.
4352 16 0 36 54.
4368 16 0 34 51.
4384 16 0 32 49.
4400 16 0 30 47.
4416 16 0 32 35.
4432 16 0 36 42.
4448 16 0 33 54.
4464 16 0 37 51.
4480 16 0 36 49.
4496 16 0 34 47.
4512 16 0 34 35.
4528 16 0 36 42.
4544 16 0 32 54.
4560 16 0 34 51.
4576 16 0 30 49.
4592 16 0 28 47.
4608 16 0 30 35.
4624 16 0 38 47.
4640 16 0 42 56.
4656 16 0 40 52.
4672 16 0 45 49.
4688 16 0 48 47.
4704 16 0 45 35.
4720 16 0 46 47.
4736 16 0 40 56.
4752 16 0 44 52.
4768 16 0 42 49.
4784 16 0 40 47.
4800 16 0 42 35.
4816 16 0 42 47.
4832 16 0 50 55.
4848 16 0 44 52.
4864 16 0 45 49.
4880 16 0 44 47.
4896 16 0 42 35.
4912 16 0 43 47.
4928 16 0 41 55.
4944 16 0 36 52.
4960 16 0 32 49.
4976 16 0 28 47.
4992 16 0 28 35.
5008 16 0 32 42.
5024 16 0 32 54.
5040 16 0 30 51.
5056 16 0 33 49.
5072 16 0 37 47.
5088 16 0 40 35.
5104 16 0 40 42.
5120 16 0 46 54.
5136 16 0 43 51.
5152 16 0 44 49.
5168 16 0 46 47.
5184 16 0 42 35.
5200 16 0 44 42.
5216 16 0 47 54.
5232 16 0 45 51.
5248 16 0 44 49.
5264 16 0 43 47.
5280 16 0 42 35.
5296 16 0 38 42.
5312 16 0 40 54.
5328 16 0 34 51.
5344 16 0 32 49.
5360 16 0 30 47.
5376 16 0 26 35.
5392 16 0 28 47.
5408 16 0 30 56.
5424 16 0 31 52.
5440 16 0 32 49.
5456 16 0 38 47.
5472 16 0 38 35.
5488 16 0 36 47.
5504 16 0 38 56.
5520 16 0 34 52.
5536 16 0 32 49.
5552 16 0 30 47.
5568 16 0 32 35.
5584 16 0 38 47.
5600 16 0 42 55.
5616 16 0 38 52.
5632 16 0 40 49.
5648 16 0 30 47.
5664 16 0 30 35.
5680 16 0 26 47.
5696 16 0 30 55.
5712 16 0 28 52.
5728 16 0 27 49.
5744 16 0 26 47.
5760 16 0 32 35.
5776 16 0 42 47.
5792 16 0 46 54.
5808 16 0 46 57.
5824 16 0 64 60.
5840 16 0 62 59.
5856 16 0 60 57.
5872 16 0 62 54.
5888 16 0 64 51.
5904 16 0 66 48.
5920 16 0 68 47.
5936 16 0 66 35.
5952 16 0 48 40.
5968 16 0 44 47.
5984 16 0 48 55.
6000 16 0 46 52.
6016 16 0 47 60.
6032 8 0 43 59.
6048 16 0 52 40.
6064 16 0 44 47.
6080 16 0 48 55.
6096 16 0 46 52.
6112 17 0 50 60.
6129 7 0 48 59.
6144 16 0 51 42.
6160 16 0 44 47.
6176 16 0 48 57.
6192 16 0 50 54.
6208 16 0 48 60.
6224 8 0 46 59.
6240 16 0 58 43.
6256 16 0 46 47.
6272 16 0 48 55.
6288 16 0 46 52.
6304 16 0 48 60.
6320 8 0 46 59.
6336 16 0 54 39.
6352 16 0 46 47.
6368 16 0 48 57.
6384 16 0 44 54.
6400 16 0 48 60.
6416 8 0 46 59.
6432 16 0 58 40.
6448 16 0 48 47.
6464 16 0 52 55.
6480 16 0 48 52.
6496 16 0 46 60.
6512 8 0 42 59.
6528 16 0 52 35.
6544 16 0 50 47.
6560 16 0 52 54.
6576 16 0 46 55.
6592 16 0 36 47.
6608 16 0 34 58.
6624 16 0 38 59.
6640 16 0 42 47.
6656 16 0 38 46.
6672 16 0 39 47.
6688 16 0 38 51.
6704 16 0 36 54.
6720 16 0 32 43.
6736 16 0 28 50.
6752 16 0 30 59.
6768 16 0 26 55.
6784 16 0 32 64.
6800 8 0 26 62.
6816 16 0 30 42.
6832 16 0 34 54.
6848 16 0 36 62.
6864 16 0 32 64.
6880 16 0 26 61.
6896 8 0 24 54.
6912 16 0 24 47.
6928 16 0 26 54.
6944 16 0 28 62.
6960 16 0 28 59.
6976 16 0 24 67.
6992 16 0 26 66.
7008 17 0 26 65.
7025 16 0 29 62.
7041 15 0 31 59.
7056 15 0 33 53.
7071 16 0 34 50.
7087 17 0 38 41.
7104 17 0 42 42.
7121 16 0 33 54.
7137 15 0 36 61.
7152 15 0 38 64.
7167 16 0 40 67.
7183 17 0 38 66.
7200 16 0 36 64.
7216 16 0 37 61.
7232 16 0 38 58.
7248 8 0 40 54.
7264 16 0 42 42.
7280 8 0 34 30.
7296 10 0 64 35.
7312 16 0 42 47.
7328 16 0 40 54.
7344 16 0 42 57.
7360 16 0 48 60.

