1440 720 0 55 77.
10500 60 0 56 87.
12960 240 0 53 73.
13200 360 0 65 78.
13560 120 0 60 73.
13680 240 0 65 75.
13920 240 0 62 77.
14160 240 0 61 72.
14400 240 0 65 75.
14640 120 0 59 73.
14820 60 0 54 73.
14880 80 0 66 82.
14960 80 0 65 80.
15040 80 0 64 78.
15120 480 0 63 77.
15360 80 0 52 69.
15440 80 0 54 70.
15520 80 0 56 71.
15600 40 0 49 72.
15680 40 0 51 73.
15760 40 0 52 75.
15840 240 0 63 77.
16080 360 0 65 78.
16440 120 0 60 73.
16560 45 0 58 73.
16605 135 0 65 77.
16740 30 0 58 75.
16770 30 0 53 77.
16800 80 0 62 75.
16880 80 0 55 73.
16960 80 0 55 75.
17040 60 0 61 77.
17220 60 0 61 72.
17280 240 0 65 75.
17520 120 0 59 73.
17760 360 0 66 82.
18000 120 0 66 74.
18120 120 0 62 83.
18240 80 0 62 82.
18320 80 0 58 81.
18400 80 0 67 82.
18480 60 0 58 80.
18660 60 0 67 82.
18720 240 0 68 82.
18960 240 0 66 83.
19200 240 0 64 78.
19440 80 0 64 82.
19520 80 0 61 80.
19600 80 0 61 82.
19680 80 0 65 80.
19760 80 0 61 78.
19840 80 0 61 80.
19920 60 0 65 82.
20100 60 0 51 74.
20160 240 0 66 80.
20400 120 0 60 78.
20580 60 0 53 78.
20640 80 0 68 87.
20720 80 0 67 85.
20800 80 0 65 83.
20880 80 0 59 82.
20960 40 0 59 82.
21040 40 0 59 82.
21120 40 0 60 82.
21200 40 0 61 82.
21280 40 0 62 82.
21360 40 0 54 75.
21440 40 0 55 76.
21520 40 0 56 77.
21600 96 0 54 82.
21696 96 0 57 83.
21792 96 0 50 78.
21888 96 0 63 80.
21984 96 0 65 82.
22080 60 0 69 83.
22260 60 0 56 75.
22320 60 0 63 78.
22380 60 0 70 82.
22500 60 0 54 77.
22560 20 0 62 80.
22580 20 0 55 78.
22600 40 0 61 77.
22640 80 0 63 78.
22760 40 0 64 80.
22800 80 0 65 80.
22880 40 0 67 82.
23000 40 0 65 77.
23040 60 0 59 77.
23100 120 0 62 80.
23520 480 0 73 78.
24000 120 0 73 78.
24240 120 0 64 73.
24480 360 0 78 78.
24840 120 0 74 81.
24960 480 0 76 80.
25440 240 0 72 78.
25680 240 0 70 73.
25920 480 0 66 72.
27720 120 0 73 81.
27840 480 0 70 80.
28320 60 0 65 80.
28380 60 0 64 78.
28440 60 0 63 80.
28500 60 0 62 78.
28560 60 0 62 76.
28620 60 0 61 75.
28680 60 0 60 76.
28740 60 0 59 75.
28800 120 0 66 72.
44040 120 0 57 74.
46080 360 0 54 79.
46440 120 0 49 80.
46560 80 0 48 80.
46640 40 0 51 82.
46760 40 0 54 89.
46800 60 0 49 80.
46860 660 0 45 77.
47520 240 0 51 76.
47760 240 0 48 78.
48000 240 0 45 73.
48240 120 0 61 76.
48360 30 0 51 83.
48390 30 0 51 85.
48420 60 0 54 83.
48480 120 0 45 73.
48600 120 0 57 83.
48720 60 0 51 76.
48900 60 0 54 80.
48960 120 0 64 83.
49320 120 0 51 73.
49440 40 0 61 81.
49520 40 0 59 80.
49600 40 0 59 78.
49680 360 0 61 76.
50040 60 0 58 76.
50160 60 0 61 76.
50280 60 0 66 76.
50400 480 0 67 76.
50880 120 0 61 78.
51000 120 0 65 73.
51120 60 0 59 73.
51180 120 0 66 76.
51300 60 0 51 71.
51360 20 0 58 71.
51380 20 0 52 73.
51400 40 0 57 71.
51440 80 0 59 73.
51520 80 0 60 74.
51600 80 0 61 74.
51680 80 0 63 76.
51800 40 0 65 71.
51840 240 0 53 71.
52080 240 0 53 69.
52320 480 0 70 81.
52800 240 0 70 81.
53040 240 0 64 73.
53280 240 0 75 80.
53520 360 0 74 81.
53880 120 0 75 80.
54000 320 0 73 78.
54080 80 0 72 75.
54160 80 0 70 73.
54240 360 0 70 72.
54320 80 0 70 76.
54400 80 0 75 78.
54480 60 0 75 80.
54660 60 0 72 75.
54720 320 0 76 78.
55040 40 0 73 76.
55160 40 0 73 85.
55200 80 0 75 85.
55280 80 0 73 83.
55400 40 0 70 81.
55440 40 0 76 80.
55520 40 0 68 80.
55600 40 0 69 80.
55680 40 0 70 80.
55760 40 0 71 80.
55840 40 0 72 80.
55920 40 0 73 80.
55968 40 0 73 80.
56016 40 0 74 80.
56064 40 0 74 80.
56112 40 0 75 80.
56160 180 0 67 78.
56400 240 0 66 78.
56640 240 0 67 78.
56880 60 0 74 78.
57120 240 0 81 80.
57360 240 0 85 80.
57600 480 0 89 80.
58080 240 0 80 78.
58560 240 0 64 75.
58800 240 0 68 75.
59040 120 0 71 75.
60480 120 0 71 75.
61920 120 0 71 75.
62640 120 0 71 73.
63120 120 0 71 72.
72745 30 0 43 75.
72770 30 0 47 73.
72795 30 0 43 75.
72820 30 0 47 73.
72840 30 0 43 75.
72860 30 0 47 73.
72880 30 0 43 75.
72900 30 0 47 73.
72920 30 0 43 75.
72940 30 0 47 73.
72960 40 0 47 72.
0 120 0 36 37.
5760 120 0 36 37.
7200 120 0 36 49.
23880 120 0 42 61.
24000 120 0 44 51.
24120 120 0 46 61.
24240 120 0 48 54.
24360 120 0 50 45.
25320 120 0 53 57.
25440 120 0 53 51.
25560 120 0 53 57.
25680 120 0 53 54.
25800 120 0 53 51.
32400 120 0 33 47.
32520 120 0 29 62.
32640 240 0 29 52.
32880 120 0 29 56.
33000 120 0 29 52.
33120 120 0 37 45.
40320 240 0 34 37.
40440 120 0 27 66.
41760 240 0 34 49.
41880 120 0 27 66.
46800 120 0 33 49.
47520 120 0 35 49.
48960 120 0 37 49.
62040 120 0 55 63.
62160 120 0 55 54.
62280 120 0 56 63.
62760 120 0 55 61.
62880 120 0 55 54.
63000 120 0 56 57.
63240 120 0 55 60.
63360 120 0 55 54.
63480 120 0 56 57.
63720 120 0 55 63.
63840 120 0 55 54.
63960 120 0 57 56.
69120 120 0 55 37.

