216 24 0 46 66.
240 12 0 50 67.
252 12 0 54 67.
264 12 0 58 70.
276 12 0 60 72.
288 46 0 52 71.
360 24 0 46 66.
384 12 0 50 67.
396 12 0 52 67.
408 12 0 54 70.
420 12 0 52 72.
432 10 0 50 71.
444 12 0 62 76.
456 12 0 60 74.
468 12 0 56 72.
480 12 0 58 71.
492 12 0 56 72.
504 12 0 54 71.
516 12 0 56 69.
528 12 0 54 68.
540 12 0 50 65.
552 12 0 49 64.
564 10 0 48 62.
576 46 0 46 60.
648 24 0 54 69.
672 12 0 54 68.
684 12 0 56 69.
696 12 0 58 71.
708 12 0 56 68.
720 46 0 52 72.
792 24 0 54 69.
816 12 0 54 68.
828 12 0 54 69.
840 12 0 53 71.
852 12 0 48 68.
864 12 0 46 72.
876 12 0 60 76.
888 10 0 58 74.
900 12 0 56 71.
912 12 0 58 72.
924 12 0 56 74.
936 12 0 54 72.
948 12 0 56 71.
960 12 0 54 69.
972 12 0 50 67.
984 12 0 49 66.
996 12 0 48 62.
1008 70 0 46 67.
1096 4 0 56 67.
1100 4 0 58 69.
1104 24 0 56 64.
1128 12 0 56 63.
1140 12 0 55 65.
1152 46 0 52 62.
1240 4 0 52 70.
1244 4 0 54 72.
1248 24 0 52 67.
1272 12 0 52 66.
1284 12 0 51 68.
1296 10 0 52 65.
1308 12 0 64 82.
1320 12 0 64 80.
1332 10 0 60 78.
1344 12 0 62 77.
1356 12 0 60 78.
1368 10 0 58 77.
1380 12 0 60 75.
1392 12 0 58 74.
1404 12 0 54 71.
1416 12 0 53 70.
1428 10 0 52 68.
1440 70 0 50 66.
1536 10 0 56 74.
1548 12 0 58 75.
1560 12 0 60 77.
1572 12 0 58 74.
1584 46 0 52 78.
1656 24 0 56 75.
1680 10 0 56 74.
1692 10 0 56 75.
1704 12 0 55 77.
1716 12 0 50 74.
1728 10 0 50 78.
1740 12 0 64 82.
1752 12 0 62 80.
1764 10 0 60 77.
1776 12 0 62 78.
1788 12 0 60 80.
1800 10 0 58 78.
1812 12 0 60 77.
1824 12 0 58 75.
1836 10 0 54 73.
1848 10 0 53 72.
1860 12 0 52 68.
1872 92 0 50 73.
1968 10 0 60 70.
1980 12 0 70 68.
1992 12 0 63 66.
2004 10 0 64 65.
2016 70 0 56 63.
2016 70 0 66 72.
2088 22 0 54 61.
2088 24 0 64 70.
2112 12 0 66 72.
2124 12 0 64 70.
2136 10 0 52 58.
2136 12 0 64 67.
2148 12 0 64 69.
2160 46 0 52 57.
2232 22 0 64 69.
2232 24 0 76 77.
2256 10 0 72 79.
2268 12 0 76 77.
2280 10 0 66 67.
2292 10 0 64 65.
2304 46 0 56 64.
2304 46 0 66 72.
2388 12 0 56 63.
2400 12 0 58 64.
2412 10 0 56 63.
2424 22 0 52 62.
2424 10 0 58 74.
2436 12 0 58 72.
2448 10 0 52 60.
2460 12 0 68 76.
2472 12 0 66 74.
2484 12 0 62 71.
2496 12 0 64 72.
2508 12 0 62 74.
2520 12 0 60 72.
2532 12 0 62 71.
2544 12 0 60 69.
2556 12 0 60 68.
2568 12 0 59 69.
2580 10 0 56 65.
2580 10 0 62 74.
2592 22 0 54 64.
2592 22 0 64 76.
2676 12 0 56 63.
2688 12 0 58 64.
2700 10 0 56 63.
2712 22 0 50 62.
2712 12 0 58 74.
2724 12 0 56 72.
2736 10 0 50 60.
2748 12 0 60 76.
2760 12 0 58 74.
2772 12 0 54 71.
2784 12 0 56 72.
2796 12 0 54 74.
2808 12 0 52 72.
2820 12 0 54 71.
2832 12 0 52 69.
2844 12 0 52 68.
2856 12 0 51 69.
2868 10 0 48 65.
2868 10 0 54 74.
2880 22 0 46 64.
2880 22 0 52 76.
2964 12 0 46 63.
2976 12 0 48 64.
2988 10 0 46 63.
3000 22 0 42 62.
3000 12 0 50 74.
3012 12 0 48 72.
3024 22 0 40 60.
3112 4 0 58 64.
3116 4 0 60 66.
3120 10 0 58 60.
3132 10 0 58 59.
3144 12 0 60 60.
3156 12 0 59 62.
3168 46 0 54 59.
3256 4 0 52 62.
3260 4 0 54 64.
3264 10 0 52 58.
3276 10 0 52 57.
3288 12 0 54 58.
3300 12 0 52 60.
3312 10 0 44 56.
3324 12 0 60 72.
3336 12 0 58 70.
3348 10 0 54 67.
3360 12 0 56 68.
3372 12 0 54 70.
3384 10 0 52 68.
3396 12 0 54 67.
3408 12 0 52 65.
3420 12 0 52 64.
3432 12 0 51 65.
3444 10 0 48 61.
3444 10 0 54 70.
3456 22 0 48 60.
3456 22 0 56 72.
3540 12 0 50 59.
3552 12 0 54 60.
3564 10 0 52 59.
3576 22 0 48 58.
3576 12 0 54 70.
3588 12 0 54 68.
3600 10 0 46 56.
3612 12 0 52 72.
3624 12 0 52 70.
3636 10 0 54 67.
3648 12 0 58 68.
3660 10 0 56 70.
3672 12 0 54 68.
3684 12 0 56 67.
3696 12 0 54 65.
3708 12 0 54 63.
3720 12 0 53 61.
3732 12 0 50 58.
3744 12 0 53 62.
3840 10 0 56 60.
3852 12 0 58 61.
3864 12 0 56 60.
3876 12 0 52 56.
3888 12 0 48 60.
3984 10 0 48 58.
3996 12 0 52 59.
4008 12 0 48 58.
4020 6 0 44 54.
4032 132 0 44 55.
4032 64 0 54 67.
4104 48 0 66 67.
4152 24 0 58 69.
4320 66 0 44 59.
4320 48 0 60 67.
4368 24 0 62 55.
4392 66 0 44 59.
4392 48 0 66 67.
4440 24 0 60 69.
4464 66 0 52 60.
4464 48 0 68 67.
4512 24 0 62 55.
4536 66 0 52 60.
4536 46 0 68 67.
4584 16 0 80 76.
4608 132 0 60 65.
4752 132 0 44 64.
4896 66 0 44 59.
4896 48 0 62 67.
4944 24 0 62 55.
4968 66 0 44 59.
4968 48 0 62 67.
5016 24 0 58 69.
5040 66 0 44 60.
5040 48 0 62 67.
5088 24 0 62 55.
5112 66 0 46 60.
5112 46 0 62 67.
5160 16 0 74 72.
5184 132 0 44 60.
5184 48 0 72 72.
5232 24 0 58 71.
5256 48 0 55 69.
5328 88 0 40 68.
5448 24 0 52 73.
5472 66 0 40 63.
5472 48 0 54 71.
5520 24 0 52 59.
5544 66 0 40 63.
5544 48 0 55 71.
5592 24 0 56 73.
5616 66 0 42 64.
5616 48 0 56 71.
5664 24 0 54 59.
5688 66 0 44 64.
5688 46 0 60 71.
5736 16 0 72 80.
5760 132 0 50 69.
5904 132 0 40 68.
6048 66 0 44 63.
6048 48 0 60 71.
6096 24 0 56 59.
6120 66 0 44 63.
6120 48 0 60 71.
6168 24 0 62 73.
6192 66 0 44 64.
6192 48 0 62 71.
6240 24 0 60 59.
6264 66 0 50 64.
6264 46 0 68 71.
6312 24 0 72 73.
6336 60 0 54 69.
6396 52 0 52 62.
6408 40 0 62 74.
6456 16 0 56 73.
6480 66 0 40 61.
6480 66 0 52 73.
6624 132 0 40 69.
6768 132 0 38 71.
6768 48 0 54 78.
6816 16 0 46 77.
6840 48 0 54 77.
6888 16 0 52 74.
6912 132 0 44 69.
7056 66 0 48 63.
7056 132 0 50 73.
7128 48 0 68 75.
7176 16 0 66 76.
7200 40 0 50 64.
7200 48 0 70 76.
7344 276 0 60 73.
7632 66 0 36 72.
7704 48 0 52 65.
7752 24 0 54 67.
7776 66 0 40 57.
7776 48 0 56 65.
7824 24 0 56 53.
7848 66 0 40 57.
7848 48 0 62 65.
7896 24 0 54 67.
7920 66 0 46 58.
7920 48 0 62 65.
7968 24 0 56 53.
7992 66 0 46 58.
7992 46 0 62 65.
8040 16 0 68 74.
8064 132 0 52 63.
8208 132 0 40 62.
8352 66 0 42 57.
8352 48 0 60 65.
8400 24 0 60 53.
8424 66 0 46 57.
8424 48 0 64 65.
8472 24 0 60 67.
8496 66 0 46 58.
8496 48 0 64 65.
8544 24 0 64 53.
8568 66 0 48 58.
8568 46 0 64 65.
8616 16 0 72 70.
8640 132 0 46 58.
8640 48 0 70 70.
8688 24 0 60 69.
8712 48 0 57 67.
8784 132 0 46 66.
8928 66 0 42 61.
8928 48 0 60 69.
8976 24 0 58 57.
9000 66 0 42 61.
9000 48 0 61 69.
9048 24 0 62 71.
9072 66 0 42 62.
9072 48 0 62 69.
9120 24 0 60 57.
9144 66 0 44 62.
9144 46 0 66 69.
9192 16 0 70 78.
9216 132 0 54 67.
9360 132 0 44 66.
9504 66 0 44 61.
9504 48 0 62 69.
9552 24 0 58 57.
9576 66 0 44 61.
9576 48 0 62 69.
9624 24 0 64 71.
9648 66 0 44 62.
9648 48 0 64 69.
9696 24 0 62 57.
9720 66 0 48 62.
9720 48 0 68 69.
9768 24 0 70 71.
9792 60 0 60 67.
9852 52 0 52 60.
9864 40 0 68 72.
9912 16 0 62 71.
9936 66 0 50 59.
9936 66 0 64 71.
10008 24 0 54 66.
10032 12 0 54 67.
10044 12 0 58 67.
10056 12 0 60 70.
10068 12 0 62 72.
10080 46 0 58 71.
10152 24 0 58 66.
10176 12 0 58 67.
10188 12 0 60 67.
10200 12 0 62 70.
10212 12 0 60 72.
10224 10 0 58 71.
10236 12 0 68 76.
10248 12 0 66 74.
10260 12 0 62 72.
10272 12 0 64 71.
10284 12 0 62 72.
10296 12 0 60 71.
10308 12 0 64 69.
10320 12 0 62 68.
10332 12 0 56 65.
10344 12 0 55 64.
10356 10 0 54 62.
10368 46 0 52 60.
10440 24 0 58 69.
10464 12 0 58 68.
10476 12 0 60 69.
10488 12 0 62 71.
10500 12 0 60 68.
10512 46 0 56 72.
10584 24 0 58 69.
10608 12 0 58 68.
10620 12 0 58 69.
10632 12 0 57 71.
10644 12 0 52 68.
10656 10 0 50 72.
10668 12 0 64 76.
10680 10 0 62 74.
10692 12 0 60 71.
10704 12 0 62 72.
10716 12 0 60 74.
10728 12 0 58 72.
10740 12 0 60 71.
10752 12 0 58 69.
10764 12 0 54 67.
10776 12 0 53 66.
10788 12 0 52 62.
10800 70 0 50 67.
10888 4 0 52 67.
10892 4 0 54 69.
10896 24 0 52 64.
10920 12 0 52 63.
10932 12 0 51 65.
10944 46 0 48 62.
11032 4 0 52 70.
11036 4 0 54 72.
11040 24 0 52 67.
11064 12 0 52 66.
11076 12 0 51 68.
11088 10 0 52 65.
11100 12 0 60 82.
11112 12 0 60 80.
11124 10 0 56 78.
11136 12 0 58 77.
11148 12 0 56 78.
11160 10 0 54 77.
11172 12 0 56 75.
11184 12 0 54 74.
11196 12 0 50 71.
11208 12 0 49 70.
11220 10 0 48 68.
11232 70 0 46 66.
11320 4 0 58 75.
11324 4 0 60 77.
11328 24 0 58 72.
11352 12 0 58 71.
11364 12 0 57 73.
11376 46 0 54 70.
11464 4 0 54 78.
11468 4 0 56 80.
11472 24 0 54 75.
11496 12 0 54 74.
11508 12 0 53 76.
11520 10 0 48 73.
11532 12 0 62 90.
11544 12 0 62 88.
11556 10 0 58 86.
11568 12 0 60 85.
11580 12 0 58 86.
11592 10 0 56 85.
11604 12 0 58 83.
11616 12 0 56 82.
11628 12 0 54 79.
11640 12 0 53 78.
11652 10 0 52 76.
11664 10 0 48 74.
11676 12 0 60 78.
11688 12 0 60 76.
11700 10 0 56 73.
11712 12 0 58 74.
11724 10 0 56 76.
11736 12 0 54 74.
11748 12 0 56 73.
144 24 0 46 43.
168 24 0 38 50.
192 24 0 44 59.
216 24 0 38 60.
240 24 0 36 59.
264 22 0 34 50.
288 24 0 44 43.
312 24 0 38 50.
336 24 0 43 59.
360 24 0 38 60.
384 24 0 36 59.
408 22 0 34 50.
432 24 0 44 43.
456 24 0 38 50.
480 24 0 42 59.
504 24 0 38 62.
528 24 0 36 52.
552 22 0 38 40.
576 24 0 34 45.
600 24 0 38 52.
624 24 0 38 60.
648 24 0 36 64.
672 24 0 34 62.
696 22 0 30 52.
720 24 0 34 45.
744 24 0 38 52.
768 24 0 38 60.
792 24 0 34 64.
816 24 0 32 62.
840 22 0 28 52.
864 24 0 36 45.
888 24 0 34 52.
912 24 0 38 64.
936 24 0 36 60.
960 24 0 37 50.
984 22 0 38 38.
1008 24 0 36 43.
1032 24 0 36 50.
1056 24 0 46 62.
1080 24 0 42 61.
1104 24 0 40 60.
1128 22 0 34 53.
1152 24 0 36 46.
1176 24 0 36 53.
1200 24 0 42 65.
1224 24 0 40 64.
1248 24 0 38 63.
1272 22 0 32 56.
1296 24 0 36 49.
1320 24 0 36 56.
1344 24 0 40 68.
1368 24 0 36 65.
1392 24 0 40 58.
1416 22 0 36 46.
1440 24 0 32 51.
1464 24 0 44 58.
1488 24 0 50 70.
1512 24 0 46 69.
1536 24 0 42 68.
1560 22 0 44 58.
1584 24 0 36 51.
1608 24 0 44 58.
1632 24 0 52 70.
1656 24 0 42 69.
1680 24 0 38 68.
1704 22 0 40 58.
1728 24 0 36 51.
1752 24 0 36 58.
1776 24 0 34 70.
1800 24 0 30 66.
1824 24 0 40 56.
1848 22 0 42 44.
1872 24 0 34 49.
1896 24 0 46 56.
1920 24 0 44 68.
1944 24 0 48 65.
1968 24 0 42 56.
1992 22 0 46 49.
2016 24 0 50 41.
2040 24 0 34 53.
2064 24 0 38 65.
2088 24 0 42 58.
2112 24 0 42 46.
2136 22 0 40 48.
2160 24 0 46 41.
2184 24 0 38 48.
2208 24 0 40 57.
2232 24 0 48 50.
2256 24 0 50 57.
2280 22 0 48 69.
2304 24 0 50 40.
2328 24 0 44 52.
2352 24 0 48 64.
2376 24 0 40 54.
2400 24 0 38 52.
2424 22 0 34 56.
2448 24 0 38 45.
2472 24 0 40 57.
2496 24 0 38 64.
2520 24 0 42 50.
2544 24 0 38 57.
2568 22 0 40 65.
2592 24 0 46 40.
2616 24 0 44 52.
2640 24 0 50 64.
2664 24 0 40 54.
2688 24 0 38 52.
2712 22 0 34 56.
2736 24 0 34 45.
2760 24 0 36 57.
2784 24 0 34 64.
2808 24 0 38 50.
2832 24 0 34 57.
2856 22 0 32 65.
2880 24 0 42 40.
2904 24 0 32 52.
2928 24 0 40 64.
2952 24 0 40 54.
2976 24 0 32 52.
3000 22 0 30 56.
3024 24 0 36 45.
3048 24 0 42 52.
3072 24 0 40 57.
3096 24 0 42 52.
3120 24 0 46 45.
3144 22 0 42 38.
3168 24 0 48 43.
3192 24 0 50 50.
3216 24 0 50 55.
3240 24 0 42 50.
3264 24 0 38 43.
3288 22 0 32 36.
3312 24 0 38 41.
3336 24 0 40 53.
3360 24 0 42 60.
3384 24 0 42 46.
3408 24 0 40 53.
3432 22 0 36 61.
3456 24 0 46 36.
3480 24 0 40 48.
3504 24 0 46 60.
3528 24 0 38 50.
3552 24 0 34 48.
3576 22 0 30 52.
3600 24 0 38 41.
3624 24 0 36 53.
3648 24 0 38 60.
3672 24 0 42 46.
3696 24 0 38 56.
3720 48 0 38 34.
3768 24 0 45 33.
3792 22 0 52 54.
3816 22 0 44 51.
3840 22 0 46 44.
3864 48 0 48 32.
3912 22 0 42 31.
3936 22 0 44 52.
3960 22 0 36 49.
3984 22 0 40 42.
4008 22 0 38 30.
4032 276 0 50 40.
4320 132 0 52 38.
4464 132 0 54 36.
4608 238 0 46 48.
4896 132 0 44 31.
5040 132 0 42 36.
5184 132 0 44 45.
5328 94 0 30 40.
5472 132 0 34 35.
5616 132 0 40 40.
5760 238 0 34 52.
6048 132 0 36 35.
6192 132 0 46 40.
6336 132 0 50 42.
6480 48 0 32 41.
6624 48 0 40 42.
6624 48 0 44 62.
6768 132 0 38 56.
6768 132 0 42 61.
6912 132 0 42 57.
7056 48 0 50 43.
7200 48 0 52 44.
7344 276 0 64 58.
7344 48 0 70 68.
7392 16 0 58 67.
7416 48 0 56 67.
7464 16 0 50 66.
7488 48 0 48 66.
7536 16 0 44 65.
7560 48 0 43 65.
7608 24 0 38 64.
7632 66 0 30 57.
7632 66 0 38 65.
7776 132 0 38 29.
7920 132 0 36 34.
8064 238 0 38 46.
8352 132 0 40 29.
8496 132 0 38 34.
8640 132 0 40 43.
8640 132 0 42 55.
8784 132 0 34 38.
8928 132 0 34 33.
9072 132 0 38 38.
9216 238 0 34 50.
9504 132 0 36 33.
9648 132 0 46 38.
9792 132 0 50 40.
9936 24 0 48 38.
9960 24 0 44 50.
9984 24 0 50 59.
10008 24 0 46 60.
10032 24 0 44 59.
10056 22 0 40 50.
10080 24 0 46 38.
10104 24 0 42 50.
10128 24 0 48 59.
10152 24 0 46 60.
10176 24 0 44 59.
10200 22 0 42 50.
10224 24 0 46 38.
10248 24 0 42 50.
10272 24 0 48 59.
10296 24 0 46 62.
10320 24 0 44 59.
10344 22 0 42 50.
10368 24 0 44 38.
10392 24 0 40 50.
10416 24 0 46 60.
10440 24 0 48 64.
10464 24 0 42 62.
10488 22 0 38 50.
10512 24 0 44 38.
10536 24 0 40 50.
10560 24 0 46 60.
10584 24 0 42 64.
10608 24 0 40 62.
10632 22 0 38 50.
10656 24 0 42 38.
10680 24 0 40 50.
10704 24 0 44 64.
10728 24 0 44 60.
10752 24 0 42 50.
10776 22 0 40 38.
10800 24 0 36 43.
10824 24 0 36 50.
10848 24 0 46 62.
10872 24 0 42 61.
10896 24 0 40 60.
10920 22 0 34 53.
10944 24 0 36 46.
10968 24 0 36 53.
10992 24 0 42 65.
11016 24 0 40 64.
11040 24 0 38 63.
11064 22 0 32 56.
11088 24 0 36 49.
11112 24 0 36 56.
11136 24 0 40 68.
11160 24 0 36 65.
11184 24 0 40 58.
11208 22 0 36 46.
11232 24 0 38 51.
11256 24 0 42 58.
11280 24 0 50 70.
11304 24 0 48 69.
11328 24 0 42 68.
11352 22 0 32 61.
11376 24 0 42 54.
11400 24 0 46 61.
11424 24 0 52 73.
11448 24 0 50 72.
11472 24 0 44 71.
11496 22 0 46 64.
11520 24 0 44 57.
11544 24 0 46 64.
11568 24 0 48 76.
11592 24 0 52 73.
11616 24 0 38 66.
11640 22 0 42 54.
11664 24 0 40 47.
11688 24 0 38 54.
11712 24 0 40 66.
11736 24 0 36 62.
11760 24 0 35 52.
11784 48 0 44 40.
11832 22 0 46 39.
11856 24 0 52 55.
11880 24 0 46 54.
11904 24 0 52 45.
11928 46 0 48 38.
11976 22 0 40 37.
12000 22 0 46 53.
12024 22 0 42 52.
12048 22 0 38 43.
12072 46 0 38 36.
12120 22 0 44 35.
12144 22 0 48 54.
12288 24 0 52 47.
12384 132 0 36 28.

