288 144 0 70 82.
432 9 0 44 72.
441 9 0 44 74.
450 8 0 44 75.
458 8 0 46 74.
466 7 0 48 75.
473 7 0 50 74.
480 6 0 52 75.
486 6 0 54 74.
492 6 0 56 75.
498 6 0 57 74.
504 5 0 58 75.
509 5 0 58 74.
514 5 0 58 75.
519 5 0 58 74.
524 5 0 58 75.
529 5 0 57 74.
534 5 0 56 75.
539 5 0 54 74.
544 5 0 52 75.
549 5 0 50 74.
554 5 0 48 75.
559 5 0 46 74.
564 6 0 45 72.
570 6 0 45 74.
576 72 0 56 75.
648 72 0 74 80.
720 72 0 64 79.
792 72 0 54 71.
864 120 0 50 72.
984 24 0 54 74.
1008 48 0 62 74.
1056 24 0 68 75.
1080 48 0 70 79.
1128 24 0 60 77.
1152 144 0 50 74.
1296 70 0 52 75.
1368 72 0 50 70.
1440 48 0 52 70.
1656 24 0 68 68.
1728 12 0 54 65.
1944 90 0 40 66.
2088 118 0 40 62.
2304 72 0 40 59.
2448 72 0 74 68.
2520 48 0 82 72.
2568 24 0 84 70.
2592 48 0 88 79.
2640 24 0 86 80.
2664 18 0 84 81.
2682 18 0 86 82.
2700 18 0 80 86.
2718 18 0 78 84.
2736 72 0 72 82.
2808 24 0 70 68.
2880 24 0 58 65.
2952 72 0 84 80.
3024 72 0 56 79.
3096 24 0 44 65.
3168 24 0 38 62.
3240 120 0 66 74.
3384 12 0 64 67.
3396 12 0 60 65.
3408 94 0 76 72.
3450 12 0 72 77.
3600 24 0 44 68.
3720 24 0 46 63.
3744 216 0 60 73.
3960 48 0 60 72.
4008 24 0 56 71.
4032 48 0 62 72.
4080 24 0 58 77.
4104 72 0 56 75.
4176 72 0 60 73.
4248 48 0 58 72.
4296 24 0 54 71.
4320 70 0 58 72.
4392 144 0 68 75.
4536 48 0 60 74.
4584 24 0 60 73.
4608 48 0 62 74.
4656 24 0 66 79.
4680 72 0 64 77.
4752 72 0 62 75.
4824 48 0 64 74.
4872 24 0 64 73.
4896 72 0 70 74.
4968 144 0 76 80.
5112 144 0 75 80.
5256 144 0 64 80.
5400 72 0 50 80.
5472 144 0 54 79.
5616 72 0 52 74.
5688 72 0 58 79.
5760 72 0 60 75.
5832 48 0 58 74.
5880 24 0 56 72.
5904 144 0 62 75.
6048 72 0 56 74.
6120 48 0 66 77.
6168 24 0 64 75.
6192 72 0 60 74.
6264 48 0 60 69.
6312 24 0 62 74.
6336 72 0 64 70.
6408 48 0 70 69.
6456 22 0 72 67.
6480 216 0 78 79.
6696 48 0 70 74.
6744 24 0 76 75.
6768 72 0 82 77.
6840 48 0 82 79.
6888 24 0 80 74.
6912 72 0 86 75.
6984 46 0 82 74.
7032 24 0 79 72.
7056 144 0 82 84.
7200 72 0 78 82.
7272 48 0 68 69.
7320 24 0 70 70.
7344 15 0 66 71.
7359 15 0 60 62.
7374 14 0 64 68.
7388 14 0 70 69.
7402 14 0 70 72.
7416 14 0 68 70.
7430 14 0 67 73.
7444 15 0 66 74.
7473 15 0 64 79.
7488 12 0 56 77.
7500 12 0 54 76.
7512 22 0 50 75.
7704 48 0 58 75.
7752 24 0 52 74.
7776 72 0 56 73.
7848 48 0 58 75.
7896 24 0 56 77.
7920 72 0 56 72.
7992 72 0 56 73.
8064 72 0 54 71.
8136 48 0 56 72.
8184 24 0 58 74.
8208 72 0 60 75.
8280 48 0 70 74.
8328 24 0 76 75.
8352 48 0 80 79.
8400 24 0 78 77.
8424 24 0 80 79.
8448 24 0 78 80.
8472 24 0 66 71.
8496 72 0 64 72.
8568 48 0 60 75.
8616 24 0 52 74.
8640 72 0 50 71.
8712 48 0 60 72.
8760 24 0 64 74.
8784 72 0 68 75.
8841 5 0 54 71.
8856 48 0 60 72.
8904 46 0 60 70.
9144 72 0 70 79.
9249 5 0 64 72.
9432 72 0 48 77.
9537 5 0 34 70.
9720 46 0 54 69.
9768 22 0 58 68.
9792 22 0 66 68.
9864 6 0 66 76.
9870 6 0 70 77.
9876 6 0 72 76.
9882 5 0 73 77.
9888 5 0 74 76.
9893 5 0 74 77.
9898 5 0 74 76.
9903 5 0 74 77.
9908 5 0 72 76.
9913 5 0 70 77.
9918 6 0 68 76.
9924 6 0 84 75.
9930 6 0 84 76.
9936 6 0 74 77.
9942 6 0 76 79.
9948 6 0 78 77.
9954 6 0 80 79.
9960 6 0 82 77.
9966 6 0 83 79.
9972 6 0 84 77.
9978 6 0 84 79.
9984 6 0 83 77.
9990 6 0 82 79.
9996 6 0 80 77.
10002 6 0 78 79.
10008 6 0 78 78.
10014 6 0 80 79.
10020 6 0 82 78.
10026 6 0 84 79.
10032 5 0 85 78.
10037 5 0 86 79.
10042 5 0 86 78.
10047 5 0 85 79.
10052 5 0 84 78.
10057 5 0 82 79.
10062 6 0 80 78.
10068 6 0 88 77.
10074 6 0 86 78.
10080 21 0 86 79.
10101 21 0 88 80.
10122 20 0 90 81.
10142 20 0 89 82.
10162 20 0 82 83.
10182 21 0 86 86.
10203 21 0 82 84.
10224 72 0 74 82.
10296 6 0 56 68.
10368 10 0 64 65.
10389 21 0 82 76.
10410 20 0 84 77.
10430 20 0 87 78.
10450 20 0 90 79.
10470 21 0 88 82.
10491 21 0 80 80.
10512 72 0 74 79.
10584 6 0 58 65.
10656 6 0 54 62.
10728 72 0 68 74.
10800 120 0 76 75.
11088 12 0 64 67.
11208 24 0 56 63.
11232 216 0 58 73.
11448 48 0 56 72.
11496 24 0 54 71.
11520 48 0 54 72.
11568 24 0 52 77.
11592 72 0 50 75.
11664 72 0 54 73.
11736 48 0 52 72.
11784 24 0 50 71.
11808 144 0 54 72.
11865 5 0 48 65.
12144 24 0 76 79.
12168 72 0 72 77.
12240 72 0 72 75.
12312 48 0 68 74.
12360 24 0 66 73.
12384 286 0 68 74.
13104 262 0 54 72.
13368 30 0 62 63.
13536 10 0 54 55.
13656 24 0 52 63.
13680 72 0 60 73.
13752 48 0 58 72.
13800 24 0 56 71.
13824 48 0 58 72.
13872 24 0 46 77.
13896 72 0 40 75.
13968 190 0 58 63.
14169 5 0 60 65.
14448 24 0 66 79.
14472 72 0 60 77.
14544 145 0 54 65.
14982 8 0 33 75.
14988 8 0 34 73.
432 24 0 30 34.
456 24 0 32 46.
480 24 0 36 56.
504 24 0 38 60.
528 24 0 35 58.
552 24 0 32 68.
576 24 0 32 67.
600 24 0 36 63.
624 24 0 38 58.
648 24 0 40 55.
672 24 0 42 46.
696 24 0 38 39.
720 24 0 38 43.
744 24 0 41 50.
768 24 0 42 53.
792 24 0 40 56.
816 24 0 38 55.
840 24 0 34 65.
864 24 0 36 63.
888 24 0 38 60.
912 24 0 40 56.
936 24 0 40 53.
960 24 0 38 51.
984 22 0 36 44.
1008 24 0 36 45.
1032 24 0 38 53.
1056 24 0 40 60.
1080 24 0 38 65.
1104 24 0 36 63.
1128 22 0 32 72.
1152 24 0 36 46.
1176 24 0 39 53.
1200 24 0 38 56.
1224 24 0 32 62.
1248 24 0 28 67.
1272 24 0 26 65.
1296 24 0 32 39.
1320 24 0 38 46.
1344 24 0 40 55.
1368 24 0 38 48.
1392 24 0 36 61.
1416 22 0 34 60.
1440 24 0 34 53.
1464 24 0 36 56.
1488 24 0 38 60.
1512 24 0 40 67.
1536 24 0 38 65.
1560 22 0 32 72.
1584 24 0 38 43.
1608 24 0 42 50.
1632 24 0 44 53.
1656 24 0 44 59.
1680 24 0 38 55.
1704 22 0 36 65.
1728 24 0 40 36.
1752 24 0 44 43.
1776 24 0 42 48.
1800 24 0 40 51.
1824 24 0 36 55.
1848 22 0 32 63.
1872 24 0 36 39.
1896 24 0 38 46.
1920 24 0 34 51.
1944 24 0 36 58.
1968 24 0 34 54.
1992 22 0 30 63.
2016 24 0 34 38.
2040 24 0 36 50.
2064 24 0 36 55.
2088 24 0 34 58.
2112 24 0 32 67.
2136 22 0 32 50.
2160 24 0 38 38.
2184 24 0 38 50.
2208 24 0 40 54.
2232 24 0 42 60.
2256 24 0 36 50.
2280 24 0 28 54.
2304 24 0 34 43.
2328 24 0 38 49.
2352 24 0 40 51.
2376 24 0 42 50.
2400 24 0 46 54.
2424 22 0 50 55.
2448 24 0 50 41.
2472 24 0 54 50.
2496 24 0 57 56.
2520 24 0 62 57.
2544 24 0 60 58.
2568 22 0 50 62.
2592 24 0 54 39.
2616 24 0 52 46.
2640 24 0 50 55.
2664 24 0 52 60.
2688 24 0 50 58.
2712 22 0 48 67.
2736 24 0 46 41.
2760 24 0 48 50.
2784 24 0 50 56.
2808 24 0 52 60.
2832 24 0 50 58.
2856 22 0 46 68.
2880 24 0 46 43.
2904 24 0 48 51.
2928 24 0 50 55.
2952 24 0 50 58.
2976 24 0 46 63.
3000 22 0 38 67.
3024 24 0 32 43.
3048 24 0 34 50.
3072 24 0 34 53.
3096 24 0 34 56.
3120 24 0 32 55.
3144 22 0 26 65.
3168 24 0 32 44.
3192 24 0 34 51.
3216 24 0 36 56.
3240 24 0 36 53.
3264 24 0 38 63.
3288 22 0 38 72.
3312 24 0 42 45.
3336 24 0 46 53.
3360 24 0 46 62.
3384 24 0 44 60.
3408 24 0 46 63.
3432 22 0 42 75.
3456 24 0 40 46.
3480 24 0 38 53.
3504 24 0 36 56.
3528 24 0 34 63.
3552 24 0 32 62.
3576 22 0 26 65.
3600 24 0 32 39.
3624 24 0 34 46.
3648 24 0 36 51.
3672 24 0 38 55.
3696 24 0 34 58.
3744 24 0 32 43.
3768 24 0 34 50.
3792 24 0 36 51.
3816 24 0 36 58.
3840 24 0 38 61.
3864 22 0 34 63.
3888 24 0 32 39.
3912 24 0 34 51.
3936 24 0 36 58.
3960 24 0 36 61.
3984 24 0 34 63.
4008 22 0 30 67.
4032 24 0 32 44.
4056 24 0 34 51.
4080 24 0 36 56.
4104 24 0 36 60.
4128 24 0 34 63.
4152 22 0 32 68.
4176 24 0 32 43.
4200 24 0 34 50.
4224 24 0 36 51.
4248 24 0 36 58.
4272 24 0 34 61.
4296 22 0 32 63.
4320 24 0 32 44.
4344 24 0 34 54.
4368 24 0 36 56.
4392 24 0 38 60.
4416 24 0 38 63.
4440 22 0 36 66.
4464 24 0 40 45.
4488 24 0 40 52.
4512 24 0 40 53.
4536 24 0 40 60.
4560 24 0 38 63.
4584 22 0 36 65.
4608 24 0 42 46.
4632 24 0 42 52.
4656 24 0 42 53.
4680 24 0 38 58.
4704 24 0 38 62.
4728 22 0 36 65.
4752 24 0 44 45.
4776 24 0 44 52.
4800 24 0 44 53.
4824 24 0 40 60.
4848 24 0 38 63.
4872 22 0 36 65.
4896 24 0 44 46.
4920 24 0 44 53.
4944 24 0 44 56.
4968 24 0 42 63.
4992 24 0 40 62.
5016 22 0 38 68.
5040 24 0 44 47.
5064 24 0 44 53.
5088 24 0 44 56.
5112 24 0 42 63.
5136 24 0 40 61.
5160 22 0 38 68.
5184 24 0 40 48.
5208 24 0 38 53.
5232 24 0 36 56.
5256 24 0 36 61.
5280 24 0 34 60.
5304 22 0 32 68.
5328 24 0 36 49.
5352 24 0 34 53.
5376 24 0 32 56.
5400 24 0 32 60.
5424 24 0 30 59.
5448 22 0 26 68.
5472 24 0 36 50.
5496 24 0 38 53.
5520 24 0 40 55.
5544 24 0 38 59.
5568 24 0 42 65.
5592 22 0 36 67.
5616 24 0 36 43.
5640 24 0 38 53.
5664 24 0 40 55.
5688 24 0 38 59.
5712 24 0 42 65.
5736 22 0 36 67.
5760 24 0 36 36.
5784 24 0 38 43.
5808 24 0 40 48.
5832 24 0 38 51.
5856 24 0 42 54.
5880 24 0 42 55.
5904 24 0 42 67.
5928 24 0 44 63.
5952 24 0 46 60.
5976 24 0 46 55.
6000 24 0 44 48.
6024 22 0 42 45.
6048 24 0 40 38.
6072 24 0 40 50.
6096 24 0 42 55.
6120 24 0 38 60.
6144 24 0 40 62.
6168 22 0 36 67.
6192 24 0 40 38.
6216 24 0 40 50.
6240 24 0 42 54.
6264 24 0 38 60.
6288 24 0 40 62.
6312 22 0 36 66.
6336 24 0 42 43.
6360 24 0 46 50.
6384 24 0 50 55.
6408 24 0 46 58.
6432 24 0 50 61.
6456 24 0 52 62.
6480 24 0 52 70.
6504 24 0 54 67.
6528 24 0 56 62.
6552 24 0 58 58.
6576 24 0 59 55.
6600 22 0 56 50.
6624 24 0 52 43.
6648 24 0 54 50.
6672 24 0 56 55.
6696 24 0 52 59.
6720 24 0 50 65.
6744 22 0 48 67.
6768 24 0 52 43.
6792 24 0 54 50.
6816 24 0 56 55.
6840 24 0 52 59.
6864 24 0 50 65.
6888 22 0 48 67.
6912 24 0 54 36.
6936 24 0 56 43.
6960 24 0 58 48.
6984 24 0 54 51.
7008 24 0 56 55.
7032 22 0 52 63.
7056 24 0 50 45.
7080 24 0 54 54.
7104 24 0 56 62.
7128 24 0 60 60.
7152 24 0 62 66.
7176 22 0 70 75.
7200 24 0 56 34.
7224 24 0 57 46.
7248 24 0 58 51.
7272 24 0 59 56.
7296 24 0 58 63.
7320 24 0 56 68.
7344 24 0 54 67.
7368 24 0 52 65.
7392 24 0 50 58.
7416 24 0 48 56.
7440 24 0 46 53.
7464 22 0 48 46.
7488 24 0 40 39.
7512 24 0 40 46.
7536 24 0 40 55.
7560 24 0 40 60.
7584 24 0 38 58.
7608 24 0 36 67.
7632 24 0 34 62.
7656 24 0 36 65.
7680 24 0 38 63.
7704 24 0 36 58.
7728 24 0 34 55.
7752 22 0 32 46.
7776 24 0 30 41.
7800 24 0 32 49.
7824 24 0 34 53.
7848 24 0 36 58.
7872 24 0 34 56.
7896 24 0 36 68.
7920 24 0 34 65.
7944 24 0 36 61.
7968 24 0 38 56.
7992 24 0 40 53.
8016 24 0 38 49.
8040 22 0 38 41.
8064 24 0 34 43.
8088 24 0 36 50.
8112 24 0 38 53.
8136 24 0 40 56.
8160 24 0 36 55.
8184 22 0 32 65.
8208 24 0 38 36.
8232 24 0 42 48.
8256 24 0 44 55.
8280 24 0 46 60.
8304 24 0 48 63.
8328 22 0 46 67.
8352 24 0 44 44.
8376 24 0 46 48.
8400 24 0 48 53.
8424 24 0 48 58.
8448 24 0 46 56.
8472 22 0 44 67.
8496 24 0 48 65.
8520 24 0 46 62.
8544 24 0 42 56.
8568 24 0 36 53.
8592 24 0 34 50.
8616 22 0 32 41.
8640 24 0 36 43.
8664 24 0 38 50.
8688 24 0 40 53.
8712 24 0 42 56.
8736 24 0 38 55.
8760 22 0 36 65.
8784 24 0 38 48.
8808 24 0 40 55.
8832 24 0 42 60.
8856 24 0 44 63.
8880 24 0 46 67.
8904 22 0 42 55.
8928 24 0 46 48.
8952 24 0 48 51.
8976 24 0 50 60.
9000 24 0 46 56.
9024 24 0 48 63.
9048 22 0 44 51.
9072 24 0 42 48.
9096 24 0 44 50.
9120 22 0 40 62.
9144 24 0 44 47.
9168 24 0 46 50.
9192 22 0 44 62.
9216 24 0 42 46.
9240 24 0 46 58.
9264 24 0 44 54.
9288 24 0 46 61.
9312 24 0 42 58.
9336 22 0 38 70.
9360 24 0 38 46.
9384 24 0 40 48.
9408 22 0 36 60.
9432 24 0 30 45.
9456 24 0 34 48.
9480 22 0 30 60.
9504 24 0 30 44.
9528 22 0 32 56.
9550 26 0 30 52.
9576 24 0 32 59.
9600 24 0 30 56.
9624 22 0 28 68.
9648 24 0 32 46.
9672 24 0 36 53.
9696 24 0 40 56.
9720 24 0 44 62.
9744 24 0 42 58.
9768 22 0 40 70.
9792 24 0 44 46.
9816 24 0 47 55.
9840 24 0 50 58.
9864 24 0 53 61.
9888 24 0 56 60.
9912 22 0 46 58.
9936 24 0 66 46.
9960 24 0 64 56.
9984 50 0 66 59.
10034 24 0 66 58.
10058 22 0 64 56.
10080 24 0 50 39.
10104 24 0 48 46.
10128 24 0 46 55.
10152 24 0 46 60.
10176 24 0 44 58.
10200 22 0 40 67.
10224 24 0 40 41.
10248 24 0 42 50.
10272 24 0 44 56.
10296 24 0 46 60.
10320 24 0 44 58.
10344 22 0 44 68.
10368 24 0 50 43.
10392 24 0 48 51.
10416 24 0 46 55.
10440 24 0 46 60.
10464 24 0 44 58.
10488 22 0 40 67.
10512 24 0 44 43.
10536 24 0 46 50.
10560 24 0 48 53.
10584 24 0 50 56.
10608 24 0 48 55.
10632 22 0 44 65.
10656 24 0 50 44.
10680 24 0 48 51.
10704 24 0 46 56.
10728 24 0 44 65.
10752 24 0 40 63.
10776 22 0 44 72.
10800 24 0 48 45.
10824 24 0 46 53.
10848 24 0 48 62.
10872 24 0 46 60.
10896 24 0 48 63.
10920 22 0 50 75.
10944 24 0 50 34.
10968 24 0 48 46.
10992 24 0 46 53.
11016 24 0 44 56.
11040 24 0 42 62.
11064 22 0 40 46.
11088 24 0 42 39.
11112 24 0 44 46.
11136 24 0 46 51.
11160 24 0 44 55.
11184 24 0 36 58.
11232 24 0 28 43.
11256 24 0 30 50.
11280 24 0 32 51.
11304 24 0 34 53.
11328 24 0 32 51.
11352 22 0 30 61.
11376 24 0 28 43.
11400 24 0 30 50.
11424 24 0 32 51.
11448 24 0 34 53.
11472 24 0 32 51.
11496 22 0 34 61.
11520 24 0 28 44.
11544 24 0 30 50.
11568 24 0 32 51.
11592 24 0 34 53.
11616 24 0 32 51.
11640 22 0 30 60.
11664 24 0 28 43.
11688 24 0 30 50.
11712 24 0 32 51.
11736 24 0 34 53.
11760 24 0 32 51.
11784 22 0 30 61.
11808 24 0 28 44.
11832 24 0 30 50.
11856 24 0 32 51.
11880 24 0 36 60.
11904 24 0 34 56.
11928 22 0 30 63.
11952 24 0 36 45.
11976 24 0 38 52.
12000 24 0 40 53.
12024 24 0 42 55.
12048 24 0 40 53.
12072 22 0 36 63.
12096 24 0 38 46.
12120 24 0 40 52.
12144 24 0 42 53.
12168 24 0 44 55.
12192 24 0 42 53.
12216 22 0 40 62.
12240 24 0 40 45.
12264 24 0 42 52.
12288 24 0 44 53.
12312 24 0 46 55.
12336 24 0 44 53.
12360 22 0 42 63.
12384 24 0 48 46.
12408 24 0 46 53.
12432 24 0 46 56.
12456 24 0 46 60.
12480 24 0 46 58.
12504 24 0 48 63.
12528 24 0 46 62.

