11520 456 0 60 32.
12020 292 0 65 44.
12548 228 0 73 60.
12784 164 0 70 56.
12996 308 0 71 60.
13324 940 0 67 63.
14236 164 0 58 62.
14396 124 0 67 63.
14516 100 0 66 65.
14612 80 0 64 63.
14684 80 0 74 62.
14756 64 0 69 63.
14924 80 0 64 67.
14984 112 0 67 68.
15068 44 0 67 70.
15192 96 0 42 32.
15260 92 0 70 75.
15348 92 0 68 80.
15616 180 0 37 51.
15912 440 0 27 63.
15928 396 0 33 60.
16204 104 0 42 51.
16420 56 0 71 87.
16540 40 0 73 87.
16548 104 0 42 60.
16588 44 0 68 89.
16632 44 0 70 87.
16820 264 0 54 51.
16856 48 0 70 89.
16908 32 0 65 87.
16940 52 0 76 89.
16996 40 0 67 87.
17080 40 0 64 87.
17096 572 0 35 56.
17112 516 0 33 60.
17168 40 0 61 87.
17208 40 0 66 89.
17252 36 0 51 87.
17292 20 0 58 89.
17360 76 0 70 86.
17532 104 0 83 92.
18056 136 0 45 41.
18688 404 0 35 60.
19264 116 0 32 65.
19420 60 0 72 80.
19516 100 0 63 80.
19820 120 0 82 79.
19836 292 0 34 60.
20124 56 0 38 48.
20228 76 0 81 84.
20344 480 0 52 73.
20416 460 0 75 77.
20488 348 0 85 85.
20968 72 0 77 77.
21004 280 0 33 58.
21032 204 0 90 85.
21268 32 0 51 53.
21364 60 0 80 85.
21460 56 0 51 69.
21524 104 0 50 46.
21788 84 0 86 85.
21892 84 0 96 84.
22200 184 0 90 87.
22212 324 0 45 66.
22380 204 0 90 85.
22484 120 0 49 54.
22572 76 0 88 84.
22788 980 0 84 84.
23392 316 0 34 65.
23648 100 0 48 53.
23780 76 0 68 79.
23872 76 0 78 80.
23956 64 0 69 82.
24044 48 0 71 80.
24308 88 0 57 52.
24324 44 0 55 82.
24368 40 0 70 80.
24456 44 0 70 80.
24568 104 0 55 68.
24584 440 0 47 61.
24652 24 0 69 80.
24728 64 0 68 80.
24788 64 0 70 79.
24944 108 0 41 52.
25204 92 0 71 82.
25304 460 0 69 80.
25892 96 0 48 67.
25900 316 0 33 61.
26040 40 0 55 79.
26080 40 0 64 80.
26132 36 0 66 79.
26172 68 0 61 80.
26224 68 0 68 79.
26304 48 0 71 77.
26372 56 0 78 79.
26440 76 0 65 82.
26588 436 0 78 79.
26636 84 0 39 39.
27004 76 0 71 77.
27140 148 0 41 65.
27152 356 0 42 60.
27304 40 0 68 79.
27396 36 0 63 79.
27456 108 0 44 51.
27548 48 0 70 76.
27612 52 0 69 77.
27672 84 0 71 80.
27756 84 0 70 79.
27848 404 0 78 77.
28132 212 0 47 55.
28372 380 0 34 58.
28640 44 0 38 55.
29076 124 0 78 75.
29080 68 0 47 41.
29276 88 0 77 75.
29372 120 0 75 73.
29404 120 0 37 56.
29600 136 0 82 73.
29764 92 0 48 43.
29876 112 0 80 73.
29992 264 0 82 77.
30104 192 0 36 58.
30252 148 0 76 75.
30592 488 0 77 72.
31204 332 0 40 56.
31464 56 0 59 60.
31568 92 0 80 72.
31732 400 0 83 72.
32072 32 0 36 53.
32144 100 0 72 65.
32228 16 0 38 65.
32228 144 0 38 58.
32308 44 0 83 73.
32392 68 0 85 77.
32476 72 0 80 82.
32476 160 0 42 65.
33040 116 0 83 89.
33192 872 0 72 82.
33216 76 0 36 27.
33516 32 0 38 55.
33772 80 0 44 67.
34072 88 0 68 81.
34240 72 0 72 85.
34316 96 0 82 84.
34416 692 0 71 82.
34436 100 0 39 67.
34732 56 0 39 67.
35008 108 0 38 67.
35324 360 0 74 83.
35344 128 0 27 63.
35356 120 0 29 61.
35708 392 0 64 72.
35744 100 0 48 32.
35768 84 0 22 44.
36028 228 0 44 51.
36268 292 0 85 85.
36276 280 0 61 73.
36304 204 0 31 60.
36644 48 0 74 72.
36808 504 0 77 82.
36824 744 0 47 61.
36832 896 0 39 63.
37328 296 0 82 87.
37596 204 0 51 55.
37848 360 0 55 68.
37864 240 0 39 60.
38340 356 0 80 79.
38352 284 0 48 67.
38372 232 0 28 61.
38752 56 0 59 65.
38896 880 0 59 67.
39132 220 0 49 51.
39380 380 0 46 61.
39392 336 0 40 58.
39948 392 0 81 80.
39984 104 0 43 44.
40464 268 0 50 67.
40472 292 0 29 56.
40840 40 0 64 65.
40976 288 0 60 67.
41312 48 0 82 72.
41392 388 0 83 72.
41512 344 0 87 84.
41896 68 0 55 70.
42064 296 0 73 80.
42092 224 0 48 60.
42560 212 0 74 79.
42580 260 0 32 58.
42832 204 0 76 77.
42840 84 0 53 65.
43096 744 0 73 79.
43608 212 0 47 56.
44128 644 0 62 68.
44220 96 0 50 37.
44292 468 0 81 77.
44556 552 0 50 56.
44808 288 0 48 53.
45028 84 0 78 73.
45068 48 0 48 61.
45228 148 0 58 68.
45340 408 0 85 75.
45600 176 0 42 56.
45720 48 0 48 63.
45764 40 0 61 68.
46324 400 0 58 63.
46356 80 0 46 41.
46384 116 0 64 68.
46472 460 0 85 75.
46864 156 0 45 63.
46944 60 0 49 43.
46992 68 0 68 73.
47056 56 0 75 75.
47128 44 0 68 73.
47184 68 0 70 75.
47240 60 0 62 73.
47368 68 0 81 75.
47612 444 0 77 72.
47636 236 0 34 68.
47660 104 0 26 44.
48200 464 0 51 66.
48208 412 0 62 72.
48228 132 0 35 57.
48856 284 0 71 79.
48864 208 0 46 70.
48880 144 0 43 46.
49192 336 0 46 58.
49308 72 0 77 91.
49424 64 0 77 86.
49528 64 0 74 82.
49556 296 0 39 55.
49632 68 0 73 87.
49732 68 0 76 86.
49828 72 0 72 79.
49920 72 0 69 80.
50020 76 0 70 82.
50136 92 0 71 75.
50340 64 0 73 79.
50440 64 0 76 72.
50536 48 0 64 77.
50636 20 0 65 72.
50736 68 0 59 68.
50836 64 0 67 70.
51044 20 0 59 67.
51076 76 0 28 58.
51152 72 0 77 72.
51184 20 0 26 69.
51272 68 0 79 74.
51272 64 0 65 68.
51432 584 0 77 75.
51448 332 0 53 67.
51468 96 0 36 39.
51744 216 0 47 51.
52024 284 0 47 59.
52172 252 0 75 76.
52360 72 0 86 83.
52452 64 0 24 76.
52636 56 0 94 86.
52644 160 0 42 56.
52796 56 0 81 101.
52916 68 0 48 51.
52972 96 0 92 95.
53256 84 0 43 68.
53264 68 0 47 62.
53376 72 0 82 83.
53468 96 0 71 80.
53572 60 0 82 77.
53768 80 0 80 79.
53908 136 0 82 77.
53932 100 0 42 67.
53940 104 0 33 63.
54028 44 0 77 75.
54144 272 0 74 79.
54236 88 0 71 82.
54552 88 0 73 78.
54560 76 0 43 63.
54572 56 0 34 60.
54652 92 0 76 77.
54764 76 0 77 81.
54864 72 0 79 84.
55068 44 0 92 93.
55200 116 0 75 78.
55220 100 0 47 65.
55224 116 0 38 61.
55424 112 0 73 82.
55528 48 0 74 85.
55644 52 0 85 89.
55744 124 0 89 94.
55872 132 0 92 92.
55880 112 0 45 62.
55972 108 0 84 89.
56084 44 0 78 86.
56188 92 0 80 82.
56296 92 0 69 80.
56400 84 0 83 77.
56556 60 0 25 63.
56588 36 0 38 67.
56808 96 0 74 75.
57444 104 0 71 63.
58036 176 0 71 49.
58148 152 0 77 53.
58272 128 0 79 65.
58516 68 0 76 61.
58624 260 0 79 65.
58744 156 0 83 77.
58996 64 0 84 73.
59272 32 0 91 89.
59508 184 0 84 51.
59520 188 0 69 58.
59540 188 0 67 43.
60028 508 0 97 75.
60036 472 0 74 73.
60036 492 0 74 67.
60044 340 0 69 55.
60052 300 0 71 43.
60820 96 0 76 63.
61032 96 0 75 63.
61484 44 0 54 63.
61616 48 0 62 65.
61708 48 0 58 65.
61752 48 0 58 63.
61964 80 0 46 63.
62356 88 0 61 68.
62428 28 0 69 70.
62568 120 0 37 44.
62580 76 0 38 32.
62944 180 0 39 51.
63200 412 0 27 63.
63216 380 0 41 60.
63796 168 0 39 60.
63872 72 0 74 89.
63936 48 0 69 87.
64148 76 0 48 51.
64180 48 0 74 91.
64512 68 0 85 92.
64540 60 0 40 56.
64540 60 0 40 63.
65044 60 0 47 51.
65092 60 0 71 85.
65232 60 0 76 91.
65688 92 0 46 29.
66308 372 0 71 80.
66324 384 0 41 60.
66604 64 0 45 48.
66764 76 0 68 80.
66912 100 0 73 80.
66916 96 0 54 65.
67016 56 0 65 82.
67084 44 0 62 80.
67136 44 0 64 82.
67184 36 0 65 80.
67468 376 0 25 56.
67476 320 0 28 60.
67748 108 0 48 48.
67780 88 0 58 80.
67852 64 0 67 79.
67932 72 0 71 80.
68016 104 0 70 82.
68200 200 0 60 73.
68224 104 0 40 34.
68260 96 0 77 77.
68320 180 0 86 85.
68660 24 0 63 65.
68740 72 0 66 65.
68920 316 0 32 58.
69208 32 0 38 53.
69480 52 0 62 75.
69484 64 0 49 34.
69908 68 0 79 85.
69972 80 0 79 87.
69988 60 0 47 54.
70108 64 0 81 92.
70372 60 0 53 66.
70372 60 0 50 57.
70488 60 0 65 75.
70824 60 0 50 54.
70868 64 0 66 69.
71240 84 0 57 73.
71428 128 0 50 46.
72048 260 0 39 65.
72292 160 0 57 70.
72512 68 0 62 68.
72580 68 0 63 70.
72640 64 0 69 68.
72764 56 0 59 68.
72872 44 0 53 68.
73012 56 0 56 70.
73112 52 0 61 70.
73208 40 0 51 70.
73212 364 0 38 61.
73228 360 0 37 56.
73260 24 0 33 68.
73284 60 0 53 70.
73388 72 0 68 67.
73540 116 0 78 72.
73708 76 0 76 68.
73828 424 0 67 68.
74124 160 0 49 51.
74280 284 0 59 67.
74460 384 0 34 61.
74540 80 0 62 68.
74624 48 0 63 70.
74700 56 0 75 72.
74764 64 0 73 73.
74824 44 0 71 75.
75020 68 0 78 80.
75088 72 0 85 79.
75160 100 0 76 82.
75392 444 0 85 79.
75400 84 0 32 39.
75972 132 0 48 65.
75988 60 0 77 77.
76108 48 0 70 77.
76160 44 0 66 79.
76244 48 0 69 79.
76488 120 0 71 80.
76644 52 0 83 77.
76732 424 0 84 77.
77020 212 0 49 55.
77296 336 0 35 63.
77524 28 0 39 77.
77568 92 0 33 55.
77656 72 0 69 75.
77820 72 0 69 77.
77888 52 0 70 75.
78024 56 0 42 41.
78084 60 0 62 73.
78312 104 0 69 73.
78324 52 0 44 68.
78328 60 0 37 56.
78796 128 0 92 89.
78932 100 0 77 87.
79156 40 0 85 79.
79224 48 0 77 77.
79292 72 0 77 75.
79380 68 0 73 73.
79392 104 0 38 51.
79536 80 0 70 63.
79632 72 0 70 65.
79720 76 0 68 67.
79808 100 0 67 68.
79912 80 0 65 70.
80052 176 0 74 72.
80332 84 0 79 72.
80416 72 0 46 56.
80536 92 0 83 72.
80676 68 0 48 51.
80700 60 0 84 72.
80840 48 0 81 72.
80896 72 0 77 75.
81040 84 0 42 56.
81284 48 0 78 72.
81384 412 0 70 72.
81740 96 0 33 58.
81824 72 0 69 65.
82004 64 0 30 58.
82004 32 0 27 56.
82084 40 0 78 73.
82240 132 0 40 68.
82240 144 0 38 58.
82948 108 0 37 39.
83288 28 0 31 55.
83540 44 0 25 63.
83644 84 0 66 81.
83808 76 0 74 84.
83840 44 0 28 67.
83888 64 0 71 82.
83956 80 0 73 85.
84124 624 0 79 82.
84144 68 0 38 70.
84432 80 0 32 63.
84744 112 0 43 67.
84752 164 0 29 58.
85056 36 0 41 55.
85396 356 0 63 72.
85684 240 0 48 56.
85960 248 0 63 70.
85972 176 0 39 66.
85988 176 0 44 51.
86216 56 0 55 56.
86336 64 0 75 68.
86480 256 0 69 68.
86788 204 0 60 56.
87024 408 0 69 73.
87040 20 0 46 80.
87044 268 0 46 53.
87604 88 0 73 72.
87612 180 0 63 78.
87804 100 0 88 85.
87880 204 0 61 56.
87964 44 0 82 72.
88084 96 0 85 82.
88108 132 0 37 66.
88116 160 0 38 51.
88212 40 0 84 72.
88324 76 0 90 85.
88328 48 0 85 73.
88428 44 0 97 87.
88632 660 0 85 80.
88640 420 0 71 78.
88676 88 0 38 37.
89172 248 0 55 77.
89180 308 0 37 61.
89192 248 0 49 53.
89440 64 0 67 70.
89444 80 0 40 56.
89636 524 0 63 72.
89752 92 0 62 80.
89800 132 0 32 44.
90128 188 0 51 60.
90308 20 0 57 75.
90384 64 0 71 75.
90448 32 0 45 60.
90456 40 0 32 63.
90764 40 0 45 68.
90780 32 0 35 60.
91080 80 0 51 40.
91440 48 0 47 62.
91720 404 0 84 82.
91744 88 0 54 52.
92028 56 0 49 59.
92164 56 0 77 80.
92280 648 0 47 67.
92360 92 0 44 39.
92376 80 0 73 75.
92436 600 0 74 79.
92728 84 0 38 63.
92744 72 0 46 55.
93032 76 0 35 63.
93036 72 0 49 55.
93272 68 0 50 63.
93300 32 0 22 58.
93380 68 0 93 75.
93496 360 0 86 75.
93800 84 0 42 56.
94024 72 0 93 76.
94032 84 0 39 56.
94096 88 0 75 80.
94296 76 0 40 61.
94316 48 0 108 92.
94524 40 0 105 92.
94604 292 0 91 92.
94872 64 0 88 83.
95148 92 0 38 56.
95388 80 0 45 56.
95516 64 0 93 71.
95640 308 0 84 71.
95904 28 0 51 55.
96136 32 0 48 55.
96188 76 0 93 76.
96264 76 0 87 79.
96420 108 0 97 88.
96440 56 0 46 55.
96640 64 0 100 88.
96760 712 0 96 88.
97068 100 0 33 63.
97076 92 0 32 56.
97316 504 0 53 80.
97328 88 0 33 63.
97568 184 0 91 87.
97588 84 0 45 51.
97896 72 0 47 46.
98176 204 0 32 56.
98196 160 0 41 53.
98268 72 0 84 86.
98348 76 0 71 82.
98420 60 0 81 83.
98516 172 0 42 56.
98528 120 0 47 53.
98540 52 0 82 83.
98736 92 0 72 83.
98792 88 0 70 85.
98840 264 0 42 56.
98848 284 0 43 62.
98920 88 0 78 82.
99028 120 0 75 80.
99188 424 0 46 52.
99264 64 0 82 80.
99548 112 0 82 80.
99556 76 0 42 61.
99640 84 0 84 83.
99724 100 0 82 82.
99952 100 0 49 43.
100068 60 0 71 75.
100148 68 0 80 76.
100228 68 0 79 75.
100308 68 0 76 74.
100456 72 0 82 76.
100472 120 0 42 51.
100544 76 0 72 70.
100644 68 0 75 76.
100724 84 0 74 75.
100820 52 0 73 73.
100936 520 0 74 73.
100976 100 0 49 44.
101280 152 0 28 51.
101636 116 0 66 69.
101996 124 0 42 52.
102032 72 0 70 69.
102132 76 0 74 71.
102224 112 0 81 73.
102364 484 0 69 71.
102836 160 0 78 70.
102988 908 0 67 68.
103000 328 0 38 63.
103248 268 0 46 51.
104024 88 0 63 67.
104052 748 0 30 61.
104384 92 0 40 51.
104448 96 0 71 68.
104552 372 0 69 70.
105156 184 0 38 52.
105156 184 0 37 59.
107000 96 0 77 51.
107084 68 0 63 40.
107144 76 0 61 42.
107224 80 0 67 40.
107288 72 0 82 51.
107356 56 0 79 49.
107436 88 0 82 47.
107516 104 0 80 46.
107612 308 0 84 44.
109604 52 0 72 51.
109664 48 0 74 58.
109724 48 0 76 61.
109784 48 0 78 64.
109844 48 0 77 63.
109904 48 0 76 61.
109964 48 0 75 59.
110024 48 0 74 58.
110084 48 0 73 56.
110144 48 0 73 55.
110204 48 0 72 52.
110264 48 0 71 51.
110324 48 0 70 49.
110384 48 0 70 47.
110444 48 0 70 46.
110504 280 0 77 44.
112708 48 0 71 51.
112768 48 0 72 55.
112828 48 0 73 58.
112888 48 0 74 61.
112948 48 0 75 63.
113008 48 0 76 67.
113068 48 0 77 70.
113128 48 0 78 73.
113188 48 0 79 75.
113248 48 0 80 79.
113308 48 0 81 82.
113368 48 0 82 85.
113428 48 0 83 87.
113488 68 0 84 91.
113576 712 0 91 92.
115200 132 0 85 87.
115336 356 0 69 70.
115664 68 0 88 83.
115736 84 0 63 73.
115816 88 0 84 83.
115908 336 0 78 70.
116244 472 0 65 80.
116692 116 0 61 67.
116812 88 0 69 80.
116916 88 0 54 70.
117020 68 0 78 83.
117104 104 0 63 70.
117192 116 0 77 80.
117276 68 0 61 66.
117360 96 0 74 76.
117428 88 0 73 75.
117512 88 0 70 73.
117596 72 0 60 59.
117684 88 0 64 61.
117768 92 0 60 59.
117852 92 0 58 58.
117940 92 0 63 59.
118028 288 0 59 61.
118324 44 0 61 63.
118400 480 0 73 75.
118940 520 0 49 68.
119616 120 0 42 68.
119744 80 0 58 67.
119832 128 0 53 56.
119936 100 0 50 58.
120044 88 0 68 71.
120164 92 0 62 70.
120268 176 0 74 71.
120432 564 0 53 63.
120960 476 0 46 73.
121584 88 0 45 73.
121680 64 0 37 63.
121776 64 0 54 76.
121852 52 0 52 78.
121936 100 0 43 68.
122012 112 0 57 82.
122100 76 0 53 71.
122184 104 0 59 87.
122276 104 0 69 85.
122372 48 0 55 71.
122472 592 0 53 71.
123044 520 0 44 70.
126016 112 0 74 88.
126136 332 0 93 84.
126492 92 0 81 85.
126584 92 0 76 75.
126684 56 0 79 73.
126776 508 0 80 73.
127256 572 0 80 79.
127264 548 0 67 67.
127908 128 0 79 67.
128140 96 0 75 69.
128260 148 0 83 82.
128372 132 0 76 73.
128480 100 0 81 75.
128692 116 0 83 76.
128792 116 0 81 75.
128800 132 0 60 63.
128892 108 0 77 73.
129116 112 0 71 58.
129420 92 0 80 69.
129508 80 0 74 70.
129608 140 0 83 71.
129736 140 0 65 63.
129860 128 0 75 73.
129972 108 0 80 71.
130064 96 0 80 70.
130164 92 0 63 56.
130264 112 0 74 55.
130368 88 0 79 56.
130480 96 0 62 58.
130672 100 0 68 51.
130780 92 0 79 64.
131008 100 0 83 64.
131124 324 0 78 63.
131464 48 0 77 61.
131544 424 0 88 61.
132152 128 0 72 63.
132228 100 0 71 66.
132300 80 0 76 69.
132372 68 0 86 72.
132440 80 0 77 75.
132504 72 0 67 66.
132584 324 0 79 69.
132864 148 0 84 80.
133000 116 0 77 78.
133132 92 0 84 76.
133252 80 0 75 75.
133380 120 0 77 73.
133516 128 0 88 72.
133680 556 0 85 75.
134228 296 0 58 61.
134632 144 0 77 68.
134796 428 0 77 64.
135228 88 0 76 75.
135320 80 0 79 76.
135384 60 0 67 75.
135436 76 0 70 73.
135500 84 0 71 75.
135568 84 0 71 64.
135612 92 0 78 78.
135688 368 0 82 80.
136024 88 0 82 75.
136128 608 0 74 66.
136728 300 0 61 64.
137280 104 0 81 79.
137364 92 0 83 80.
137420 80 0 60 70.
137516 72 0 65 71.
137668 80 0 68 71.
137736 100 0 65 85.
137808 88 0 69 87.
137824 80 0 77 75.
137888 424 0 97 88.
138324 120 0 79 79.
138428 400 0 95 80.
139040 444 0 99 95.
139652 92 0 88 91.
139752 96 0 71 80.
139852 88 0 62 82.
139948 68 0 83 92.
140032 92 0 68 77.
140208 116 0 84 83.
140308 88 0 82 79.
140408 96 0 77 68.
140592 84 0 75 80.
140768 56 0 65 62.
140852 112 0 71 71.
140944 96 0 69 68.
141032 104 0 67 70.
141044 100 0 58 58.
141128 104 0 69 68.
141228 92 0 68 55.
141324 120 0 74 68.
141444 652 0 67 59.
142064 1012 0 47 70.
143268 336 0 60 66.
143760 92 0 55 66.
143940 748 0 46 54.
144688 160 0 56 56.
145008 152 0 69 71.
145152 148 0 73 73.
145288 160 0 46 63.
145296 164 0 73 75.
145436 120 0 57 61.
145580 100 0 57 59.
145700 120 0 61 63.
145704 120 0 58 51.
145856 128 0 72 64.
145996 168 0 55 54.
146184 156 0 70 67.
146348 100 0 49 52.
146460 96 0 67 61.
146760 628 0 63 55.
147380 244 0 47 54.
148988 356 0 62 66.
149332 168 0 58 68.
149504 140 0 47 58.
149644 148 0 74 71.
149768 168 0 77 73.
149908 148 0 77 76.
150036 132 0 82 75.
150152 88 0 47 61.
150264 112 0 61 59.
150376 104 0 71 70.
150496 100 0 79 71.
150624 100 0 54 51.
150752 120 0 59 52.
150872 200 0 69 66.
151052 252 0 68 69.
151300 152 0 53 56.
151448 156 0 53 54.
151560 112 0 63 63.
151584 64 0 49 51.
151680 152 0 74 60.
151856 628 0 55 45.
152460 256 0 32 44.
154244 92 0 63 61.
154340 64 0 62 51.
154420 84 0 66 52.
154496 84 0 53 54.
154568 88 0 70 68.
154636 56 0 62 58.
154708 52 0 76 72.
154780 88 0 77 73.
154844 84 0 67 63.
154928 516 0 85 76.
155428 72 0 60 73.
155528 84 0 68 76.
155616 76 0 53 66.
155696 76 0 59 68.
155756 36 0 76 82.
155816 76 0 73 72.
155884 72 0 83 85.
155948 76 0 80 87.
156032 216 0 86 76.
156292 104 0 73 85.
156400 84 0 70 81.
156500 60 0 82 76.
156612 88 0 69 61.
156708 92 0 62 57.
156800 56 0 74 52.
156916 88 0 58 49.
157012 84 0 73 50.
157108 104 0 76 64.
157220 608 0 88 45.
157816 72 0 74 43.
157892 80 0 74 56.
157976 72 0 70 57.
158044 72 0 73 56.
158120 60 0 58 45.
158180 56 0 65 44.
158248 60 0 66 45.
158316 88 0 70 56.
158396 104 0 66 43.
158468 100 0 71 44.
158580 496 0 75 55.
159232 80 0 55 56.
159316 44 0 56 58.
159384 60 0 58 47.
159448 72 0 67 49.
159512 48 0 69 51.
159572 68 0 60 53.
159640 48 0 74 55.
159696 72 0 71 56.
159760 40 0 68 58.
159812 44 0 65 71.
159868 64 0 76 73.
159928 472 0 78 63.
159936 460 0 91 75.
160524 92 0 56 59.
160592 60 0 59 63.
160664 56 0 76 77.
160732 60 0 60 67.
160796 76 0 77 80.
160860 40 0 61 70.
160908 76 0 64 71.
160964 80 0 76 85.
161044 240 0 67 75.
161240 116 0 60 71.
161436 76 0 70 75.
161532 84 0 68 71.
161620 108 0 77 80.
161696 64 0 52 63.
161772 60 0 78 71.
161864 112 0 61 68.
161956 60 0 62 51.
162052 96 0 69 59.
162140 100 0 65 56.
162268 100 0 55 50.
162360 68 0 58 44.
616 640 1 48 68.
2176 584 1 55 62.
4852 572 1 49 60.
9952 636 1 38 68.
10640 596 1 47 68.
11312 1460 1 43 68.
18004 1828 1 40 56.
19264 1828 1 37 65.
21616 1060 1 41 66.
22788 1060 1 40 65.
25304 1060 1 42 67.
26588 1060 1 42 56.
27848 1060 1 42 63.
29076 996 1 42 61.
30592 676 1 42 60.
31732 1432 1 36 58.
33192 768 1 42 58.
35708 1828 1 44 63.
38344 1152 1 45 61.
39948 768 1 41 60.
42064 448 1 44 63.
44292 492 1 34 56.
44776 1152 1 35 61.
45880 768 1 36 60.
46472 768 1 38 61.
47612 384 1 39 60.
48196 624 1 41 72.
48856 384 1 41 63.
50136 1152 1 39 70.
51432 404 1 40 63.
52012 640 1 40 64.
52636 468 1 41 65.
53272 644 1 45 59.
53908 592 1 41 67.
54552 588 1 44 60.
55200 604 1 48 70.
55872 584 1 45 62.
56564 396 1 44 70.
57892 2688 1 51 70.
65664 584 1 48 60.
67476 584 1 48 65.
68320 1212 1 48 65.
69576 1536 1 50 57.
71412 544 1 38 65.
72640 768 1 56 68.
73828 544 1 48 67.
75392 544 1 48 65.
76732 544 1 48 63.
77984 1152 1 50 61.
80052 1152 1 51 60.
81384 1152 1 51 61.
82916 524 1 48 58.
85388 524 1 49 63.
85952 524 1 53 66.
87596 1292 1 55 66.
89172 524 1 48 65.
89844 524 1 48 63.
91160 1108 1 57 62.
92436 524 1 49 67.
93956 524 1 59 61.
96048 524 1 52 58.
96760 908 1 54 63.
99156 908 1 50 61.
100936 524 1 49 59.
101636 672 1 52 64.
102364 600 1 49 59.
104024 908 1 49 67.
105116 524 1 45 59.
105772 432 1 86 73.
106396 656 1 64 69.
107000 588 1 74 67.
107612 484 1 59 59.
108288 512 1 86 73.
108760 200 1 76 71.
108940 552 1 62 61.
109604 892 1 66 61.
110504 476 1 54 59.
111276 548 1 86 73.
111788 216 1 77 71.
111968 648 1 67 69.
112708 28 1 69 61.
113576 88 1 76 68.
113664 32 1 53 59.
113664 32 1 49 51.
113712 32 1 53 59.
113712 32 1 49 51.
113760 32 1 53 59.
113760 32 1 49 51.
113808 32 1 53 59.
113808 32 1 49 51.
113856 32 1 53 59.
113856 32 1 49 51.
113904 32 1 53 59.
113904 32 1 49 51.
113952 32 1 53 59.
113952 32 1 49 51.
114000 32 1 53 59.
114000 32 1 49 51.
114048 32 1 53 59.
114048 32 1 49 51.
114096 32 1 53 59.
114096 32 1 49 51.
114144 32 1 53 59.
114144 32 1 49 51.
114192 32 1 53 59.
114192 32 1 49 51.
114240 32 1 53 59.
114240 32 1 49 51.
114288 32 1 53 59.
114288 32 1 49 51.
114336 32 1 53 59.
114336 32 1 49 51.
114384 32 1 53 59.
114384 32 1 49 51.
114432 32 1 53 59.
114432 32 1 49 51.
114480 32 1 53 59.
114480 32 1 49 51.
114528 32 1 53 59.
114528 32 1 49 51.
114576 32 1 53 59.
114576 32 1 49 51.
114624 32 1 53 59.
114624 32 1 49 51.
114672 32 1 53 59.
114672 32 1 49 51.
114720 32 1 53 59.
114720 32 1 49 51.
114768 32 1 53 59.
114768 32 1 49 51.
114816 32 1 53 59.
114816 32 1 49 51.
114864 32 1 53 59.
114864 32 1 49 51.
114912 32 1 53 59.
114912 32 1 49 51.
114960 32 1 53 59.
114960 32 1 49 51.
115008 32 1 53 59.
115008 32 1 49 51.
115056 32 1 53 59.
115056 32 1 49 51.
115104 32 1 53 59.
115104 32 1 49 51.
115152 32 1 53 59.
115152 32 1 49 51.
115200 32 1 53 59.
115200 32 1 49 51.
115248 32 1 53 59.
115248 32 1 49 51.
115296 32 1 53 59.
115296 32 1 49 51.
115344 32 1 53 59.
115344 32 1 49 51.
115392 32 1 53 59.
115392 32 1 49 51.
115440 32 1 53 59.
115440 32 1 49 51.
115488 32 1 53 59.
115488 32 1 49 51.
115536 32 1 53 59.
115536 32 1 49 51.
115584 32 1 53 59.
115584 32 1 49 51.
115632 32 1 53 59.
115632 32 1 49 51.
115680 32 1 53 59.
115680 32 1 49 51.
115728 32 1 53 59.
115728 32 1 49 51.
115776 32 1 53 59.
115776 32 1 49 51.
115824 32 1 53 59.
115824 32 1 49 51.
115872 32 1 53 59.
115872 32 1 49 51.
115920 32 1 53 59.
115920 32 1 49 51.
115968 32 1 53 59.
115968 32 1 49 51.
116016 32 1 53 59.
116016 32 1 49 51.
116064 32 1 53 59.
116064 32 1 49 51.
116112 32 1 53 59.
116112 32 1 49 51.
116160 32 1 53 59.
116160 32 1 49 51.
116208 32 1 53 59.
116208 32 1 49 51.
116256 32 1 53 59.
116256 32 1 49 51.
116304 32 1 53 59.
116304 32 1 49 51.
116352 32 1 53 59.
116352 32 1 49 51.
116400 32 1 53 59.
116400 32 1 49 51.
116448 32 1 53 59.
116448 32 1 49 51.
116496 32 1 53 59.
116496 32 1 49 51.
116544 32 1 53 59.
116544 32 1 49 51.
116592 32 1 53 59.
116592 32 1 49 51.
116640 32 1 53 59.
116640 32 1 49 51.
116688 32 1 53 59.
116688 32 1 49 51.
116736 32 1 53 59.
116736 32 1 49 51.
116784 32 1 53 59.
116784 32 1 49 51.
116832 32 1 53 59.
116832 32 1 49 51.
116880 32 1 53 59.
116880 32 1 49 51.
116928 32 1 53 59.
116928 32 1 49 51.
116976 32 1 53 59.
116976 32 1 49 51.
117024 32 1 53 59.
117024 32 1 49 51.
117072 32 1 53 59.
117072 32 1 49 51.
117120 32 1 53 59.
117120 32 1 49 51.
117168 32 1 53 59.
117168 32 1 49 51.
117216 32 1 53 59.
117216 32 1 49 51.
117264 32 1 53 59.
117264 32 1 49 51.
117312 32 1 53 59.
117312 32 1 49 51.
117360 32 1 53 59.
117360 32 1 49 51.
117408 32 1 53 59.
117408 32 1 49 51.
117456 32 1 53 59.
117456 32 1 49 51.
117504 32 1 53 59.
117504 32 1 49 51.
117552 32 1 53 59.
117552 32 1 49 51.
117600 32 1 53 59.
117600 32 1 49 51.
117648 32 1 53 59.
117648 32 1 49 51.
117696 32 1 53 59.
117696 32 1 49 51.
117744 32 1 53 59.
117744 32 1 49 51.
117792 32 1 53 59.
117792 32 1 49 51.
117840 32 1 53 59.
117840 32 1 49 51.
117888 32 1 53 59.
117888 32 1 49 51.
117936 32 1 53 59.
117936 32 1 49 51.
117984 32 1 53 59.
117984 32 1 49 51.
118032 32 1 53 59.
118032 32 1 49 51.
118080 32 1 53 59.
118080 32 1 49 51.
118128 32 1 53 59.
118128 32 1 49 51.
118176 32 1 53 59.
118176 32 1 49 51.
118224 32 1 53 59.
118224 32 1 49 51.
118272 32 1 53 59.
118272 32 1 49 51.
118320 32 1 53 59.
118320 32 1 49 51.
118368 32 1 53 59.
118368 32 1 49 51.
118416 32 1 53 59.
118416 32 1 49 51.
118464 32 1 53 59.
118464 32 1 49 51.
118512 32 1 53 59.
118512 32 1 49 51.
118560 32 1 53 59.
118560 32 1 49 51.
118608 32 1 53 59.
118608 32 1 49 51.
118656 32 1 53 59.
118656 32 1 49 51.
118704 32 1 53 59.
118704 32 1 49 51.
118752 32 1 53 59.
118752 32 1 49 51.
118800 32 1 53 59.
118800 32 1 49 51.
118848 32 1 53 59.
118848 32 1 49 51.
118896 32 1 53 59.
118896 32 1 49 51.
118944 32 1 53 59.
118944 32 1 49 51.
118992 32 1 53 59.
118992 32 1 49 51.
119040 32 1 53 59.
119040 32 1 49 51.
119088 32 1 53 59.
119088 32 1 49 51.
119136 32 1 53 59.
119136 32 1 49 51.
119184 32 1 53 59.
119184 32 1 49 51.
119232 32 1 53 59.
119232 32 1 49 51.
119280 32 1 53 59.
119280 32 1 49 51.
119328 32 1 53 59.
119328 32 1 49 51.
119376 32 1 53 59.
119376 32 1 49 51.
119424 32 1 53 59.
119424 32 1 49 51.
119472 32 1 53 59.
119472 32 1 49 51.
119520 32 1 53 59.
119520 32 1 49 51.
119568 32 1 53 59.
119568 32 1 49 51.
119616 32 1 53 59.
119616 32 1 49 51.
119664 32 1 53 59.
119664 32 1 49 51.
119712 32 1 53 59.
119712 32 1 49 51.
119760 32 1 53 59.
119760 32 1 49 51.
119808 32 1 53 59.
119808 32 1 49 51.
119856 32 1 53 59.
119856 32 1 49 51.
119904 32 1 53 59.
119904 32 1 49 51.
119952 32 1 53 59.
119952 32 1 49 51.
120000 32 1 53 59.
120000 32 1 49 51.
120048 32 1 53 59.
120048 32 1 49 51.
120096 32 1 53 59.
120096 32 1 49 51.
120144 32 1 53 59.
120144 32 1 49 51.
120192 32 1 53 59.
120192 32 1 49 51.
120240 32 1 53 59.
120240 32 1 49 51.
120288 32 1 53 59.
120288 32 1 49 51.
120336 32 1 53 59.
120336 32 1 49 51.
120384 32 1 53 59.
120384 32 1 49 51.
120432 32 1 48 61.
120432 32 1 48 52.
120480 32 1 48 61.
120480 32 1 48 52.
120528 32 1 48 61.
120528 32 1 48 52.
120576 32 1 48 61.
120576 32 1 48 52.
120624 32 1 48 61.
120624 32 1 48 52.
120672 32 1 48 61.
120672 32 1 48 52.
120720 32 1 48 61.
120720 32 1 48 52.
120768 32 1 48 61.
120768 32 1 48 52.
120816 32 1 48 61.
120816 32 1 48 52.
120864 32 1 48 61.
120864 32 1 48 52.
120912 32 1 48 61.
120912 32 1 48 52.
120960 32 1 48 61.
120960 32 1 48 52.
121008 32 1 48 61.
121008 32 1 48 52.
121056 32 1 48 61.
121056 32 1 48 52.
121104 32 1 48 61.
121104 32 1 48 52.
121152 32 1 48 61.
121152 32 1 48 52.
121200 32 1 48 61.
121200 32 1 48 52.
121248 32 1 48 61.
121248 32 1 48 52.
121296 32 1 48 61.
121296 32 1 48 52.
121344 32 1 48 61.
121344 32 1 48 52.
121392 32 1 48 61.
121392 32 1 48 52.
121440 32 1 48 61.
121440 32 1 48 52.
121488 32 1 48 61.
121488 32 1 48 52.
121536 32 1 48 61.
121536 32 1 48 52.
121584 32 1 48 61.
121584 32 1 48 52.
121632 32 1 48 61.
121632 32 1 48 52.
121680 32 1 48 61.
121680 32 1 48 52.
121728 32 1 48 61.
121728 32 1 48 52.
121776 32 1 48 61.
121776 32 1 48 52.
121824 32 1 48 61.
121824 32 1 48 52.
121872 32 1 48 61.
121872 32 1 48 52.
121920 32 1 48 61.
121920 32 1 48 52.
121968 32 1 48 61.
121968 32 1 48 52.
122016 32 1 48 61.
122016 32 1 48 52.
122064 32 1 48 61.
122064 32 1 48 52.
122112 32 1 48 61.
122112 32 1 48 52.
122160 32 1 48 61.
122160 32 1 48 52.
122208 32 1 48 61.
122208 32 1 48 52.
122256 32 1 48 61.
122256 32 1 48 52.
122304 32 1 48 61.
122304 32 1 48 52.
122352 32 1 48 61.
122352 32 1 48 52.
122400 32 1 48 61.
122400 32 1 48 52.
122448 32 1 48 61.
122448 32 1 48 52.
122496 32 1 48 61.
122496 32 1 48 52.
122544 32 1 48 61.
122544 32 1 48 52.
122592 32 1 48 61.
122592 32 1 48 52.
122640 32 1 48 61.
122640 32 1 48 52.
122688 32 1 48 61.
122688 32 1 48 52.
122736 32 1 48 61.
122736 32 1 48 52.
122784 32 1 48 61.
122784 32 1 48 52.
122832 32 1 48 61.
122832 32 1 48 52.
122880 32 1 48 61.
122880 32 1 48 52.
122928 32 1 48 61.
122928 32 1 48 52.
122976 32 1 48 61.
122976 32 1 48 52.
123024 32 1 48 61.
123024 32 1 48 52.
123072 32 1 48 61.
123072 32 1 48 52.
123120 32 1 48 61.
123120 32 1 48 52.
123168 32 1 48 61.
123168 32 1 48 52.
123216 32 1 48 61.
123216 32 1 48 52.
123264 32 1 48 61.
123264 32 1 48 52.
123312 32 1 49 61.
123312 32 1 49 52.
123360 32 1 49 61.
123360 32 1 49 52.
123408 32 1 49 61.
123408 32 1 49 52.
123456 32 1 49 61.
123456 32 1 49 52.
123504 32 1 49 61.
123504 32 1 49 52.
123552 32 1 50 61.
123552 32 1 50 52.
123600 32 1 50 61.
123600 32 1 50 52.
123648 32 1 50 61.
123648 32 1 50 52.
123696 32 1 50 61.
123696 32 1 50 52.
123744 32 1 50 61.
123744 32 1 50 52.
123792 32 1 51 61.
123792 32 1 51 52.
123840 32 1 51 61.
123840 32 1 51 52.
123888 32 1 51 61.
123888 32 1 51 52.
123936 32 1 51 61.
123936 32 1 51 52.
123984 32 1 51 61.
123984 32 1 51 52.
124032 32 1 52 61.
124032 32 1 52 52.
124080 32 1 52 61.
124080 32 1 52 52.
124128 32 1 52 61.
124128 32 1 52 52.
124176 32 1 52 61.
124176 32 1 52 52.
124224 32 1 52 61.
124224 32 1 52 52.
124272 32 1 52 61.
124272 32 1 52 52.
124320 32 1 53 61.
124320 32 1 53 52.
124368 32 1 53 61.
124368 32 1 53 52.
124416 32 1 53 61.
124416 32 1 53 52.
124464 32 1 53 61.
124464 32 1 53 52.
124512 32 1 53 61.
124512 32 1 53 52.
124560 32 1 54 61.
124560 32 1 54 52.
124608 32 1 54 61.
124608 32 1 54 52.
124656 32 1 54 61.
124656 32 1 54 52.
124704 32 1 54 61.
124704 32 1 54 52.
124752 32 1 54 61.
124752 32 1 54 52.
124800 32 1 55 61.
124800 32 1 55 52.
124848 32 1 55 61.
124848 32 1 55 52.
124896 32 1 55 61.
124896 32 1 55 52.
124944 32 1 55 61.
124944 32 1 55 52.
124992 32 1 55 61.
124992 32 1 55 52.
125040 32 1 56 61.
125040 32 1 56 52.
125088 32 1 56 61.
125088 32 1 56 52.
125136 32 1 56 61.
125136 32 1 56 52.
125184 32 1 56 61.
125184 32 1 56 52.
125232 32 1 56 61.
125232 32 1 56 52.
125280 32 1 57 61.
125280 32 1 57 52.
125328 32 1 57 61.
125328 32 1 57 52.
125376 32 1 57 61.
125376 32 1 57 52.
125424 32 1 57 61.
125424 32 1 57 52.
125472 32 1 57 61.
125472 32 1 57 52.
125520 32 1 58 61.
125520 32 1 58 52.
125568 32 1 58 61.
125568 32 1 58 52.
125616 32 1 58 61.
125616 32 1 58 52.
125664 32 1 58 61.
125664 32 1 58 52.
125712 32 1 58 61.
125712 32 1 58 52.
125760 32 1 58 61.
125760 32 1 58 52.
125808 32 1 59 61.
125808 32 1 59 52.
125856 32 1 59 61.
125856 32 1 59 52.
125904 32 1 59 61.
125904 32 1 59 52.
125952 32 1 59 61.
125952 32 1 59 52.
126000 32 1 59 61.
126000 32 1 59 52.
126048 32 1 60 61.
126048 32 1 60 52.
126096 32 1 60 61.
126096 32 1 60 52.
126144 32 1 60 61.
126144 32 1 60 52.
126192 32 1 60 61.
126192 32 1 60 52.
126240 32 1 60 61.
126240 32 1 60 52.
126288 32 1 60 61.
126288 32 1 60 52.
126336 32 1 60 61.
126336 32 1 60 52.
126384 32 1 60 61.
126384 32 1 60 52.
126432 32 1 60 61.
126432 32 1 60 52.
126480 32 1 60 61.
126480 32 1 60 52.
126528 32 1 60 61.
126528 32 1 60 52.
126576 32 1 60 61.
126576 32 1 60 52.
126624 32 1 60 61.
126624 32 1 60 52.
126672 32 1 60 61.
126672 32 1 60 52.
126720 32 1 60 61.
126776 32 1 60 61.
126776 32 1 60 52.
126824 32 1 60 61.
126824 32 1 60 52.
126872 32 1 60 61.
126872 32 1 60 52.
126920 32 1 60 61.
126920 32 1 60 52.
126968 32 1 60 61.
126968 32 1 60 52.
127016 32 1 60 61.
127016 32 1 60 52.
127064 32 1 60 61.
127064 32 1 60 52.
127112 32 1 60 61.
127112 32 1 60 52.
127160 32 1 60 61.
127160 32 1 60 52.
127208 32 1 60 61.
127208 32 1 60 52.
127256 32 1 60 61.
127256 32 1 60 52.
127304 32 1 60 61.
127304 32 1 60 52.
127352 32 1 60 61.
127352 32 1 60 52.
127400 32 1 60 61.
127400 32 1 60 52.
127448 32 1 60 61.
127448 32 1 60 52.
127496 32 1 60 61.
127496 32 1 60 52.
127544 32 1 60 61.
127544 32 1 60 52.
127592 32 1 60 61.
127592 32 1 60 52.
127640 32 1 60 61.
127640 32 1 60 52.
127688 32 1 60 61.
127688 32 1 60 52.
127736 32 1 60 61.
127736 32 1 60 52.
127784 32 1 60 61.
127784 32 1 60 52.
127832 32 1 60 61.
127832 32 1 60 52.
127880 32 1 60 61.
127880 32 1 60 52.
127928 32 1 60 61.
127928 32 1 60 52.
127976 32 1 60 61.
127976 32 1 60 52.
128024 32 1 60 61.
128024 32 1 60 52.
128072 32 1 60 61.
128072 32 1 60 52.
128120 32 1 60 61.
128120 32 1 60 52.
128168 32 1 60 61.
128168 32 1 60 52.
128216 32 1 60 61.
128216 32 1 60 52.
128264 32 1 60 61.
128264 32 1 60 52.
128312 32 1 60 61.
128312 32 1 60 52.
128360 32 1 60 61.
128360 32 1 60 52.
128408 32 1 60 61.
128408 32 1 60 52.
128456 32 1 60 61.
128456 32 1 60 52.
128504 32 1 60 61.
128504 32 1 60 52.
128552 32 1 60 61.
128552 32 1 60 52.
128600 32 1 60 61.
128600 32 1 60 52.
128648 32 1 60 61.
128648 32 1 60 52.
128696 32 1 60 61.
128696 32 1 60 52.
128744 32 1 60 61.
128744 32 1 60 52.
128792 32 1 60 61.
128792 32 1 60 52.
128840 32 1 60 61.
128840 32 1 60 52.
128888 32 1 60 61.
128888 32 1 60 52.
128936 32 1 60 61.
128936 32 1 60 52.
128984 32 1 60 61.
128984 32 1 60 52.
129032 32 1 60 61.
129032 32 1 60 52.
129112 32 1 60 61.
129112 32 1 60 51.
129160 32 1 60 61.
129160 32 1 60 51.
129208 32 1 60 61.
129208 32 1 60 51.
129256 32 1 60 61.
129256 32 1 60 51.
129304 32 1 60 61.
129304 32 1 60 51.
129352 32 1 60 61.
129352 32 1 60 51.
129400 32 1 60 61.
129400 32 1 60 51.
129448 32 1 60 61.
129448 32 1 60 51.
129496 32 1 60 61.
129496 32 1 60 51.
129544 32 1 60 61.
129544 32 1 60 51.
129592 32 1 60 61.
129592 32 1 60 51.
129640 32 1 60 61.
129640 32 1 60 51.
129688 32 1 60 61.
129688 32 1 60 51.
129736 32 1 60 61.
129736 32 1 60 51.
129784 32 1 60 61.
129784 32 1 60 51.
129832 32 1 60 61.
129832 32 1 60 51.
129880 32 1 60 61.
129880 32 1 60 51.
129928 32 1 60 61.
129928 32 1 60 51.
129976 32 1 60 61.
129976 32 1 60 51.
130024 32 1 60 61.
130024 32 1 60 51.
130072 32 1 60 61.
130072 32 1 60 51.
130120 32 1 60 61.
130120 32 1 60 51.
130168 32 1 60 61.
130168 32 1 60 51.
130216 32 1 60 61.
130216 32 1 60 51.
130264 32 1 60 61.
130264 32 1 60 51.
130312 32 1 60 61.
130312 32 1 60 51.
130360 32 1 60 61.
130360 32 1 60 51.
130408 32 1 60 61.
130408 32 1 60 51.
130456 32 1 60 61.
130456 32 1 60 51.
130504 32 1 60 61.
130504 32 1 60 51.
130552 32 1 60 61.
130552 32 1 60 51.
130600 32 1 60 61.
130600 32 1 60 51.
130648 32 1 60 61.
130648 32 1 60 51.
130696 32 1 60 61.
130696 32 1 60 51.
130744 32 1 60 61.
130744 32 1 60 51.
130792 32 1 60 61.
130792 32 1 60 51.
130840 32 1 60 61.
130840 32 1 60 51.
130888 32 1 60 61.
130888 32 1 60 51.
130936 32 1 60 61.
130936 32 1 60 51.
130984 32 1 60 61.
130984 32 1 60 51.
131032 32 1 60 61.
131032 32 1 60 51.
131080 32 1 60 61.
131080 32 1 60 51.
131128 32 1 60 61.
131128 32 1 60 51.
131176 32 1 60 61.
131176 32 1 60 51.
131224 32 1 60 61.
131224 32 1 60 51.
131272 32 1 60 61.
131272 32 1 60 51.
131320 32 1 60 61.
131320 32 1 60 51.
131368 32 1 60 61.
131368 32 1 60 51.
131416 32 1 60 61.
131416 32 1 60 51.
131464 32 1 60 61.
131464 32 1 60 51.
131544 32 1 60 61.
131544 32 1 60 51.
131592 32 1 60 61.
131592 32 1 60 51.
131640 32 1 60 61.
131640 32 1 60 51.
131688 32 1 60 61.
131688 32 1 60 51.
131736 32 1 60 61.
131736 32 1 60 51.
131784 32 1 60 61.
131784 32 1 60 51.
131832 32 1 60 61.
131832 32 1 60 51.
131880 32 1 60 61.
131880 32 1 60 51.
131928 32 1 60 61.
131928 32 1 60 51.
131976 32 1 60 60.
131976 32 1 60 51.
132024 32 1 60 60.
132024 32 1 60 51.
132072 32 1 60 60.
132072 32 1 60 51.
132120 32 1 60 60.
132120 32 1 60 51.
132168 32 1 60 60.
132168 32 1 60 51.
132216 32 1 60 60.
132216 32 1 60 51.
132264 32 1 60 60.
132264 32 1 60 51.
132312 32 1 60 60.
132312 32 1 60 51.
132360 32 1 60 60.
132360 32 1 60 51.
132408 32 1 60 60.
132408 32 1 60 51.
132456 32 1 60 60.
132456 32 1 60 51.
132504 32 1 60 60.
132504 32 1 60 51.
132552 32 1 60 60.
132552 32 1 60 51.
132600 32 1 60 60.
132600 32 1 60 51.
132648 32 1 60 60.
132648 32 1 60 51.
132696 32 1 60 60.
132696 32 1 60 51.
132744 32 1 60 60.
132744 32 1 60 51.
132792 32 1 60 60.
132792 32 1 60 51.
132840 32 1 60 60.
132840 32 1 60 51.
132888 32 1 60 60.
132888 32 1 60 51.
132936 32 1 60 60.
132936 32 1 60 51.
132984 32 1 60 60.
132984 32 1 60 51.
133032 32 1 60 60.
133032 32 1 60 51.
133080 32 1 60 60.
133080 32 1 60 51.
133128 32 1 60 60.
133128 32 1 60 51.
133176 32 1 60 60.
133176 32 1 60 51.
133224 32 1 60 60.
133224 32 1 60 51.
133272 32 1 60 60.
133272 32 1 60 51.
133320 32 1 60 60.
133320 32 1 60 51.
133368 32 1 60 60.
133368 32 1 60 51.
133416 32 1 60 60.
133416 32 1 60 51.
133464 32 1 60 60.
133464 32 1 60 51.
133512 32 1 60 60.
133512 32 1 60 51.
133560 32 1 60 60.
133560 32 1 60 51.
133608 24 1 60 60.
133608 24 1 60 51.
133648 32 1 60 60.
133648 32 1 60 51.
133672 32 1 70 61.
133672 32 1 70 52.
133720 32 1 70 61.
133720 32 1 70 52.
133768 32 1 70 61.
133768 32 1 70 52.
133816 32 1 70 61.
133816 32 1 70 52.
133864 32 1 70 61.
133864 32 1 70 52.
133912 32 1 70 61.
133912 32 1 70 52.
133960 32 1 70 61.
133960 32 1 70 52.
134008 32 1 70 61.
134008 32 1 70 52.
134056 32 1 70 61.
134056 32 1 70 52.
134104 32 1 70 61.
134104 32 1 70 52.
134152 32 1 70 61.
134152 32 1 70 52.
134200 32 1 70 61.
134200 32 1 70 52.
134248 32 1 70 61.
134248 32 1 70 52.
134296 32 1 70 61.
134296 32 1 70 52.
134344 32 1 70 61.
134344 32 1 70 52.
134392 32 1 70 61.
134392 32 1 70 52.
134440 32 1 70 61.
134440 32 1 70 52.
134488 32 1 70 61.
134488 32 1 70 52.
134536 32 1 70 61.
134536 32 1 70 52.
134584 32 1 70 61.
134584 32 1 70 52.
134632 32 1 70 61.
134632 32 1 70 52.
134680 32 1 70 61.
134680 32 1 70 52.
134728 32 1 70 61.
134728 32 1 70 52.
134792 32 1 75 63.
134792 32 1 75 54.
134840 32 1 75 63.
134840 32 1 75 54.
134888 32 1 75 63.
134888 32 1 75 54.
134936 32 1 75 63.
134936 32 1 75 54.
134984 32 1 75 63.
134984 32 1 75 54.
135032 32 1 75 63.
135032 32 1 75 54.
135080 32 1 75 63.
135080 32 1 75 54.
135128 32 1 75 63.
135128 32 1 75 54.
135176 32 1 75 63.
135176 32 1 75 54.
135224 32 1 75 63.
135224 32 1 75 54.
135272 32 1 75 63.
135272 32 1 75 54.
135320 32 1 75 63.
135320 32 1 75 54.
135368 32 1 75 63.
135368 32 1 75 54.
135416 32 1 75 63.
135416 32 1 75 54.
135464 32 1 75 63.
135464 32 1 75 54.
135512 32 1 75 63.
135512 32 1 75 54.
135560 32 1 75 63.
135560 32 1 75 54.
135608 32 1 75 63.
135608 32 1 75 54.
135656 32 1 75 63.
135656 32 1 75 54.
135704 32 1 75 63.
135704 32 1 75 54.
135752 32 1 75 63.
135752 32 1 75 54.
135800 32 1 75 63.
135800 32 1 75 54.
135848 32 1 75 63.
135848 32 1 75 54.
135896 32 1 75 63.
135896 32 1 75 54.
135944 32 1 75 63.
135944 32 1 75 54.
135992 32 1 75 63.
135992 32 1 75 54.
136040 32 1 75 63.
136040 32 1 75 54.
136128 32 1 75 64.
136128 32 1 75 52.
136176 32 1 75 64.
136176 32 1 75 52.
136224 32 1 75 64.
136224 32 1 75 52.
136272 32 1 75 64.
136272 32 1 75 52.
136320 32 1 75 64.
136320 32 1 75 52.
136368 32 1 75 64.
136368 32 1 75 52.
136416 32 1 75 64.
136416 32 1 75 52.
136464 32 1 75 64.
136464 32 1 75 52.
136512 32 1 75 64.
136512 32 1 75 52.
136560 32 1 75 64.
136560 32 1 75 52.
136608 32 1 75 64.
136608 32 1 75 52.
136656 32 1 75 64.
136656 32 1 75 52.
136704 32 1 75 64.
136704 32 1 75 52.
136752 32 1 75 64.
136752 32 1 75 52.
136800 32 1 75 64.
136800 32 1 75 52.
136848 32 1 75 64.
136848 32 1 75 52.
136896 32 1 75 64.
136896 32 1 75 52.
136944 32 1 75 64.
136944 32 1 75 52.
136992 32 1 75 64.
136992 32 1 75 52.
137040 32 1 75 64.
137040 32 1 75 52.
137088 32 1 75 64.
137088 32 1 75 52.
137136 32 1 75 64.
137136 32 1 75 52.
137184 32 1 75 64.
137184 32 1 75 52.
137232 32 1 75 64.
137232 32 1 75 52.
137280 32 1 80 64.
137280 32 1 80 58.
137328 32 1 80 64.
137328 32 1 80 58.
137376 32 1 80 64.
137376 32 1 80 58.
137424 32 1 80 64.
137424 32 1 80 58.
137472 32 1 80 64.
137472 32 1 80 58.
137520 32 1 80 64.
137520 32 1 80 58.
137568 32 1 80 64.
137568 32 1 80 58.
137616 32 1 80 64.
137616 32 1 80 58.
137664 32 1 80 64.
137664 32 1 80 58.
137712 32 1 80 64.
137712 32 1 80 58.
137760 32 1 80 64.
137760 32 1 80 58.
137808 32 1 80 64.
137808 32 1 80 58.
137856 32 1 80 64.
137856 32 1 80 58.
137904 32 1 80 64.
137904 32 1 80 58.
137952 32 1 80 64.
137952 32 1 80 58.
138000 32 1 80 64.
138000 32 1 80 58.
138048 32 1 80 64.
138048 32 1 80 58.
138096 32 1 80 64.
138096 32 1 80 58.
138144 32 1 80 64.
138144 32 1 80 58.
138192 32 1 80 64.
138192 32 1 80 58.
138240 32 1 80 64.
138240 32 1 80 58.
138288 32 1 80 64.
138288 32 1 80 58.
138336 32 1 80 64.
138336 32 1 80 58.
138384 32 1 80 64.
138384 32 1 80 58.
138428 32 1 90 65.
138428 32 1 90 59.
138476 32 1 90 65.
138476 32 1 90 59.
138524 32 1 90 65.
138524 32 1 90 59.
138572 32 1 90 65.
138572 32 1 90 59.
138620 32 1 90 65.
138620 32 1 90 59.
138668 32 1 90 65.
138668 32 1 90 59.
138716 32 1 90 65.
138716 32 1 90 59.
138764 32 1 90 65.
138764 32 1 90 59.
138812 32 1 90 65.
138812 32 1 90 59.
138860 32 1 90 65.
138860 32 1 90 59.
138908 32 1 90 65.
138908 32 1 90 59.
138956 32 1 90 65.
138956 32 1 90 59.
139004 32 1 90 65.
139004 32 1 90 59.
139052 32 1 90 65.
139052 32 1 90 59.
139100 32 1 90 65.
139100 32 1 90 59.
139148 32 1 90 65.
139148 32 1 90 59.
139196 32 1 90 65.
139196 32 1 90 59.
139244 32 1 90 65.
139244 32 1 90 59.
139292 32 1 90 65.
139292 32 1 90 59.
139340 32 1 90 65.
139340 32 1 90 59.
139388 32 1 90 65.
139388 32 1 90 59.
139436 32 1 90 65.
139436 32 1 90 59.
139484 32 1 90 65.
139484 32 1 90 59.
139532 32 1 90 65.
139532 32 1 90 59.
139580 32 1 90 65.
139580 32 1 90 59.
139628 32 1 90 65.
139628 32 1 90 59.
139676 32 1 90 65.
139676 32 1 90 59.
139724 32 1 90 65.
139724 32 1 90 59.
139772 32 1 90 65.
139772 32 1 90 59.
139820 32 1 90 65.
139820 32 1 90 59.
139868 32 1 90 65.
139868 32 1 90 59.
139916 32 1 90 65.
139916 32 1 90 59.
139964 32 1 90 65.
139964 32 1 90 59.
140012 32 1 90 65.
140012 32 1 90 59.
140060 32 1 90 65.
140060 32 1 90 59.
140108 32 1 90 65.
140108 32 1 90 59.
140156 32 1 90 65.
140156 32 1 90 59.
140204 32 1 90 65.
140204 32 1 90 59.
140252 32 1 90 65.
140252 32 1 90 59.
140300 32 1 90 65.
140300 32 1 90 59.
140348 32 1 90 65.
140348 32 1 90 59.
140396 32 1 90 65.
140396 32 1 90 59.
140444 32 1 90 65.
140444 32 1 90 59.
140492 32 1 90 65.
140492 32 1 90 59.
140540 32 1 90 65.
140540 32 1 90 59.
140588 32 1 90 65.
140588 32 1 90 59.
140636 32 1 90 65.
140636 32 1 90 59.
140684 32 1 90 65.
140684 32 1 90 59.
140732 32 1 90 65.
140732 32 1 90 59.
140780 32 1 90 65.
140780 32 1 90 59.
140828 32 1 90 65.
140828 32 1 90 59.
140876 32 1 90 65.
140876 32 1 90 59.
140924 32 1 90 65.
140924 32 1 90 59.
140972 32 1 90 65.
140972 32 1 90 59.
141020 32 1 90 65.
141020 32 1 90 59.
141068 32 1 90 65.
141068 32 1 90 59.
141116 32 1 90 65.
141116 32 1 90 59.
141164 32 1 90 65.
141164 32 1 90 59.
141212 32 1 90 65.
141212 32 1 90 59.
141260 32 1 90 65.
141260 32 1 90 59.
141264 28 1 64 50.
141264 28 1 64 59.
141308 32 1 90 65.
141308 32 1 90 59.
141356 32 1 90 65.
141356 32 1 90 59.
141404 32 1 90 65.
141404 32 1 90 59.
141448 32 1 80 63.
141448 32 1 80 56.
141496 32 1 80 63.
141496 32 1 80 56.
141544 32 1 80 63.
141544 32 1 80 56.
141592 32 1 80 63.
141592 32 1 80 56.
141640 32 1 80 63.
141640 32 1 80 56.
141688 32 1 80 63.
141688 32 1 80 56.
141736 32 1 80 63.
141736 32 1 80 56.
141784 32 1 80 63.
141784 32 1 80 56.
141832 32 1 80 63.
141832 32 1 80 56.
141880 32 1 80 63.
141880 32 1 80 56.
141928 32 1 80 63.
141928 32 1 80 56.
141976 32 1 80 63.
141976 32 1 80 56.
142020 32 1 80 63.
142020 32 1 80 56.
142064 32 1 70 63.
142064 32 1 70 55.
142112 32 1 70 63.
142112 32 1 70 55.
142160 32 1 70 63.
142160 32 1 70 55.
142208 32 1 70 63.
142208 32 1 70 55.
142256 32 1 70 63.
142256 32 1 70 55.
142304 32 1 70 63.
142304 32 1 70 55.
142352 32 1 70 63.
142352 32 1 70 55.
142400 32 1 70 63.
142400 32 1 70 55.
142448 32 1 70 63.
142448 32 1 70 55.
142496 32 1 70 63.
142496 32 1 70 55.
142544 32 1 70 63.
142544 32 1 70 55.
142592 32 1 70 63.
142592 32 1 70 55.
142640 32 1 70 63.
142640 32 1 70 55.
142688 32 1 70 63.
142688 32 1 70 55.
142736 32 1 70 63.
142736 32 1 70 55.
142784 32 1 70 63.
142784 32 1 70 55.
142832 32 1 70 63.
142832 32 1 70 55.
142880 32 1 70 63.
142880 32 1 70 55.
142928 32 1 70 63.
142928 32 1 70 55.
142976 32 1 70 63.
142976 32 1 70 55.
143024 32 1 70 63.
143024 32 1 70 55.
143072 32 1 70 63.
143072 32 1 70 55.
143120 32 1 70 63.
143120 32 1 70 55.
143168 32 1 70 63.
143168 32 1 70 55.
143268 32 1 70 64.
143268 32 1 70 54.
143316 32 1 70 64.
143316 32 1 70 54.
143364 32 1 70 64.
143364 32 1 70 54.
143412 32 1 70 64.
143412 32 1 70 54.
143460 32 1 70 64.
143460 32 1 70 54.
143508 32 1 70 64.
143508 32 1 70 54.
143556 32 1 70 64.
143556 32 1 70 54.
143604 32 1 70 64.
143604 32 1 70 54.
143652 32 1 70 64.
143652 32 1 70 54.
143700 32 1 70 64.
143700 32 1 70 54.
143748 32 1 70 64.
143748 32 1 70 54.
143796 32 1 70 64.
143796 32 1 70 54.
143844 32 1 70 64.
143844 32 1 70 54.
143892 32 1 70 64.
143892 32 1 70 54.
143940 32 1 65 63.
143940 32 1 65 54.
143988 32 1 65 63.
143988 32 1 65 54.
144036 32 1 65 63.
144036 32 1 65 54.
144084 32 1 65 63.
144084 32 1 65 54.
144132 32 1 65 63.
144132 32 1 65 54.
144180 32 1 65 63.
144180 32 1 65 54.
144228 32 1 65 63.
144228 32 1 65 54.
144276 32 1 65 63.
144276 32 1 65 54.
144324 32 1 65 63.
144324 32 1 65 54.
144372 32 1 65 63.
144372 32 1 65 54.
144420 32 1 65 63.
144420 32 1 65 54.
144468 32 1 65 63.
144468 32 1 65 54.
144516 32 1 65 63.
144516 32 1 65 54.
144564 32 1 65 63.
144564 32 1 65 54.
144612 32 1 65 63.
144612 32 1 65 54.
144660 32 1 65 63.
144660 32 1 65 54.
144708 32 1 65 63.
144708 32 1 65 54.
144756 32 1 65 63.
144756 32 1 65 54.
144804 32 1 65 63.
144804 32 1 65 54.
144852 32 1 65 63.
144852 32 1 65 54.
144900 32 1 65 63.
144900 32 1 65 54.
144948 32 1 65 63.
144948 32 1 65 54.
144996 32 1 65 63.
144996 32 1 65 54.
145044 32 1 65 63.
145044 32 1 65 54.
145092 32 1 65 63.
145092 32 1 65 54.
145140 32 1 65 63.
145140 32 1 65 54.
145188 32 1 65 63.
145188 32 1 65 54.
145236 32 1 65 63.
145236 32 1 65 54.
145284 32 1 65 63.
145284 32 1 65 54.
145332 32 1 65 63.
145332 32 1 65 54.
145380 32 1 65 63.
145380 32 1 65 54.
145428 32 1 65 63.
145428 32 1 65 54.
145476 32 1 65 63.
145476 32 1 65 54.
145524 32 1 65 63.
145524 32 1 65 54.
145572 32 1 65 63.
145572 32 1 65 54.
145620 32 1 65 63.
145620 32 1 65 54.
145668 32 1 65 63.
145668 32 1 65 54.
145716 32 1 65 63.
145716 32 1 65 54.
145764 32 1 65 63.
145764 32 1 65 54.
145812 32 1 65 63.
145812 32 1 65 54.
145860 32 1 65 63.
145860 32 1 65 54.
145908 32 1 65 63.
145908 32 1 65 54.
145956 32 1 65 63.
145956 32 1 65 54.
145996 32 1 65 64.
145996 32 1 65 54.
146044 32 1 65 64.
146044 32 1 65 54.
146092 32 1 65 64.
146092 32 1 65 54.
146140 32 1 65 64.
146140 32 1 65 54.
146188 32 1 65 64.
146188 32 1 65 54.
146236 32 1 65 64.
146236 32 1 65 54.
146284 32 1 65 64.
146284 32 1 65 54.
146332 32 1 65 64.
146332 32 1 65 54.
146380 32 1 65 64.
146380 32 1 65 54.
146428 32 1 65 64.
146428 32 1 65 54.
146476 32 1 65 64.
146476 32 1 65 54.
146524 32 1 65 64.
146524 32 1 65 54.
146572 32 1 65 64.
146572 32 1 65 54.
146620 32 1 65 64.
146620 32 1 65 54.
146668 32 1 65 64.
146668 32 1 65 54.
146716 32 1 65 64.
146716 32 1 65 54.
146760 32 1 65 64.
146760 32 1 65 52.
146808 32 1 65 64.
146808 32 1 65 52.
146856 32 1 65 64.
146856 32 1 65 52.
146904 32 1 65 64.
146904 32 1 65 52.
146952 32 1 65 64.
146952 32 1 65 52.
147000 32 1 65 64.
147000 32 1 65 52.
147048 32 1 65 64.
147048 32 1 65 52.
147096 32 1 65 64.
147096 32 1 65 52.
147144 32 1 65 64.
147144 32 1 65 52.
147192 32 1 65 64.
147192 32 1 65 52.
147240 32 1 65 64.
147240 32 1 65 52.
147288 32 1 65 64.
147288 32 1 65 52.
147336 32 1 65 64.
147336 32 1 65 52.
147380 32 1 65 64.
147380 32 1 65 54.
147428 32 1 65 64.
147428 32 1 65 54.
147476 32 1 65 64.
147476 32 1 65 54.
147524 32 1 65 64.
147524 32 1 65 54.
147572 32 1 65 64.
147572 32 1 65 54.
147620 32 1 65 64.
147620 32 1 65 54.
147668 32 1 65 64.
147668 32 1 65 54.
147716 32 1 65 64.
147716 32 1 65 54.
147764 32 1 65 64.
147764 32 1 65 54.
147812 32 1 65 64.
147812 32 1 65 54.
147860 32 1 65 64.
147860 32 1 65 54.
147908 32 1 65 64.
147908 32 1 65 54.
147956 32 1 65 64.
147956 32 1 65 54.
148004 32 1 65 64.
148004 32 1 65 54.
148052 32 1 65 64.
148052 32 1 65 54.
148100 32 1 65 64.
148100 32 1 65 54.
148148 32 1 65 64.
148148 32 1 65 54.
148196 32 1 65 64.
148196 32 1 65 54.
148244 32 1 65 64.
148244 32 1 65 54.
148292 32 1 65 64.
148292 32 1 65 54.
148340 32 1 65 64.
148340 32 1 65 54.
148388 32 1 65 64.
148388 32 1 65 54.
148436 32 1 65 64.
148436 32 1 65 54.
148484 32 1 65 64.
148484 32 1 65 54.
148532 32 1 65 64.
148532 32 1 65 54.
148580 32 1 65 64.
148580 32 1 65 54.
148640 32 1 65 63.
148640 32 1 65 54.
148688 32 1 65 63.
148688 32 1 65 54.
148736 32 1 65 63.
148736 32 1 65 54.
148784 32 1 65 63.
148784 32 1 65 54.
148832 32 1 65 63.
148832 32 1 65 54.
148880 32 1 65 63.
148880 32 1 65 54.
148928 32 1 65 63.
148928 32 1 65 54.
148976 32 1 65 63.
148976 32 1 65 54.
149024 32 1 65 63.
149024 32 1 65 54.
149072 32 1 65 63.
149072 32 1 65 54.
149120 32 1 65 63.
149120 32 1 65 54.
149168 32 1 65 63.
149168 32 1 65 54.
149216 32 1 65 63.
149216 32 1 65 54.
149264 32 1 65 63.
149264 32 1 65 54.
149312 32 1 65 63.
149312 32 1 65 54.
149360 32 1 65 63.
149360 32 1 65 54.
149408 32 1 65 63.
149408 32 1 65 54.
149456 32 1 65 63.
149456 32 1 65 54.
149504 32 1 65 63.
149504 32 1 65 54.
149552 32 1 65 63.
149552 32 1 65 54.
149600 32 1 65 63.
149600 32 1 65 54.
149648 32 1 65 63.
149648 32 1 65 54.
149696 32 1 65 63.
149696 32 1 65 54.
149744 32 1 65 63.
149744 32 1 65 54.
149792 32 1 65 63.
149792 32 1 65 54.
149840 32 1 65 63.
149840 32 1 65 54.
149888 32 1 65 63.
149888 32 1 65 54.
149936 32 1 65 63.
149936 32 1 65 54.
149984 32 1 65 63.
149984 32 1 65 54.
150032 32 1 65 63.
150032 32 1 65 54.
150080 32 1 65 63.
150080 32 1 65 54.
150128 32 1 65 63.
150128 32 1 65 54.
150176 32 1 65 63.
150176 32 1 65 54.
150224 32 1 65 63.
150224 32 1 65 54.
150272 32 1 65 63.
150272 32 1 65 54.
150320 32 1 65 63.
150320 32 1 65 54.
150368 32 1 65 63.
150368 32 1 65 54.
150416 32 1 65 63.
150416 32 1 65 54.
150464 32 1 65 63.
150464 32 1 65 54.
150512 32 1 65 63.
150512 32 1 65 54.
150560 32 1 65 63.
150560 32 1 65 54.
150608 32 1 65 63.
150608 32 1 65 54.
150656 32 1 65 63.
150656 32 1 65 54.
150704 32 1 65 63.
150704 32 1 65 54.
150752 32 1 65 63.
150752 32 1 65 54.
150800 32 1 65 63.
150800 32 1 65 54.
150848 32 1 65 63.
150848 32 1 65 54.
150896 32 1 65 63.
150896 32 1 65 54.
150944 32 1 65 63.
150944 32 1 65 54.
150992 32 1 65 63.
150992 32 1 65 54.
151040 32 1 65 63.
151040 32 1 65 54.
151084 32 1 70 63.
151084 32 1 70 54.
151132 32 1 70 63.
151132 32 1 70 54.
151180 32 1 70 63.
151180 32 1 70 54.
151228 32 1 70 63.
151228 32 1 70 54.
151276 32 1 70 63.
151276 32 1 70 54.
151324 32 1 70 63.
151324 32 1 70 54.
151372 32 1 70 63.
151372 32 1 70 54.
151420 32 1 70 63.
151420 32 1 70 54.
151468 32 1 70 63.
151468 32 1 70 54.
151516 32 1 70 63.
151516 32 1 70 54.
151564 32 1 70 63.
151564 32 1 70 54.
151612 32 1 70 63.
151612 32 1 70 54.
151660 32 1 70 63.
151660 32 1 70 54.
151708 32 1 70 63.
151708 32 1 70 54.
151756 32 1 70 63.
151756 32 1 70 54.
151804 32 1 70 63.
151804 32 1 70 54.
151852 32 1 70 63.
151852 32 1 70 54.
151900 32 1 70 63.
151900 32 1 70 54.
151948 32 1 70 63.
151948 32 1 70 54.
151996 32 1 70 63.
151996 32 1 70 54.
152044 32 1 70 63.
152044 32 1 70 54.
152092 32 1 70 63.
152092 32 1 70 54.
152140 32 1 70 63.
152140 32 1 70 54.
152188 32 1 70 63.
152188 32 1 70 54.
152236 32 1 70 63.
152236 32 1 70 54.
152284 32 1 70 63.
152284 32 1 70 54.
152332 32 1 70 63.
152332 32 1 70 54.
152380 32 1 70 63.
152380 32 1 70 54.
152428 32 1 70 63.
152428 32 1 70 54.
152476 32 1 70 63.
152476 32 1 70 54.
152524 32 1 70 63.
152524 32 1 70 54.
152572 32 1 70 63.
152572 32 1 70 54.
152620 32 1 70 63.
152620 32 1 70 54.
152668 32 1 70 63.
152668 32 1 70 54.
152716 32 1 70 63.
152716 32 1 70 54.
152764 32 1 70 63.
152764 32 1 70 54.
152812 32 1 70 63.
152812 32 1 70 54.
152860 32 1 70 63.
152860 32 1 70 54.
152908 32 1 70 63.
152908 32 1 70 54.
152956 32 1 70 63.
152956 32 1 70 54.
153004 32 1 70 63.
153004 32 1 70 54.
153052 32 1 70 63.
153052 32 1 70 54.
153100 32 1 70 63.
153100 32 1 70 54.
153148 32 1 70 63.
153148 32 1 70 54.
153196 32 1 70 63.
153196 32 1 70 54.
153244 32 1 70 63.
153244 32 1 70 54.
153292 32 1 70 63.
153292 32 1 70 54.
153340 32 1 70 63.
153340 32 1 70 54.
153388 32 1 70 63.
153388 32 1 70 54.
153436 32 1 70 63.
153436 32 1 70 54.
153484 32 1 70 63.
153484 32 1 70 54.
153532 32 1 70 63.
153532 32 1 70 54.
153580 32 1 70 63.
153580 32 1 70 54.
153628 32 1 70 63.
153628 32 1 70 54.
153676 32 1 70 63.
153676 32 1 70 54.
153724 32 1 70 63.
153724 32 1 70 54.
153772 32 1 70 63.
153772 32 1 70 54.
153820 32 1 70 63.
153820 32 1 70 54.
153852 32 1 70 64.
153852 32 1 70 52.
153900 32 1 70 64.
153900 32 1 70 52.
153948 32 1 70 64.
153948 32 1 70 52.
153996 32 1 70 64.
153996 32 1 70 52.
154044 32 1 70 64.
154044 32 1 70 52.
154092 32 1 70 64.
154092 32 1 70 52.
154140 32 1 70 64.
154140 32 1 70 52.
154188 32 1 70 64.
154188 32 1 70 52.
154236 32 1 70 64.
154236 32 1 70 52.
154284 32 1 70 64.
154284 32 1 70 52.
154332 32 1 70 64.
154332 32 1 70 52.
154380 32 1 70 64.
154380 32 1 70 52.
154428 32 1 70 64.
154428 32 1 70 52.
154476 32 1 70 64.
154476 32 1 70 52.
154524 32 1 70 64.
154524 32 1 70 52.
154572 32 1 70 64.
154572 32 1 70 52.
154620 32 1 70 64.
154620 32 1 70 52.
154668 32 1 70 64.
154668 32 1 70 52.
154716 32 1 70 64.
154716 32 1 70 52.
154764 32 1 70 64.
154764 32 1 70 52.
154812 32 1 70 64.
154812 32 1 70 52.
154860 32 1 70 64.
154860 32 1 70 52.
154908 32 1 70 64.
154908 32 1 70 52.
154956 32 1 70 64.
154956 32 1 70 52.
155004 32 1 70 64.
155004 32 1 70 52.
155052 32 1 70 64.
155052 32 1 70 52.
155100 32 1 85 64.
155100 32 1 85 52.
155148 32 1 85 64.
155148 32 1 85 52.
155196 32 1 85 64.
155196 32 1 85 52.
155244 32 1 85 64.
155244 32 1 85 52.
155292 32 1 85 64.
155292 32 1 85 52.
155340 32 1 85 64.
155340 32 1 85 52.
155388 32 1 85 64.
155388 32 1 85 52.
155436 32 1 85 64.
155436 32 1 85 52.
155484 32 1 85 64.
155484 32 1 85 52.
155532 32 1 85 64.
155532 32 1 85 52.
155580 32 1 85 64.
155580 32 1 85 52.
155628 32 1 85 64.
155628 32 1 85 52.
155676 32 1 85 64.
155676 32 1 85 52.
155724 32 1 85 64.
155724 32 1 85 52.
155772 32 1 90 64.
155772 32 1 90 52.
155820 32 1 90 64.
155820 32 1 90 52.
155868 32 1 90 64.
155868 32 1 90 52.
616 640 2 52 56.
2176 584 2 58 50.
4852 572 2 52 48.
9952 636 2 39 51.
10640 596 2 49 51.
11312 1460 2 45 51.
18004 1536 2 44 53.
20488 768 2 38 58.
21616 768 2 40 63.
22788 2304 2 38 61.
26588 768 2 38 60.
27848 768 2 37 58.
29732 768 2 37 51.
30592 768 2 37 51.
31732 1432 2 37 53.
33192 768 2 38 55.
35708 3072 2 38 51.
39948 768 2 38 51.
42064 384 2 38 51.
42560 384 2 38 55.
50136 1152 2 48 62.
51432 368 2 48 63.
52012 1236 2 45 59.
53272 468 2 45 62.
53908 1060 2 44 63.
55200 1060 2 48 65.
56564 400 2 40 67.
58624 1024 2 54 65.
65664 596 2 50 53.
67476 584 2 50 60.
68320 1212 2 50 58.
69576 1536 2 53 63.
71412 544 2 50 61.
72640 1920 2 50 61.
75392 768 2 50 60.
76732 568 2 50 58.
80052 1280 2 50 51.
81384 1304 2 53 53.
82916 544 2 53 55.
85388 3840 2 57 56.
89844 556 2 53 56.
91160 1108 2 53 56.
92436 524 2 53 58.
99980 768 2 53 43.
9952 676 3 42 44.
10640 676 3 42 44.
18004 1920 3 37 41.
20488 2688 3 37 46.
24044 1152 3 44 40.
25304 3072 3 38 39.
29076 768 3 41 41.
30592 1152 3 45 44.
33192 768 3 44 39.
35708 1152 3 44 44.
37840 384 3 44 44.
38344 1920 3 44 39.
42560 1152 3 44 51.
44292 1152 3 44 49.
47612 524 3 47 44.
48196 624 3 49 45.
48856 384 3 52 46.
50136 1152 3 52 46.
51432 768 3 47 39.
58624 1024 3 52 46.
65664 584 3 50 41.
67476 584 3 50 41.
68320 3516 3 50 46.
72640 888 3 54 52.
73828 532 3 50 51.
75392 544 3 50 51.
76732 544 3 50 51.
77984 544 3 54 41.
78796 544 3 56 43.
80052 1312 3 56 44.
81384 1312 3 56 37.
82916 544 3 50 39.
85388 928 3 50 44.
86476 928 3 55 49.
87596 928 3 50 44.
88632 928 3 55 49.
89844 544 3 55 44.
91160 1088 3 57 52.
92436 544 3 50 51.
93956 384 3 54 52.
94604 544 3 49 51.
96048 544 3 54 49.
96760 928 3 50 47.
97864 928 3 50 46.
99156 544 3 54 52.
99980 544 3 54 43.
100936 544 3 54 44.
101636 544 3 54 49.
102364 544 3 56 51.
104024 544 3 48 51.
105116 544 3 52 52.
105772 436 3 70 45.
107000 484 3 66 51.
107612 484 3 66 44.
108288 516 3 66 43.
616 640 4 48 56.
2176 584 4 57 50.
4852 572 4 51 48.
11312 1460 4 40 56.
35708 1152 4 50 56.
37840 384 4 50 56.
38344 1152 4 50 51.
39948 768 4 50 56.
40968 768 4 50 51.
42064 384 4 50 56.
42560 1152 4 50 51.
44292 1152 4 50 49.
46992 520 4 50 55.
47612 520 4 50 56.
48196 628 4 52 57.
48856 520 4 54 58.
58624 1024 4 49 46.
85388 932 4 50 56.
86476 904 4 50 49.
87596 904 4 50 56.
88632 904 4 50 49.
89844 520 4 50 56.
91160 1088 4 50 52.
92436 520 4 47 51.
105772 436 4 72 45.
107000 484 4 66 51.
107612 484 4 66 44.
108288 516 4 65 43.
109604 860 4 72 51.
111276 564 4 70 43.
113576 560 4 78 44.
115908 156 4 75 44.
120432 240 4 75 44.
123044 200 4 55 44.
123456 160 4 55 44.
123620 280 4 54 44.
124160 280 4 55 44.
124744 280 4 55 44.
126776 200 4 80 43.
131544 280 4 85 54.
131964 280 4 85 54.
132584 280 4 85 54.
133132 280 4 85 54.
133680 280 4 85 52.
134796 280 4 85 48.
136112 280 4 86 49.
139040 204 4 80 50.
139396 100 4 80 50.
139536 288 4 80 50.
140640 508 4 75 50.
141428 504 4 75 51.
142640 504 4 65 51.
143268 504 4 70 49.
143940 628 4 65 47.
148040 640 4 55 54.
153248 640 4 60 56.
155000 32 4 60 47.
155048 32 4 60 47.
155096 32 4 60 47.
155144 32 4 60 47.
155192 32 4 60 47.
155240 32 4 60 47.
155288 32 4 60 47.
155336 32 4 60 47.
155384 32 4 60 47.
155432 32 4 60 47.
155480 32 4 60 47.
155528 32 4 60 47.
155576 32 4 60 47.
155624 32 4 60 47.
155672 32 4 60 47.
155720 32 4 60 47.
155768 32 4 60 47.
155816 32 4 60 47.
155864 32 4 60 47.
155912 32 4 60 47.
155960 32 4 60 47.
156008 32 4 60 47.
156056 32 4 60 47.
156100 32 4 70 45.
156148 32 4 70 45.
156196 32 4 70 45.
156244 32 4 70 45.
156292 32 4 70 45.
156340 32 4 70 45.
156388 32 4 70 45.
156436 32 4 70 45.
156484 32 4 70 45.
156532 32 4 70 45.
156580 32 4 70 45.
156628 32 4 70 45.
156676 32 4 70 45.
156724 32 4 70 45.
156772 32 4 70 45.
156820 32 4 70 45.
156868 32 4 70 45.
156916 32 4 70 45.
156964 32 4 70 45.
2728 552 5 84 82.
3248 456 5 100 83.
3776 564 5 77 83.
4308 456 5 83 72.
7004 268 5 75 79.
57892 1024 5 61 77.
59504 644 5 75 82.
111276 560 5 94 85.
113576 300 5 96 80.
148040 640 5 50 82.
148640 640 5 47 75.
153248 640 5 50 84.
153856 640 5 50 76.
174724 2068 5 60 79.
2728 1320 6 68 77.
7004 268 6 61 73.
57892 2560 6 50 73.
111276 560 6 72 73.
2728 1320 7 75 68.
4308 564 7 75 67.
7004 268 7 67 70.
57892 1028 7 50 70.
59504 1024 7 50 63.
111276 948 7 72 76.
112708 768 7 74 73.
113576 300 7 76 71.
148040 640 7 45 73.
148640 640 7 46 71.
153248 640 7 50 75.
153856 640 7 50 73.
2728 1176 8 71 62.
7004 260 8 64 63.
7264 320 8 77 65.
111276 564 8 72 55.
113576 300 8 78 56.
221988 680 8 67 51.
222676 668 8 70 60.
223352 384 8 75 61.
224688 768 8 75 63.
226092 340 8 72 55.
226772 884 8 74 55.
228220 340 8 72 56.
228568 284 8 70 60.
228884 1344 8 74 63.
230288 352 8 70 58.
231064 680 8 70 61.
169728 384 10 50 63.
170124 128 10 50 51.
170256 1544 10 50 51.
171872 376 10 60 51.
172416 256 10 65 63.
172752 120 10 65 63.
172912 1836 10 65 51.

