1328 52 0 70 72.
1624 236 0 71 72.
1900 64 0 37 68.
2008 48 0 85 76.
2124 72 0 82 77.
2400 24 0 57 48.
2652 104 0 47 55.
2744 112 0 78 80.
2868 32 0 48 67.
3168 56 0 44 53.
3408 84 0 74 82.
3424 92 0 53 60.
3632 76 0 82 79.
3636 36 0 55 65.
3736 84 0 79 77.
3880 244 0 81 80.
3920 32 0 56 48.
4176 32 0 51 55.
4404 32 0 46 67.
4416 24 0 51 60.
4676 84 0 87 77.
4688 264 0 47 56.
4708 216 0 42 53.
4952 112 0 45 58.
5188 64 0 60 60.
5208 68 0 48 57.
5432 584 0 40 58.
5876 96 0 79 82.
5992 84 0 78 81.
6124 64 0 75 80.
6132 468 0 39 58.
6220 44 0 85 78.
6432 132 0 37 68.
6656 100 0 74 82.
6772 72 0 81 78.
6912 288 0 81 77.
6936 396 0 42 60.
7204 144 0 66 76.
7240 100 0 38 67.
7472 80 0 74 72.
7704 152 0 65 73.
7748 36 0 51 53.
7980 76 0 37 68.
8200 44 0 42 56.
8460 56 0 70 76.
8484 24 0 60 48.
8740 44 0 46 64.
8952 28 0 47 67.
9148 52 0 60 77.
9196 100 0 37 56.
9200 132 0 41 65.
9236 68 0 92 84.
9344 68 0 87 83.
9456 64 0 77 82.
9484 140 0 45 60.
9684 80 0 82 79.
9700 40 0 43 56.
9792 80 0 87 77.
9924 240 0 85 80.
9964 24 0 65 48.
10212 28 0 50 55.
10428 28 0 49 67.
10440 24 0 46 70.
10692 60 0 84 68.
10712 304 0 53 56.
10732 268 0 48 53.
10968 48 0 103 101.
11228 80 0 70 73.
11328 104 0 92 84.
11452 116 0 67 71.
11564 104 0 87 77.
11576 100 0 66 65.
11692 80 0 66 64.
11800 88 0 53 67.
11912 92 0 62 72.
12040 92 0 54 69.
12152 128 0 52 66.
12256 128 0 87 75.
12376 104 0 92 74.
12408 80 0 67 62.
12500 112 0 80 82.
12624 84 0 88 72.
12740 128 0 86 76.
12892 256 0 71 68.
19612 352 0 80 72.
20056 32 0 52 75.
20080 96 0 64 73.
20108 140 0 56 60.
20200 96 0 82 72.
20324 80 0 85 77.
20332 56 0 49 56.
20568 224 0 88 80.
20588 20 0 60 76.
20604 28 0 61 48.
20856 36 0 51 55.
21068 40 0 50 70.
21076 28 0 48 60.
21268 36 0 62 77.
21328 28 0 54 53.
21352 64 0 90 84.
21568 84 0 44 68.
21796 40 0 51 65.
22072 64 0 79 76.
22076 196 0 87 80.
22348 52 0 48 55.
22564 28 0 43 70.
22576 28 0 40 60.
22820 64 0 96 77.
22840 88 0 57 56.
22856 68 0 52 53.
23100 48 0 92 89.
23352 60 0 64 73.
23456 24 0 59 72.
23576 84 0 99 83.
23596 176 0 59 71.
23604 252 0 56 62.
24108 72 0 60 72.
24344 88 0 90 82.
24364 280 0 44 65.
24372 224 0 46 61.
24612 52 0 87 101.
24880 68 0 54 72.
24984 152 0 86 82.
25132 88 0 90 80.
25156 348 0 46 68.
25176 292 0 46 60.
25428 52 0 85 101.
25708 100 0 77 82.
25808 116 0 86 80.
26304 116 0 82 79.
26436 240 0 82 77.
26776 64 0 54 70.
26956 104 0 60 68.
27072 124 0 88 79.
27204 248 0 79 77.
27444 260 0 82 79.
27820 116 0 82 79.
27944 120 0 80 77.
28060 136 0 85 84.
28284 68 0 69 82.
28368 52 0 60 68.
28428 64 0 66 82.
28464 92 0 75 80.
28484 96 0 49 68.
28700 116 0 49 68.
29036 88 0 83 79.
29164 100 0 83 75.
29404 104 0 85 74.
29520 168 0 79 82.
29648 92 0 53 61.
29760 116 0 86 77.
29880 108 0 82 72.
29992 96 0 45 68.
30116 112 0 77 70.
30228 76 0 57 67.
30348 92 0 55 56.
30468 104 0 85 72.
30588 108 0 82 67.
30820 116 0 82 65.
30936 92 0 50 61.
31052 104 0 82 64.
31164 80 0 61 55.
31288 112 0 75 63.
31408 72 0 56 60.
31520 124 0 82 62.
31536 68 0 58 50.
31636 28 0 35 58.
31776 172 0 82 58.
31952 64 0 68 53.
32048 80 0 70 55.
32152 84 0 90 67.
32264 144 0 83 70.
32388 80 0 68 65.
32500 80 0 61 67.
32620 68 0 62 70.
32716 80 0 64 73.
32824 48 0 80 85.
32932 76 0 59 79.
33036 68 0 60 82.
33152 152 0 95 94.
33160 112 0 83 85.
33316 96 0 87 92.
33416 112 0 94 91.
33632 80 0 76 79.
33748 104 0 86 85.
33860 84 0 88 84.
33968 104 0 82 82.
34084 100 0 85 80.
34192 68 0 86 79.
49952 48 0 50 65.
50024 60 0 68 72.
50128 156 0 99 101.
50372 88 0 64 82.
50476 84 0 82 96.
50568 84 0 82 92.
50656 88 0 82 72.
50744 116 0 64 70.
50828 60 0 61 68.
50920 76 0 78 65.
51008 92 0 74 60.
51096 64 0 85 73.
51100 104 0 63 58.
51192 112 0 82 72.
51288 100 0 82 53.
51372 112 0 82 48.
51472 128 0 69 46.
51568 100 0 85 60.
51660 104 0 81 41.
51756 80 0 90 53.
52028 64 0 92 48.
52296 56 0 74 55.
52364 96 0 67 56.
52404 60 0 68 55.
52464 60 0 84 53.
52520 64 0 67 41.
52580 48 0 74 43.
52588 156 0 88 56.
52908 216 0 84 53.
53472 108 0 82 61.
53488 20 0 74 53.
53496 56 0 56 46.
53500 40 0 59 41.
53780 100 0 93 73.
53792 24 0 77 65.
53800 52 0 59 46.
53804 20 0 49 70.
54060 128 0 95 85.
54072 64 0 87 77.
54076 40 0 69 65.
54088 52 0 46 58.
54356 220 0 94 85.
54368 124 0 84 76.
54372 180 0 67 82.
54380 76 0 62 67.
54384 100 0 34 58.
54700 248 0 85 84.
54716 264 0 64 77.
54724 252 0 40 68.
55184 60 0 64 68.
55308 80 0 67 68.
55324 804 0 58 65.
55336 820 0 43 49.
55396 84 0 69 70.
55484 68 0 72 72.
55564 68 0 70 70.
55648 348 0 56 55.
55720 72 0 70 70.
55800 80 0 74 72.
55960 88 0 76 72.
56204 100 0 75 70.
56320 268 0 59 64.
56320 624 0 53 48.
56680 264 0 52 60.
57300 52 0 58 63.
57428 92 0 90 87.
57708 92 0 65 80.
57804 76 0 79 94.
57908 68 0 64 75.
57996 92 0 78 87.
58004 24 0 60 71.
58096 112 0 69 68.
58192 112 0 62 66.
58276 132 0 82 78.
58396 88 0 74 59.
58476 112 0 71 56.
58572 108 0 75 54.
58660 60 0 73 51.
58760 92 0 84 47.
58848 100 0 72 44.
58940 104 0 81 58.
58960 96 0 71 42.
59040 60 0 71 39.
59160 76 0 86 51.
59440 80 0 79 46.
59712 56 0 66 53.
59888 56 0 87 51.
59940 92 0 82 53.
60004 124 0 86 54.
60340 172 0 80 51.
61020 92 0 94 60.
61024 36 0 82 48.
61024 48 0 69 51.
61036 24 0 57 33.
61044 40 0 32 45.
61320 100 0 100 72.
61328 64 0 67 66.
61332 28 0 62 45.
61332 64 0 59 57.
61624 100 0 86 72.
61628 104 0 72 75.
61632 96 0 54 63.
61636 64 0 57 57.
61960 212 0 70 73.
61964 168 0 58 70.
61972 148 0 45 58.
62300 256 0 84 84.
62324 264 0 56 77.
62324 240 0 36 68.
62964 824 0 53 65.
62988 868 0 44 49.
63284 72 0 72 72.
63512 80 0 72 70.
63644 152 0 59 53.
63680 80 0 75 70.
63852 104 0 72 70.
63956 252 0 70 72.
63972 1048 0 48 55.
65176 52 0 55 44.
65180 84 0 66 72.
65484 72 0 53 51.
65784 56 0 61 68.
65984 80 0 85 84.
66092 60 0 75 73.
66104 168 0 77 68.
66124 336 0 56 58.
66196 72 0 85 84.
66296 84 0 70 82.
66392 40 0 57 67.
66496 124 0 82 79.
66704 60 0 53 51.
66800 76 0 72 75.
67008 64 0 50 44.
67092 88 0 69 73.
67308 80 0 56 51.
67616 56 0 65 68.
67920 196 0 80 68.
67928 352 0 53 58.
68120 92 0 68 82.
68224 52 0 66 67.
68332 124 0 74 79.
68424 96 0 68 82.
68524 52 0 54 51.
68836 72 0 71 72.
68932 100 0 67 73.
69032 96 0 77 74.
69128 52 0 74 77.
69324 104 0 82 79.
69444 780 0 54 56.
69528 80 0 74 80.
69624 124 0 76 83.
69756 412 0 64 60.
69844 84 0 81 84.
69940 100 0 81 86.
70132 88 0 77 87.
70612 104 0 61 32.
70720 88 0 85 94.
70824 156 0 83 90.
70952 208 0 53 51.
71224 88 0 72 78.
71532 292 0 53 66.
71724 84 0 67 70.
71836 68 0 68 69.
71928 104 0 65 70.
72252 76 0 56 68.
72488 76 0 60 65.
72588 92 0 61 66.
72804 64 0 56 44.
73108 48 0 66 61.
73120 28 0 63 53.
73428 156 0 77 61.
73436 368 0 56 51.
73624 100 0 75 75.
73736 52 0 64 60.
73828 132 0 84 72.
73932 100 0 71 75.
74044 88 0 49 44.
74376 64 0 53 37.
74656 80 0 55 44.
74944 72 0 70 61.
75128 84 0 75 77.
75240 200 0 86 61.
75244 68 0 65 66.
75448 96 0 74 75.
75552 76 0 80 60.
75564 88 0 62 73.
75764 80 0 70 75.
75860 72 0 64 70.
76172 32 0 48 37.
76260 96 0 61 66.
76476 232 0 50 49.
76560 84 0 67 68.
76652 104 0 81 72.
77044 64 0 81 79.
77060 72 0 53 58.
77336 60 0 74 84.
77940 88 0 85 91.
77952 68 0 55 39.
78052 104 0 72 89.
78256 92 0 65 82.
78352 32 0 68 79.
78448 68 0 79 77.
78544 100 0 63 73.
78876 80 0 71 68.
78984 52 0 57 69.
79284 176 0 69 68.
79396 72 0 70 67.
79488 68 0 70 65.
79692 68 0 67 61.
79824 64 0 67 60.
79952 88 0 65 67.
80040 36 0 65 70.
80144 60 0 78 72.
80440 92 0 85 85.
80448 84 0 69 65.
80548 84 0 74 79.
80652 56 0 70 73.
80756 144 0 84 72.
80760 296 0 73 65.
80864 112 0 66 79.
80952 56 0 65 82.
81072 72 0 82 84.
81164 88 0 82 91.
81256 68 0 83 96.
81372 96 0 88 97.
81384 156 0 83 77.
81572 64 0 79 85.
81688 140 0 82 84.
81692 284 0 84 77.
81780 92 0 81 91.
81872 100 0 94 96.
81992 180 0 77 94.
82188 40 0 77 84.
82304 68 0 78 84.
82312 112 0 74 36.
82508 72 0 63 79.
82604 44 0 73 72.
82616 180 0 64 38.
82712 60 0 72 72.
82804 140 0 65 70.
82912 116 0 61 39.
82912 120 0 72 51.
83012 36 0 61 60.
83100 76 0 76 60.
83212 104 0 61 58.
83240 44 0 63 40.
83536 68 0 60 41.
83648 108 0 63 60.
83852 76 0 76 65.
84144 96 0 83 78.
84148 56 0 61 58.
84440 428 0 72 63.
84448 284 0 64 58.
84640 60 0 69 75.
84740 96 0 63 57.
84848 116 0 83 84.
84944 56 0 88 89.
85044 104 0 89 90.
85068 204 0 79 70.
85256 68 0 73 78.
85376 176 0 87 77.
85380 352 0 85 70.
85472 100 0 83 84.
85568 100 0 87 89.
85680 48 0 81 69.
85796 96 0 79 84.
85996 104 0 68 29.
86016 60 0 71 77.
86304 56 0 70 65.
86316 132 0 65 31.
86404 76 0 66 65.
86488 156 0 63 63.
86596 84 0 67 60.
86604 172 0 72 44.
86800 72 0 71 53.
86908 100 0 74 45.
86992 88 0 75 48.
87220 72 0 61 34.
87440 72 0 78 64.
87544 240 0 64 53.
87624 72 0 78 65.
87720 76 0 76 69.
87828 80 0 75 70.
87836 136 0 53 58.
87932 96 0 76 72.
88040 64 0 75 73.
88120 236 0 62 58.
88140 68 0 77 63.
88232 64 0 73 73.
88336 76 0 73 72.
88432 128 0 70 70.
88524 60 0 78 69.
88624 64 0 73 72.
88724 84 0 67 66.
88816 76 0 72 65.
89016 120 0 71 61.
89052 76 0 54 34.
89336 220 0 60 53.
89424 84 0 83 65.
89520 76 0 88 69.
89620 232 0 74 53.
89636 216 0 57 49.
89724 104 0 83 72.
89940 68 0 77 63.
89944 364 0 76 48.
90040 72 0 79 73.
90236 148 0 71 70.
90344 64 0 70 69.
90544 72 0 69 66.
90856 92 0 83 62.
90980 120 0 62 65.
91060 140 0 62 68.
91164 52 0 68 72.
91272 84 0 73 74.
91356 100 0 80 77.
91548 252 0 86 84.
91636 56 0 45 53.
91756 32 0 71 68.
92168 84 0 79 84.
92260 160 0 71 80.
92472 48 0 69 74.
92568 56 0 76 72.
92680 64 0 73 71.
92784 88 0 82 72.
92884 72 0 65 73.
92980 92 0 82 74.
93284 88 0 88 77.
93296 100 0 78 65.
93496 76 0 78 79.
93588 164 0 70 68.
93596 96 0 67 65.
93792 88 0 83 80.
93912 220 0 51 63.
93916 92 0 56 67.
94016 88 0 74 80.
94132 60 0 74 79.
94212 40 0 52 65.
94232 52 0 67 78.
94556 104 0 67 75.
94752 132 0 64 78.
94860 52 0 71 80.
94884 28 0 57 55.
95180 72 0 62 72.
95276 92 0 76 86.
95496 80 0 83 77.
95504 276 0 50 62.
95596 64 0 76 87.
95700 88 0 77 86.
95804 88 0 87 84.
95908 76 0 88 83.
96012 84 0 82 86.
96116 84 0 81 80.
96224 84 0 82 79.
96320 112 0 80 77.
96432 48 0 62 48.
96536 100 0 80 77.
96844 72 0 87 79.
96948 76 0 82 83.
97056 80 0 87 84.
97080 84 0 63 72.
97160 88 0 77 86.
97272 72 0 77 87.
97372 84 0 79 77.
97384 188 0 80 72.
97396 272 0 61 62.
97492 72 0 74 87.
97692 60 0 64 71.
97704 140 0 73 84.
97808 80 0 72 83.
98020 40 0 60 55.
98332 60 0 69 75.
98432 84 0 82 76.
98632 136 0 73 82.
98668 188 0 61 55.
98832 68 0 87 88.
98952 544 0 53 58.
99048 72 0 78 97.
99152 68 0 77 87.
99232 252 0 56 70.
99252 80 0 82 88.
99360 92 0 77 94.
99464 72 0 81 84.
99676 64 0 69 88.
99972 56 0 75 88.
100064 92 0 78 78.
100148 60 0 44 58.
100176 92 0 81 79.
100196 24 0 66 64.
100300 68 0 74 85.
100588 76 0 68 82.
100904 68 0 66 76.
101200 60 0 79 76.
101292 156 0 87 72.
101400 100 0 77 70.
102072 84 0 65 53.
102180 108 0 50 44.
102284 144 0 66 59.
102288 104 0 63 47.
102396 28 0 56 49.
102500 80 0 80 60.
102600 88 0 63 52.
102708 80 0 74 65.
102816 108 0 73 67.
102912 80 0 68 56.
103064 48 0 40 46.
103140 96 0 70 49.
103240 100 0 74 52.
103344 72 0 73 68.
103448 80 0 53 55.
103556 76 0 61 57.
103648 108 0 67 58.
103752 100 0 80 72.
103760 144 0 65 60.
103852 84 0 80 73.
103964 100 0 75 51.
104060 80 0 77 66.
104064 108 0 64 54.
104164 132 0 84 69.
104276 64 0 77 73.
104376 96 0 76 60.
104468 76 0 73 73.
104476 88 0 71 61.
104592 124 0 67 63.
104676 100 0 81 77.
104780 76 0 79 78.
104896 108 0 65 58.
104984 88 0 80 73.
105088 132 0 84 76.
105104 84 0 73 64.
105188 72 0 80 78.
105300 76 0 70 65.
105404 64 0 78 81.
105500 76 0 77 82.
105600 132 0 80 84.
105808 132 0 67 70.
105908 88 0 80 85.
106012 124 0 84 88.
106032 84 0 70 76.
106116 72 0 84 92.
106220 92 0 77 79.
106328 92 0 73 80.
106432 88 0 76 82.
106536 96 0 81 84.
106628 96 0 85 85.
106632 88 0 88 97.
106748 116 0 87 96.
106844 208 0 85 94.
106952 92 0 71 80.
107064 96 0 73 79.
107156 112 0 82 89.
107168 96 0 76 77.
107268 148 0 65 75.
107376 108 0 83 85.
107480 88 0 86 84.
107576 128 0 76 82.
107588 116 0 62 70.
107696 80 0 58 68.
107780 112 0 70 67.
107796 96 0 83 79.
107904 100 0 83 77.
108008 96 0 80 75.
108112 104 0 75 73.
108228 84 0 64 60.
108324 112 0 53 58.
108532 100 0 70 55.
108640 84 0 73 65.
108740 100 0 70 63.
108848 88 0 68 61.
108956 96 0 56 48.
109052 208 0 51 46.
109060 88 0 64 58.
109164 92 0 63 56.
109272 84 0 70 58.
109380 120 0 68 63.
109484 36 0 67 55.
109644 232 0 48 39.
126908 68 0 47 44.
127020 32 0 45 51.
127104 68 0 44 56.
127212 452 0 51 60.
127692 96 0 64 68.
127816 68 0 66 51.
128104 64 0 64 70.
128220 84 0 69 73.
128308 100 0 75 77.
128716 60 0 64 56.
128812 88 0 54 51.
128908 116 0 65 68.
129036 508 0 75 72.
129560 212 0 43 56.
129708 128 0 72 63.
129716 84 0 63 51.
130008 72 0 62 70.
130120 84 0 64 73.
130208 84 0 78 77.
130328 72 0 75 75.
130620 68 0 52 44.
130736 68 0 67 51.
130840 128 0 69 68.
130960 112 0 61 60.
131116 120 0 77 74.
131264 116 0 75 75.
131616 300 0 73 70.
131948 132 0 82 75.
132844 156 0 74 80.
133068 276 0 70 77.
133596 80 0 34 58.
133704 80 0 60 63.
133816 56 0 54 67.
133908 100 0 76 70.
134068 304 0 48 51.
134748 60 0 65 56.
134856 76 0 73 63.
134960 72 0 57 56.
135084 440 0 69 72.
135572 72 0 46 56.
135720 88 0 67 51.
136036 76 0 61 70.
136136 84 0 60 61.
136240 92 0 74 77.
136664 60 0 71 56.
136764 96 0 68 63.
136864 100 0 65 68.
136988 476 0 71 72.
137492 120 0 58 68.
137632 112 0 70 63.
137928 68 0 62 70.
138032 88 0 71 73.
138144 104 0 76 77.
138260 140 0 45 63.
138620 140 0 60 68.
138652 108 0 40 56.
138996 112 0 74 80.
139212 124 0 84 80.
139448 616 0 55 68.
140260 176 0 67 82.
140400 24 0 44 68.
140404 104 0 74 80.
140524 56 0 75 79.
140544 48 0 49 67.
140592 64 0 65 80.
140652 176 0 74 79.
141016 196 0 69 70.
141276 72 0 68 72.
141376 148 0 46 61.
141540 180 0 56 65.
141696 148 0 69 75.
141984 76 0 65 75.
143024 88 0 71 75.
143040 224 0 46 59.
143132 92 0 74 76.
143340 232 0 69 73.
143340 232 0 44 61.
143644 100 0 72 75.
143668 40 0 44 59.
143952 76 0 80 76.
143968 24 0 56 64.
144220 64 0 70 78.
144228 64 0 51 63.
144316 440 0 74 80.
144328 412 0 54 68.
144968 84 0 73 75.
144988 256 0 41 59.
145072 96 0 75 76.
145272 132 0 65 73.
145280 160 0 35 58.
145580 84 0 69 75.
145600 36 0 47 71.
145904 56 0 58 73.
145916 40 0 55 64.
146268 524 0 74 73.
146276 552 0 42 61.
146784 24 0 48 54.
146948 80 0 76 75.
146964 276 0 38 59.
147052 100 0 78 76.
147132 88 0 81 75.
147236 272 0 77 73.
147240 56 0 57 61.
147240 56 0 49 58.
147560 52 0 47 63.
147568 24 0 51 59.
147876 92 0 82 76.
147884 52 0 57 64.
148196 76 0 77 78.
148204 44 0 45 63.
148320 384 0 82 80.
148340 28 0 59 76.
148908 68 0 60 51.
149116 40 0 31 67.
149216 44 0 60 75.
149248 84 0 66 79.
149328 608 0 77 82.
149808 144 0 32 39.
152240 116 0 62 75.
152624 616 0 82 84.
153240 204 0 68 80.
153468 84 0 63 74.
153484 76 0 48 62.
153572 68 0 59 65.
153664 76 0 51 67.
153884 80 0 81 75.
154228 64 0 80 87.
154588 624 0 76 84.
155228 188 0 64 80.
155440 96 0 68 74.
155564 76 0 76 77.
155660 80 0 47 67.
155756 124 0 72 77.
156216 64 0 62 63.
156588 616 0 70 84.
156616 596 0 46 72.
157212 168 0 50 68.
157380 140 0 67 74.
157544 104 0 73 77.
157660 96 0 74 79.
157756 112 0 81 77.
157872 88 0 74 75.
158212 104 0 78 87.
158580 620 0 80 84.
159184 144 0 74 80.
159332 176 0 69 74.
159520 116 0 71 77.
159660 92 0 68 79.
159772 120 0 68 77.
159912 588 0 62 75.
160624 32 0 44 68.
160628 60 0 47 44.
160720 96 0 68 79.
160888 32 0 86 87.
160900 52 0 34 51.
161144 44 0 45 60.
161400 84 0 80 87.
161412 60 0 48 44.
161680 60 0 28 60.
161928 32 0 40 60.
162160 28 0 42 68.
162164 56 0 47 44.
162404 32 0 87 87.
162416 52 0 34 51.
162660 28 0 47 60.
162916 80 0 81 87.
162924 64 0 48 44.
163196 36 0 36 60.
163448 24 0 41 60.
163648 116 0 70 75.
163676 60 0 48 44.
163904 28 0 78 87.
163916 52 0 37 60.
164164 56 0 38 51.
164396 120 0 74 82.
164416 80 0 43 44.
164680 56 0 40 60.
164716 64 0 69 80.
164912 36 0 36 60.
165128 100 0 82 87.
165156 76 0 45 44.
165396 68 0 40 51.
165432 76 0 64 80.
165648 24 0 24 60.
165872 88 0 50 44.
166156 60 0 32 60.
166416 28 0 42 60.
166652 60 0 44 44.
166736 60 0 83 96.
166804 84 0 72 94.
166896 72 0 80 93.
166912 68 0 40 51.
166972 60 0 77 94.
167052 76 0 73 90.
167128 56 0 73 92.
167168 40 0 38 51.
167188 56 0 72 91.
167260 44 0 77 94.
167348 52 0 73 94.
167396 192 0 68 87.
167412 96 0 45 44.
167660 64 0 51 60.
167744 60 0 65 89.
167824 60 0 79 91.
167908 64 0 75 92.
167920 44 0 44 51.
167992 68 0 71 94.
168076 52 0 79 96.
168164 60 0 77 94.
168248 56 0 82 96.
168324 72 0 77 94.
168412 60 0 76 93.
168432 60 0 41 51.
168488 56 0 69 94.
168568 68 0 73 90.
168644 52 0 68 92.
168676 28 0 37 51.
168712 64 0 69 91.
168784 72 0 70 94.
168876 116 0 77 87.
168904 76 0 44 44.
169116 48 0 57 60.
169212 68 0 76 89.
169284 72 0 72 87.
169360 76 0 67 84.
169444 72 0 71 85.
169520 68 0 79 86.
169616 84 0 54 54.
169708 76 0 84 89.
169784 80 0 76 87.
169888 236 0 39 63.
169940 60 0 67 87.
170024 68 0 74 83.
170112 52 0 44 68.
170112 48 0 40 60.
170172 56 0 70 84.
170236 48 0 72 87.
170332 52 0 73 87.
170364 68 0 60 53.
170612 248 0 36 61.
170816 28 0 56 53.
170828 76 0 73 85.
170908 72 0 77 87.
170992 56 0 82 89.
171072 64 0 82 87.
171236 76 0 77 87.
171328 64 0 74 86.
171368 192 0 17 63.
171548 72 0 67 85.
171628 56 0 71 84.
171692 68 0 69 87.
171788 140 0 82 80.
171936 48 0 68 82.
172004 88 0 75 84.
172076 196 0 40 56.
172080 272 0 45 61.
172156 56 0 77 87.
172228 80 0 81 89.
172332 56 0 55 53.
172388 72 0 84 91.
172584 144 0 99 98.
172740 84 0 83 97.
172824 84 0 85 95.
172912 232 0 57 68.
172920 228 0 59 62.
173000 84 0 78 92.
173164 72 0 78 88.
173248 64 0 77 86.
173324 68 0 76 85.
173412 68 0 80 83.
173496 52 0 70 81.
173580 64 0 59 80.
173664 76 0 62 78.
173740 72 0 74 76.
173828 72 0 73 74.
173912 80 0 68 73.
173992 60 0 66 71.
174072 80 0 63 69.
174188 224 0 64 68.
174200 608 0 43 59.
174812 68 0 82 74.
175104 256 0 46 68.
175128 384 0 43 60.
175372 224 0 78 75.
175632 100 0 43 61.
175636 96 0 34 58.
175892 180 0 57 68.
176152 56 0 40 51.
176252 104 0 59 63.
176356 40 0 58 68.
176460 56 0 75 72.
176564 80 0 77 75.
176668 68 0 73 80.
176776 64 0 77 75.
176876 140 0 75 80.
177000 64 0 57 73.
177096 96 0 84 84.
177228 140 0 86 85.
177468 48 0 85 84.
177488 232 0 48 75.
177552 92 0 77 85.
177708 196 0 62 82.
177724 220 0 34 73.
177992 220 0 36 72.
178200 44 0 79 79.
178220 248 0 45 70.
178284 76 0 70 80.
178444 280 0 80 82.
178708 160 0 73 75.
178732 140 0 44 67.
178948 56 0 73 75.
179020 64 0 69 67.
179112 84 0 67 75.
179196 40 0 78 82.
179436 68 0 73 87.
179448 44 0 54 85.
179520 80 0 73 79.
179608 72 0 61 87.
179692 40 0 77 94.
179964 224 0 51 73.
180208 164 0 64 67.
180216 392 0 35 58.
180448 44 0 57 75.
180516 56 0 71 67.
180912 72 0 70 87.
181092 24 0 43 85.
181176 240 0 58 63.
181428 48 0 42 61.
181432 164 0 60 73.
181700 88 0 59 72.
181956 64 0 70 60.
182036 84 0 71 61.
182120 48 0 67 63.
182200 60 0 74 65.
182288 64 0 57 58.
182368 124 0 70 68.
182460 72 0 62 61.
182536 72 0 47 63.
182620 60 0 59 65.
182700 48 0 74 75.
182776 64 0 84 77.
182864 104 0 86 79.
182952 80 0 74 72.
183024 36 0 73 82.
183032 64 0 71 73.
183108 64 0 66 84.
183448 56 0 63 75.
183524 56 0 70 77.
183696 204 0 74 87.
183704 244 0 58 73.
183948 76 0 79 80.
183972 220 0 56 72.
184204 64 0 48 70.
184288 84 0 76 80.
184348 112 0 45 70.
184372 72 0 82 79.
184464 224 0 51 68.
184732 152 0 48 67.
184988 60 0 77 75.
185060 64 0 75 67.
185148 84 0 69 75.
185236 44 0 81 82.
185468 72 0 82 87.
185476 52 0 69 85.
185552 80 0 70 79.
185640 72 0 77 87.
185728 48 0 78 94.
186008 56 0 37 61.
186020 48 0 39 58.
186268 224 0 70 68.
186528 304 0 74 63.
186600 72 0 68 70.
186684 108 0 62 75.
186800 20 0 38 61.
187040 60 0 66 43.
187128 88 0 75 82.
187216 80 0 72 87.
187304 36 0 82 94.
187556 48 0 60 73.
187560 56 0 50 61.
187576 60 0 47 51.
187824 96 0 83 84.
187832 44 0 61 72.
188112 276 0 70 64.
188120 300 0 38 56.
188180 104 0 82 96.
188356 60 0 82 89.
188436 80 0 71 87.
188516 76 0 82 86.
188644 376 0 66 62.
188652 592 0 43 58.
188736 80 0 61 82.
188812 88 0 73 80.
188896 56 0 79 79.
189176 52 0 64 63.
189184 80 0 72 75.
189276 56 0 71 82.
189348 48 0 61 70.
189444 48 0 70 42.
189672 72 0 82 93.
189696 376 0 56 58.
189936 188 0 75 63.
190208 280 0 52 54.
190212 24 0 63 60.
190296 96 0 60 80.
190384 68 0 67 78.
190532 68 0 65 75.
190608 64 0 53 77.
190732 60 0 65 61.
190736 72 0 69 73.
190744 60 0 54 53.
190824 116 0 65 80.
191000 60 0 72 41.
191228 64 0 77 90.
191256 348 0 56 53.
191508 136 0 74 62.
191764 68 0 76 83.
191776 544 0 65 55.
191860 80 0 69 80.
191948 68 0 72 79.
192032 60 0 72 77.
192108 80 0 68 75.
192200 68 0 77 74.
192284 72 0 78 72.
192544 432 0 62 56.
192548 380 0 56 44.
192792 68 0 81 72.
192948 88 0 69 65.
193048 108 0 68 55.
193300 416 0 64 53.
193528 76 0 65 68.
193696 68 0 72 62.
193792 164 0 63 53.
193808 144 0 57 41.
193868 64 0 78 72.
193948 52 0 75 60.
194028 36 0 59 53.
194044 68 0 76 68.
194132 52 0 74 72.
194204 48 0 64 60.
194296 52 0 77 68.
194300 68 0 56 35.
194464 64 0 88 77.
194548 76 0 73 75.
194556 44 0 58 36.
194628 44 0 75 72.
194700 56 0 73 63.
194796 64 0 72 70.
194812 48 0 60 43.
194880 52 0 71 74.
194956 56 0 64 62.
195044 64 0 81 70.
195056 184 0 72 49.
195128 64 0 83 76.
195220 56 0 82 79.
195312 60 0 71 50.
195380 60 0 70 74.
195464 52 0 66 65.
195552 52 0 68 57.
195568 36 0 48 45.
195808 160 0 76 51.
195812 124 0 60 39.
196072 84 0 82 79.
196072 84 0 64 52.
196152 52 0 72 76.
196228 44 0 66 67.
196316 504 0 59 61.
196320 428 0 59 64.
196488 128 0 70 73.
196584 44 0 68 76.
196748 60 0 67 82.
196836 72 0 83 83.
196860 68 0 50 59.
197004 72 0 63 71.
197100 56 0 68 59.
197168 68 0 69 78.
197340 60 0 81 74.
197360 108 0 70 53.
197416 68 0 72 80.
197508 60 0 82 83.
197600 68 0 74 81.
197600 40 0 57 42.
197668 68 0 67 78.
197752 64 0 70 69.
197840 60 0 81 61.
197852 52 0 61 49.
197928 104 0 73 80.
198028 80 0 65 68.
198092 156 0 86 55.
198096 196 0 79 43.
198272 48 0 72 85.
198352 88 0 71 56.
198360 152 0 83 83.
198448 60 0 71 80.
198600 64 0 73 63.
198616 52 0 58 51.
198852 64 0 82 78.
198856 112 0 73 57.
198864 24 0 65 45.
198936 64 0 74 84.
199036 24 0 39 85.
199112 96 0 77 85.
199116 112 0 71 58.
199188 60 0 61 82.
199388 296 0 47 70.
199396 380 0 55 60.
199448 96 0 82 76.
199536 40 0 78 79.
199696 72 0 72 88.
199852 68 0 87 89.
199864 76 0 58 65.
199928 72 0 82 96.
200120 128 0 89 95.
200144 112 0 57 73.
200216 84 0 87 91.
200296 52 0 75 89.
200372 180 0 88 96.
200392 28 0 48 89.
200400 44 0 40 88.
200632 208 0 74 93.
200640 64 0 68 77.
200724 84 0 83 89.
200888 208 0 60 82.
200900 200 0 50 70.
201036 52 0 69 86.
201128 64 0 76 85.
201144 64 0 71 75.
201228 84 0 59 82.
201296 72 0 77 85.
201388 192 0 62 80.
201392 200 0 84 92.
201408 176 0 63 68.
201556 52 0 64 84.
201656 164 0 77 89.
201664 60 0 73 83.
201732 72 0 58 80.
201908 204 0 77 90.
201916 76 0 77 82.
202076 68 0 61 82.
202164 108 0 74 87.
202176 56 0 62 71.
202268 72 0 52 83.
202424 112 0 81 88.
202436 200 0 69 64.
202520 88 0 78 83.
202584 64 0 65 80.
202676 104 0 71 85.
202688 60 0 76 79.
202764 72 0 73 81.
202840 60 0 78 79.
202856 24 0 45 69.
202932 196 0 63 74.
202952 28 0 59 62.
203024 100 0 63 81.
203100 72 0 67 78.
203196 76 0 60 67.
203280 80 0 82 79.
203360 44 0 48 67.
203448 204 0 84 84.
203456 200 0 62 72.
203476 192 0 46 60.
203708 136 0 63 81.
203728 68 0 63 75.
203808 76 0 59 72.
203868 64 0 58 75.
203964 132 0 75 82.
203976 56 0 78 74.
203988 248 0 39 58.
204056 56 0 65 77.
204204 72 0 70 73.
204224 56 0 58 63.
204304 80 0 53 70.
204392 48 0 54 63.
204460 60 0 77 72.
204484 240 0 51 56.
204540 68 0 61 75.
204608 52 0 60 72.
204708 148 0 80 77.
204720 56 0 67 71.
204808 80 0 55 68.
204964 176 0 77 78.
204972 68 0 76 70.
204996 188 0 48 54.
205060 32 0 62 73.
205420 48 0 68 64.
205504 48 0 68 66.
205592 108 0 71 70.
205764 48 0 82 76.
205844 100 0 79 78.
206096 56 0 82 88.
206180 76 0 90 100.
206276 100 0 83 99.
206464 44 0 67 95.
206536 76 0 73 94.
206624 84 0 79 92.
206712 76 0 75 90.
206804 72 0 74 88.
206808 212 0 54 64.
207060 456 0 51 63.
207148 76 0 67 87.
207484 84 0 71 80.
207824 72 0 57 42.
207908 76 0 70 82.
207984 116 0 71 87.
208080 48 0 51 54.
208168 60 0 85 88.
208252 72 0 82 94.
208348 56 0 85 99.
208352 112 0 49 61.
208520 60 0 74 88.
208616 56 0 78 97.
208628 152 0 48 63.
208712 60 0 78 95.
208876 64 0 83 95.
208884 352 0 55 65.
209056 32 0 65 85.
209152 56 0 64 87.
209236 60 0 67 85.
209320 60 0 68 77.
209432 296 0 47 66.
209504 76 0 73 87.
209956 180 0 54 64.
209960 228 0 47 58.
210036 72 0 71 80.
210228 620 0 48 63.
210312 72 0 70 75.
210404 64 0 67 73.
210488 60 0 68 71.
210576 76 0 68 70.
210660 108 0 70 68.
210764 100 0 68 66.
211024 52 0 70 64.
211116 64 0 72 70.
211200 108 0 77 75.
211292 44 0 58 54.
211376 48 0 79 76.
211456 80 0 77 82.
211552 84 0 81 87.
211564 140 0 60 64.
211572 120 0 46 58.
211828 76 0 78 85.
211832 664 0 52 56.
212104 376 0 67 65.
212380 72 0 72 82.
212476 60 0 69 80.
212564 36 0 57 73.
212656 68 0 73 78.
212660 200 0 46 58.
212744 68 0 59 82.
212824 40 0 67 78.
212920 64 0 77 80.
212940 256 0 48 56.
213092 40 0 73 80.
213192 60 0 81 82.
213196 104 0 50 58.
213276 80 0 65 85.
213360 56 0 67 82.
213444 64 0 74 62.
213448 100 0 76 59.
213528 60 0 73 86.
213648 28 0 70 64.
213724 68 0 80 86.
213760 164 0 51 62.
213820 64 0 64 90.
213996 64 0 74 83.
214256 64 0 75 82.
214268 568 0 53 54.
214524 328 0 54 56.
214604 64 0 79 83.
214680 68 0 73 80.
214772 68 0 80 82.
214784 144 0 56 58.
215028 72 0 88 83.
215036 52 0 56 59.
215128 48 0 76 86.
215204 72 0 86 83.
215296 352 0 79 68.
215300 340 0 73 62.
215396 60 0 69 86.
215480 72 0 69 81.
215568 68 0 69 80.
215732 60 0 68 79.
215836 84 0 72 78.
216104 68 0 74 80.
216116 176 0 60 59.
216196 60 0 67 83.
216348 216 0 53 58.
216356 64 0 73 82.
216520 56 0 75 82.
216624 100 0 66 62.
216796 48 0 78 83.
216824 36 0 69 64.
216888 64 0 84 86.
216912 360 0 66 62.
216980 76 0 65 90.
217332 64 0 75 83.
217424 72 0 77 82.
217428 184 0 49 58.
217684 64 0 69 80.
217692 188 0 60 59.
217944 140 0 62 61.
217956 112 0 49 58.
218212 64 0 77 83.
218220 80 0 51 59.
218232 76 0 54 53.
218504 408 0 65 68.
219064 52 0 50 61.
219124 28 0 56 70.
219404 80 0 50 42.
220640 40 0 51 54.
220740 52 0 54 70.
220996 60 0 65 73.
222216 48 0 62 78.
222328 64 0 49 61.
222332 56 0 70 85.
222428 60 0 53 65.
222472 52 0 67 85.
222512 100 0 57 66.
222528 56 0 68 87.
222588 56 0 68 85.
222636 372 0 76 73.
222648 56 0 69 87.
222704 52 0 67 85.
222816 44 0 63 85.
222920 36 0 65 85.
223052 60 0 56 87.
223168 56 0 57 87.
223196 104 0 65 73.
223384 68 0 62 66.
223404 64 0 59 85.
223472 52 0 64 87.
223532 52 0 67 85.
223556 80 0 63 66.
223584 60 0 54 87.
223648 44 0 65 61.
223740 36 0 70 54.
223772 44 0 68 85.
224016 64 0 65 61.
224108 64 0 68 65.
224160 64 0 62 87.
224312 360 0 73 73.
224396 60 0 56 87.
224504 56 0 50 87.
224676 44 0 61 85.
224792 44 0 54 85.
224860 108 0 52 73.
224904 48 0 67 85.
224960 72 0 60 87.
225032 48 0 51 85.
225128 72 0 52 85.
225174 204 0 49 68.
225216 56 0 64 86.
225380 52 0 59 87.
225484 52 0 49 87.
225498 168 0 50 62.
225540 52 0 63 86.
225660 40 0 56 86.
225732 68 0 48 54.
225768 48 0 64 86.
226496 88 0 52 47.
226584 76 0 72 87.
226668 52 0 63 59.
226772 436 0 66 63.
226868 48 0 70 83.
226948 64 0 67 75.
227044 56 0 71 71.
227128 72 0 73 78.
227204 36 0 64 59.
227212 44 0 76 71.
227316 60 0 85 70.
227324 200 0 60 54.
227408 68 0 70 80.
227484 52 0 61 70.
227580 52 0 75 76.
227680 24 0 62 64.
227752 52 0 72 78.
227852 60 0 72 66.
228136 60 0 70 47.
228216 68 0 60 54.
228224 80 0 75 87.
228308 80 0 77 78.
228400 392 0 74 63.
228484 60 0 74 83.
228564 44 0 58 75.
228648 52 0 76 71.
228736 92 0 69 78.
228812 52 0 69 59.
228936 184 0 56 54.
229000 64 0 73 80.
229168 52 0 75 76.
229256 48 0 72 78.
229344 48 0 67 78.
229440 80 0 77 78.
229528 76 0 86 90.
229616 52 0 72 78.
229716 60 0 69 78.
229804 76 0 77 87.
229884 60 0 62 59.
230064 80 0 76 83.
230148 28 0 64 75.
230236 56 0 73 71.
230320 152 0 69 78.
230496 72 0 69 66.
230588 68 0 68 75.
230664 52 0 68 66.
230756 68 0 67 63.
230856 60 0 69 71.
230932 76 0 65 63.
231028 64 0 65 59.
231116 48 0 66 71.
231204 36 0 71 59.
231280 192 0 71 35.
231368 92 0 69 42.
231556 60 0 71 51.
231648 72 0 72 59.
231736 40 0 69 54.
231836 56 0 67 59.
231928 48 0 72 71.
232016 100 0 73 63.
232200 64 0 81 71.
232292 52 0 81 83.
232380 76 0 77 75.
232556 36 0 80 83.
232952 88 0 58 51.
233024 84 0 74 90.
233112 56 0 74 82.
233212 52 0 71 78.
233296 80 0 74 87.
233384 64 0 70 78.
233480 80 0 68 75.
233604 116 0 75 63.
233640 56 0 79 75.
233748 48 0 77 74.
233836 64 0 77 83.
234000 72 0 79 80.
234088 52 0 74 82.
234176 60 0 76 71.
234276 64 0 77 82.
234592 40 0 67 51.
234652 84 0 74 90.
234744 72 0 70 82.
234832 64 0 77 78.
235228 100 0 65 63.
235360 224 0 65 58.
235452 72 0 76 83.
235528 40 0 70 74.
235632 48 0 65 65.
235716 64 0 69 68.
235804 52 0 65 82.
235904 56 0 75 70.
235996 56 0 74 94.
236076 52 0 75 82.
236164 60 0 64 51.
236180 56 0 75 82.
236264 80 0 77 90.
236336 72 0 71 63.
236356 76 0 73 82.
236444 52 0 76 66.
236872 68 0 70 75.
238448 36 0 67 68.
238632 52 0 76 84.
238716 72 0 79 75.
238804 112 0 75 78.
238980 60 0 84 84.
239064 68 0 83 85.
239156 68 0 85 86.
239240 84 0 84 87.
239344 72 0 83 80.
239360 60 0 63 49.
239432 84 0 89 89.
239520 40 0 81 80.
239616 56 0 76 77.
239788 64 0 80 77.
240004 152 0 71 61.
240248 64 0 70 82.
240328 60 0 80 72.
240436 68 0 67 63.
240528 48 0 71 66.
240608 36 0 68 80.
240700 44 0 81 68.
240968 56 0 72 49.
240976 56 0 74 80.
241056 56 0 69 56.
241144 68 0 73 80.
241236 64 0 83 77.
241640 80 0 69 61.
241752 60 0 80 72.
241844 64 0 69 82.
242016 60 0 79 78.
242104 56 0 78 80.
242196 48 0 80 70.
242284 72 0 81 80.
242388 64 0 86 92.
242472 56 0 80 80.
242564 64 0 69 49.
242568 60 0 78 80.
242656 60 0 63 56.
242740 80 0 77 80.
242828 64 0 82 77.
242916 76 0 72 85.
242996 48 0 71 77.
243088 52 0 75 73.
243168 168 0 77 80.
243340 76 0 73 68.
244124 616 0 62 37.
244924 68 0 84 53.
244932 664 0 82 49.
245020 108 0 73 59.
245208 56 0 76 65.
245300 96 0 71 71.
245476 56 0 86 77.
245644 36 0 82 89.
245732 76 0 96 84.
245748 32 0 64 36.
245832 72 0 87 88.
245916 68 0 85 84.
246016 68 0 88 85.
246040 120 0 72 76.
246188 84 0 81 85.
246292 64 0 87 84.
246296 100 0 78 77.
246464 76 0 80 84.
246560 72 0 78 82.
246736 80 0 77 82.
246824 72 0 82 80.
247092 116 0 65 61.
247100 44 0 86 77.
247184 68 0 80 83.
247244 64 0 56 73.
247268 64 0 85 77.
247380 68 0 58 60.
247444 116 0 79 84.
247516 44 0 62 72.
247636 64 0 73 73.
247892 60 0 87 72.
247904 72 0 68 65.
247972 116 0 77 80.
248012 80 0 56 68.
248148 72 0 73 70.
248244 80 0 78 76.
248328 84 0 73 70.
248388 108 0 54 53.
248504 88 0 82 77.
248664 76 0 64 49.
248672 48 0 78 65.
248796 56 0 49 61.
248844 68 0 72 65.
248928 72 0 83 64.
248940 108 0 75 48.
249020 96 0 79 72.
249080 48 0 62 60.
249196 72 0 75 61.
249204 72 0 73 52.
249208 24 0 43 64.
249288 80 0 74 67.
249464 60 0 78 60.
249548 100 0 73 68.
249632 64 0 74 60.
249720 68 0 69 58.
249812 88 0 80 64.
249968 116 0 60 41.
249984 72 0 83 56.
250220 132 0 72 37.
250244 44 0 79 53.
250324 68 0 77 59.
250364 64 0 62 49.
250408 76 0 86 53.
250532 172 0 84 60.
250552 128 0 68 36.
252280 90 0 70 48.
252380 28 0 46 55.
252452 92 0 47 60.
252552 388 0 71 76.
252988 52 0 81 72.
253124 68 0 82 61.
253416 48 0 70 67.
253512 48 0 79 71.
253596 68 0 80 79.
253692 60 0 86 77.
253960 44 0 73 60.
254052 48 0 81 67.
254140 72 0 89 72.
254672 52 0 74 72.
254816 96 0 76 55.
255096 56 0 63 67.
255188 64 0 76 71.
255284 88 0 76 76.
255388 52 0 76 74.
255664 40 0 65 60.
255756 56 0 74 67.
255836 100 0 55 60.
255944 344 0 82 76.
256396 28 0 61 60.
256552 128 0 69 61.
256856 40 0 61 67.
256948 52 0 70 71.
257028 80 0 70 79.
257140 60 0 78 77.
257408 52 0 68 60.
257508 60 0 67 67.
257588 92 0 79 72.
257704 388 0 73 76.
258140 28 0 47 60.
258284 112 0 70 55.
258588 28 0 52 55.
258676 60 0 50 59.
258772 84 0 50 67.
258844 64 0 74 74.
258864 24 0 62 65.
259132 48 0 61 60.
259220 64 0 67 67.
259320 80 0 77 72.
259428 352 0 72 76.
259864 32 0 46 60.
259996 68 0 66 55.
260284 52 0 57 67.
260384 60 0 68 71.
260476 92 0 61 76.
260860 32 0 58 60.
260956 64 0 69 67.
261052 80 0 79 72.
261164 364 0 71 76.
261612 28 0 51 60.
261764 100 0 53 55.
261772 60 0 52 43.
262048 36 0 54 55.
262140 60 0 68 71.
262256 84 0 28 67.
262348 32 0 51 65.
262620 64 0 44 55.
262716 56 0 45 59.
262812 88 0 45 67.
262928 52 0 51 65.
263208 72 0 40 67.
263312 44 0 46 74.
263416 80 0 31 79.
263500 68 0 74 86.
263532 40 0 45 77.
263844 68 0 42 79.
263944 60 0 49 86.
264048 84 0 45 91.
264172 100 0 58 89.
264296 132 0 53 86.
264444 44 0 49 79.
264580 136 0 78 88.
264712 116 0 60 77.
264724 112 0 74 86.
264864 136 0 66 83.
265016 80 0 66 79.
265032 36 0 36 67.
265156 112 0 54 67.
265320 104 0 68 74.
265472 152 0 62 71.
265644 56 0 36 55.
265820 116 0 52 55.
266012 104 0 42 53.
266240 132 0 46 43.
266524 132 0 45 60.
266524 132 0 42 48.
268992 80 0 66 96.
269120 108 0 60 84.
269256 108 0 67 91.
269384 48 0 55 76.
269512 80 0 65 84.
269788 120 0 55 79.
269932 32 0 63 72.
270076 96 0 60 72.
270296 168 0 54 60.
274064 112 0 70 100.
274208 140 0 47 79.
274360 128 0 65 96.
274504 32 0 60 88.
274648 92 0 59 88.
274796 140 0 57 79.
274952 80 0 60 84.
275112 48 0 57 76.
275292 40 0 53 76.
275532 108 0 47 64.
277080 52 0 58 96.
277340 56 0 64 95.
277572 68 0 60 94.
277656 56 0 61 89.
277812 52 0 74 93.
278036 96 0 52 78.
278280 52 0 73 91.
278520 60 0 63 90.
278604 52 0 57 85.
278752 68 0 47 75.
278836 52 0 59 84.
278992 56 0 68 88.
279224 56 0 64 87.
279304 52 0 56 82.
279456 32 0 39 72.
279532 56 0 59 81.
279684 60 0 65 85.
279760 60 0 61 80.
279832 64 0 65 85.
279904 64 0 38 70.
279992 60 0 60 79.
280148 88 0 28 69.
280388 72 0 37 68.
280472 56 0 64 77.
280624 52 0 64 81.
280864 72 0 43 66.
280944 52 0 58 75.
281108 48 0 66 79.
281184 56 0 63 74.
281208 48 0 37 71.
281352 64 0 61 78.
281460 88 0 27 70.
281512 68 0 63 78.
281608 56 0 66 77.
281692 56 0 62 72.
281776 56 0 73 77.
281868 72 0 64 76.
281992 124 0 27 68.
282044 60 0 68 76.
282132 72 0 63 75.
282228 64 0 55 70.
282264 116 0 33 67.
282312 72 0 64 75.
282420 68 0 64 74.
282428 120 0 44 60.
282516 72 0 60 69.
282624 64 0 65 74.
282740 104 0 58 73.
282760 120 0 40 59.
282868 100 0 40 68.
282896 208 0 33 65.
283164 236 0 63 72.
283440 64 0 33 68.
283548 48 0 76 76.
283664 72 0 73 77.
283940 24 0 52 48.
284192 104 0 43 55.
284284 112 0 73 80.
284408 32 0 44 67.
284708 56 0 44 53.
284948 84 0 74 82.
284964 92 0 53 60.
285172 76 0 82 79.
285176 36 0 55 65.
285276 84 0 79 77.
285420 244 0 81 80.
285460 32 0 56 48.
285716 32 0 51 55.
285944 32 0 46 67.
285956 24 0 51 60.
286216 84 0 87 77.
286228 264 0 47 56.
286248 216 0 42 53.
286492 112 0 45 58.
286728 64 0 60 60.
286748 68 0 48 57.
286972 584 0 40 58.
287416 96 0 79 82.
287532 84 0 78 81.
287664 64 0 75 80.
287672 468 0 39 58.
287760 44 0 85 78.
287972 132 0 37 68.
288196 100 0 74 82.
288312 72 0 81 78.
288452 288 0 81 77.
288476 396 0 42 60.
288744 144 0 66 76.
288780 100 0 38 67.
289012 80 0 74 72.
289244 152 0 73 73.
289288 36 0 51 53.
289520 76 0 37 68.
289740 44 0 42 56.
290000 56 0 70 76.
290024 24 0 60 48.
290280 44 0 46 64.
290492 28 0 47 67.
290688 52 0 60 77.
290736 100 0 37 56.
290740 132 0 41 65.
290776 68 0 92 84.
290884 68 0 87 83.
290996 64 0 77 82.
291024 140 0 45 60.
291074 64 0 78 84.
291228 80 0 82 79.
291240 40 0 43 56.
291464 240 0 85 80.
291504 24 0 65 48.
291752 28 0 50 55.
291968 28 0 49 67.
291980 24 0 46 70.
292232 60 0 84 68.
292252 304 0 53 56.
292272 268 0 48 53.
1574 746 1 40 60.
3018 340 1 55 65.
4354 272 1 55 64.
4626 1452 1 55 65.
6862 292 1 55 65.
7154 290 1 55 64.
7654 744 1 55 60.
8398 788 1 55 64.
9186 250 1 55 65.
10378 270 1 55 64.
11398 228 1 55 65.
11626 236 1 55 64.
11862 200 1 55 63.
12090 236 1 55 63.
12326 220 1 55 61.
12574 260 1 55 64.
12834 260 1 55 65.
15886 100 1 80 62.
16154 100 1 80 72.
16422 120 1 95 84.
16542 128 1 92 82.
16670 250 1 88 80.
16942 124 1 95 79.
17066 140 1 82 77.
17206 240 1 82 76.
17474 240 1 82 77.
17722 116 1 95 75.
17838 140 1 80 73.
17978 240 1 80 72.
18254 256 1 82 73.
18618 136 1 78 70.
18762 220 1 78 68.
19022 100 1 75 70.
19294 100 1 75 72.
19806 712 1 55 60.
20518 784 1 55 64.
21302 250 1 55 65.
22502 268 1 55 64.
22770 724 1 70 65.
23526 1522 1 70 65.
25082 1043 1 70 65.
26142 244 1 60 64.
26386 232 1 55 65.
26618 524 1 55 64.
27154 240 1 55 65.
27394 260 1 55 64.
27654 476 1 55 62.
28130 288 1 55 64.
28870 384 1 55 60.
31238 232 1 60 57.
31470 256 1 65 58.
31726 400 1 70 65.
34316 76 1 77 76.
34568 104 1 90 77.
34816 68 1 88 79.
35056 96 1 85 81.
35308 128 1 81 82.
35564 116 1 85 84.
35828 144 1 85 85.
36104 464 1 87 84.
37832 96 1 75 72.
38084 76 1 82 77.
38328 76 1 93 80.
38584 92 1 77 84.
38832 96 1 90 89.
39092 244 1 88 92.
41160 176 1 79 79.
41160 176 1 79 64.
41412 148 1 73 80.
41412 148 1 73 65.
41912 152 1 74 79.
41912 152 1 74 64.
42160 184 1 74 80.
42160 184 1 74 65.
42416 120 1 74 84.
42676 164 1 72 76.
42944 160 1 76 77.
43196 172 1 76 79.
43460 156 1 74 76.
43716 184 1 79 77.
44208 148 1 76 79.
44208 148 1 76 64.
44464 152 1 65 80.
44464 152 1 65 65.
44968 140 1 72 79.
44968 140 1 72 64.
45228 140 1 71 80.
45228 140 1 71 65.
45476 132 1 77 84.
45728 136 1 74 76.
45988 148 1 71 77.
46244 120 1 81 79.
46500 136 1 74 76.
46784 356 1 82 77.
47684 350 1 94 89.
48568 684 1 89 65.
50920 40 1 80 68.
51192 40 1 80 68.
53422 884 1 70 65.
54306 344 1 70 64.
54650 340 1 60 65.
57370 584 1 80 66.
58276 40 1 80 66.
58556 40 1 80 66.
60970 924 1 70 63.
61894 356 1 70 61.
62250 350 1 60 65.
65180 50 1 60 68.
66700 50 1 60 67.
66996 50 1 60 68.
68474 312 1 60 67.
68786 1788 1 60 68.
70574 1864 1 60 66.
72438 330 1 60 65.
74032 40 1 70 66.
74348 40 1 70 65.
75810 304 1 70 66.
76114 1776 1 70 65.
77890 2500 1 70 67.
82253 301 1 70 64.
82554 306 1 70 65.
82862 300 1 70 67.
83162 312 1 70 60.
83474 300 1 70 63.
85966 288 1 70 69.
86254 292 1 70 70.
86546 296 1 70 72.
86842 348 1 70 65.
87190 300 1 70 70.
88724 40 1 70 69.
89016 40 1 70 70.
90494 280 1 75 72.
90806 1512 1 85 72.
92318 916 1 85 77.
93234 290 1 75 71.
93542 320 1 75 71.
93862 320 1 75 72.
94182 324 1 75 74.
94506 300 1 75 75.
96116 40 1 70 71.
96432 40 1 70 72.
97966 316 1 70 71.
98282 2764 1 70 70.
101046 876 1 70 67.
102022 1110 1 80 65.
103906 928 1 86 63.
104834 898 1 84 61.
105754 2836 1 90 61.
108590 632 1 85 60.
109222 340 1 82 58.
109594 350 1 85 58.
111762 376 1 65 63.
112838 380 1 85 72.
114682 356 1 60 65.
115038 360 1 60 63.
116178 330 1 69 63.
116670 180 1 72 67.
116850 168 1 75 68.
117018 196 1 79 70.
118668 706 1 60 65.
119374 356 1 65 67.
119730 704 1 70 68.
120462 964 1 80 68.
122654 350 1 65 68.
123330 100 1 60 68.
123678 100 1 65 68.
124038 50 1 60 68.
124198 50 1 60 68.
124378 50 1 60 68.
124714 50 1 65 68.
124886 50 1 60 68.
125074 100 1 60 68.
125434 50 1 60 68.
125602 50 1 60 68.
125774 100 1 65 68.
126142 100 1 60 68.
126510 100 1 60 68.
126850 100 1 60 68.
127458 100 1 60 68.
127762 100 1 60 67.
128054 50 1 60 67.
128210 50 1 60 67.
128366 100 1 60 67.
128666 100 1 60 68.
128986 100 1 60 68.
129327 100 1 60 68.
129658 100 1 60 67.
129958 50 1 60 67.
130118 50 1 60 67.
130278 100 1 60 67.
130570 336 1 60 68.
131214 352 1 60 72.
131566 672 1 60 70.
132239 341 1 60 67.
132580 758 1 60 70.
133658 1040 1 60 67.
134700 100 1 60 68.
135350 100 1 60 68.
135672 100 1 60 67.
135988 50 1 60 67.
136128 50 1 60 67.
136312 100 1 60 67.
136616 50 1 60 68.
136778 50 1 60 68.
136940 50 1 60 68.
137276 50 1 60 68.
137428 50 1 60 68.
137584 100 1 60 67.
137880 50 1 60 67.
138018 50 1 60 67.
138216 100 1 60 67.
138570 828 1 60 68.
139826 1140 1 60 65.
140966 270 1 60 67.
141318 50 1 60 67.
141474 50 1 60 67.
141646 100 1 60 67.
142002 604 1 60 68.
142650 324 1 60 68.
164353 727 1 60 72.
165078 1290 1 60 75.
166366 236 1 60 68.
168826 584 1 60 68.
177460 40 1 60 72.
177704 40 1 60 73.
177952 40 1 60 72.
178658 2975 1 60 67.
181633 350 1 60 68.
183444 40 1 60 72.
183696 40 1 60 73.
183948 40 1 60 72.
184666 1536 1 60 67.
186202 768 1 63 68.
186970 804 1 66 70.
187774 300 1 70 72.
188306 250 1 65 65.
188578 556 1 75 70.
189134 464 1 65 63.
189622 268 1 65 62.
189890 268 1 65 63.
190158 1280 1 68 68.
191438 250 1 65 67.
191714 1028 1 65 67.
192742 244 1 65 65.
192986 244 1 68 67.
193230 724 1 71 68.
193994 504 1 65 68.
194498 220 1 60 67.
194746 504 1 68 70.
195250 220 1 63 69.
195506 516 1 72 72.
196022 220 1 65 71.
196266 520 1 75 70.
196786 300 1 65 71.
197290 260 1 65 68.
197550 220 1 65 69.
197798 264 1 65 68.
198062 248 1 65 70.
198310 220 1 65 71.
198558 244 1 65 70.
198802 260 1 65 72.
199062 252 1 65 73.
199314 734 1 65 72.
200120 40 1 60 71.
200372 40 1 60 72.
204658 256 1 60 65.
204914 1292 1 60 66.
206226 783 1 60 64.
207010 768 1 60 63.
208566 260 1 60 71.
208826 544 1 60 68.
209370 1566 1 60 66.
210974 804 1 60 70.
211778 276 1 60 71.
212054 552 1 60 68.
212606 2372 1 60 66.
214978 804 1 60 68.
215782 2370 1 60 66.
218162 908 1 60 68.
219070 2924 1 60 70.
221994 288 1 60 66.
222282 4140 1 60 70.
226434 832 1 60 71.
227266 812 1 60 70.
228078 787 1 60 71.
228865 801 1 60 70.
229666 1564 1 60 71.
231230 1616 1 60 66.
232882 5602 1 60 70.
238490 5556 1 60 68.
244062 1620 1 60 65.
245682 1092 1 60 60.
250782 150 1 90 60.
251074 150 1 90 60.
251370 150 1 90 60.
251662 150 1 90 60.
251946 150 1 90 60.
252222 852 1 60 60.
253074 836 1 60 61.
253910 856 1 60 60.
254766 848 1 60 55.
255614 898 1 60 60.
256513 845 1 60 61.
257358 876 1 60 60.
258234 848 1 60 55.
259082 864 1 60 60.
259946 864 1 60 55.
260810 904 1 60 60.
261714 5658 1 60 55.
277030 260 1 60 70.
283114 746 1 40 60.
284558 340 1 55 65.
285894 272 1 55 64.
286166 1452 1 55 65.
288402 292 1 55 65.
288694 290 1 55 64.
289194 744 1 55 60.
289938 788 1 55 64.
290726 250 1 55 65.
291918 270 1 55 64.
292938 228 1 55 65.
293166 236 1 55 64.
293402 200 1 55 63.
293630 236 1 55 63.
293866 220 1 55 61.
294114 260 1 55 64.
294374 260 1 55 65.
1574 746 2 55 56.
3018 340 2 55 56.
4354 272 2 55 58.
4626 252 2 55 56.
4878 256 2 55 58.
5134 232 2 55 60.
5366 1496 2 55 61.
6862 582 2 55 60.
7654 744 2 55 56.
8398 788 2 55 58.
9186 250 2 55 56.
10378 270 2 55 58.
11398 228 2 55 56.
11626 236 2 55 58.
11862 228 2 55 57.
12090 744 2 55 58.
13346 200 2 90 60.
13826 248 2 80 55.
14334 100 2 80 61.
14598 100 2 80 60.
14854 252 2 90 60.
15630 200 2 80 62.
16422 248 2 95 64.
16670 250 2 88 65.
18506 240 2 80 67.
19022 100 2 75 55.
19294 100 2 75 55.
31726 400 2 60 55.
34316 76 2 77 70.
34568 104 2 90 68.
34816 68 2 88 67.
35056 96 2 85 77.
35308 128 2 81 77.
35564 116 2 85 69.
35828 144 2 85 70.
36104 464 2 87 72.
37832 96 2 75 68.
38084 76 2 82 68.
38328 76 2 93 68.
38584 92 2 77 80.
38832 96 2 90 80.
39092 244 2 88 84.
41160 176 2 79 55.
41912 152 2 74 55.
42416 120 2 74 68.
42676 164 2 72 70.
42944 160 2 76 68.
43196 172 2 76 73.
43460 156 2 74 72.
43460 156 2 74 55.
43716 184 2 79 72.
43716 184 2 79 56.
44208 148 2 76 55.
44968 140 2 72 55.
45476 132 2 77 63.
45728 136 2 74 73.
45988 148 2 71 65.
46244 120 2 81 73.
46500 136 2 74 72.
46500 136 2 74 55.
46784 356 2 82 72.
47684 350 2 94 80.
47684 300 2 94 65.
50078 684 2 89 60.
53422 1228 2 70 61.
54650 340 2 60 60.
57370 584 2 80 58.
58276 40 2 80 58.
58556 40 2 80 58.
60970 924 2 70 60.
62250 350 2 60 60.
65180 50 2 60 60.
66700 50 2 60 61.
66996 50 2 60 60.
68474 312 2 60 61.
68786 3652 2 60 60.
72438 330 2 60 61.
74032 40 2 70 60.
74348 40 2 70 61.
75810 304 2 70 56.
76114 880 2 70 56.
76994 3396 2 70 58.
82253 1222 2 70 58.
85966 1224 2 70 63.
87190 300 2 70 61.
88724 40 2 70 63.
89016 40 2 70 61.
90494 280 2 75 63.
90806 2688 2 85 62.
93542 320 2 75 62.
93862 320 2 75 63.
94182 324 2 75 65.
94506 300 2 75 67.
96116 40 2 70 62.
96432 40 2 70 64.
97966 316 2 70 62.
98282 2764 2 70 64.
101046 876 2 70 58.
102022 1110 2 80 56.
103906 928 2 86 60.
104834 898 2 84 58.
105754 2836 2 90 58.
108590 632 2 85 56.
109222 340 2 82 55.
109594 350 2 85 55.
111762 1076 2 60 61.
112838 740 2 60 60.
113578 356 2 60 63.
113934 748 2 60 58.
114682 360 2 60 56.
116178 1032 2 60 61.
117210 348 2 60 60.
117558 712 2 60 62.
118658 356 2 60 57.
119730 733 2 60 60.
122654 706 2 60 60.
123330 80 2 60 63.
141318 75 2 60 63.
142002 324 2 60 61.
142326 324 2 60 60.
142650 324 2 60 59.
160574 776 2 60 60.
161350 764 2 60 56.
162114 752 2 60 60.
162866 712 2 60 56.
163598 756 2 60 60.
166602 744 2 60 61.
167346 768 2 60 60.
168114 714 2 60 61.
169570 760 2 60 63.
170330 684 2 60 61.
171022 716 2 60 60.
171738 794 2 60 61.
172534 300 2 78 62.
175046 516 2 65 63.
175562 280 2 62 61.
175842 384 2 62 60.
177460 40 2 60 63.
177704 40 2 60 63.
177952 40 2 60 63.
178658 2975 2 60 61.
181633 350 2 60 60.
183444 40 2 60 63.
183696 40 2 60 63.
183948 40 2 60 63.
184666 3108 2 60 61.
187774 800 2 60 60.
188578 556 2 60 62.
189134 260 2 60 63.
189394 768 2 60 58.
190686 264 2 60 61.
190950 1284 2 60 62.
192234 240 2 60 60.
192498 980 2 60 60.
193478 268 2 60 59.
193994 504 2 60 62.
194498 220 2 60 63.
194746 248 2 60 62.
194994 256 2 60 64.
195250 220 2 60 65.
195506 252 2 60 64.
195758 264 2 60 66.
196022 220 2 60 67.
196266 520 2 75 64.
196786 220 2 65 62.
197050 500 2 65 62.
197550 220 2 65 61.
197798 608 2 65 64.
198558 504 2 65 66.
199062 252 2 65 65.
199314 488 2 65 64.
199802 220 2 65 65.
200120 40 2 60 65.
200372 40 2 60 64.
204658 256 2 60 59.
204914 2075 2 60 58.
207010 768 2 60 59.
208566 260 2 60 63.
208826 544 2 60 65.
209898 280 2 60 64.
210178 796 2 60 63.
210974 804 2 60 64.
211778 276 2 60 63.
212054 552 2 60 65.
212870 272 2 60 59.
213142 252 2 60 61.
213394 812 2 60 62.
214206 252 2 60 61.
214458 264 2 60 59.
214722 552 2 60 61.
215782 272 2 60 61.
216054 252 2 60 59.
216306 260 2 60 61.
216566 808 2 60 62.
217374 260 2 60 61.
217634 264 2 60 59.
217898 264 2 60 61.
218162 908 2 60 62.
219070 2924 2 60 61.
221994 288 2 60 58.
222282 2878 2 60 61.
225166 1268 2 60 62.
226434 832 2 60 63.
227266 812 2 60 64.
228078 787 2 60 63.
228865 801 2 60 64.
229666 1502 2 60 63.
231230 2468 2 60 63.
233698 816 2 60 62.
234514 796 2 60 63.
235310 768 2 60 62.
236126 1572 2 60 63.
237698 1596 2 60 60.
239294 812 2 60 61.
240106 820 2 60 60.
240926 776 2 60 61.
241702 816 2 60 60.
242518 1544 2 60 61.
244062 812 2 60 56.
244874 808 2 60 59.
275482 1736 2 60 64.
283114 746 2 55 56.
284558 340 2 55 56.
285894 272 2 55 58.
286166 252 2 55 56.
286418 256 2 55 58.
286674 232 2 55 60.
286906 1496 2 55 61.
288402 582 2 55 60.
289194 744 2 55 56.
289938 788 2 55 58.
290726 250 2 55 56.
291918 270 2 55 58.
292938 228 2 55 56.
293166 236 2 55 58.
293402 228 2 55 57.
293630 744 2 55 58.
294886 200 2 90 60.
295366 248 2 80 55.
295874 100 2 80 61.
5366 1496 3 55 58.
6862 292 3 55 56.
7154 292 3 55 55.
11626 292 3 55 55.
12326 292 3 55 53.
13090 256 3 70 55.
13574 200 3 80 58.
13826 248 3 80 60.
14074 200 3 80 60.
14854 252 3 90 63.
15106 200 3 80 62.
15378 250 3 80 63.
15886 100 3 80 59.
16154 100 3 80 60.
16422 248 3 95 55.
16670 250 3 88 56.
16942 264 3 95 70.
17206 264 3 82 67.
17474 240 3 82 65.
17722 534 3 95 63.
18762 220 3 78 60.
19294 100 3 75 60.
23526 768 3 70 56.
24394 788 3 70 55.
26386 232 3 55 56.
26618 524 3 55 55.
27154 240 3 55 56.
27394 260 3 55 55.
27654 476 3 55 53.
28130 288 3 55 55.
28870 384 3 55 48.
31726 400 3 70 58.
34316 100 3 90 60.
34568 104 3 90 60.
34816 68 3 88 60.
35056 96 3 85 65.
35308 128 3 81 65.
35564 116 3 85 65.
35828 144 3 85 65.
37832 96 3 75 60.
38084 76 3 82 60.
38328 76 3 93 60.
38584 92 3 77 68.
38832 96 3 90 77.
39092 244 3 88 77.
41160 176 3 79 67.
41912 152 3 74 67.
42416 120 3 74 65.
42676 164 3 72 60.
42944 160 3 76 65.
43196 172 3 76 58.
43460 156 3 74 60.
44208 148 3 76 67.
44968 140 3 72 67.
45988 148 3 71 68.
46244 120 3 81 58.
46500 136 3 74 60.
46784 356 3 82 68.
46784 356 3 82 53.
47684 350 3 94 80.
50078 684 3 89 53.
53422 1228 3 70 55.
54650 340 3 60 56.
57370 584 3 80 63.
58276 40 3 80 63.
58556 40 3 80 63.
60970 924 3 70 54.
61894 706 3 60 53.
65180 50 3 60 56.
66700 50 3 60 58.
66996 50 3 60 56.
68474 312 3 60 58.
68786 880 3 60 56.
69666 2772 3 60 51.
72438 330 3 60 49.
74032 40 3 70 56.
74348 40 3 70 56.
75810 304 3 70 60.
76114 3660 3 70 61.
79774 616 3 70 52.
82253 301 3 70 48.
82554 306 3 70 50.
82862 300 3 70 51.
83162 312 3 70 52.
83474 300 3 70 53.
85966 2798 3 70 53.
88724 40 3 70 53.
89016 15 3 70 53.
90494 280 3 75 53.
90806 1824 3 85 53.
92630 2180 3 85 55.
96116 40 3 70 55.
96432 40 3 70 55.
97966 316 3 70 56.
98282 2764 3 70 55.
101046 876 3 70 48.
102022 320 3 80 53.
103032 874 3 83 58.
103906 928 3 86 54.
104834 898 3 84 53.
105754 944 3 90 52.
106698 2936 3 85 51.
111762 1076 3 60 58.
112838 740 3 60 56.
113934 350 3 60 63.
116178 1032 3 60 58.
117922 350 3 60 56.
118658 356 3 60 60.
123330 868 3 70 51.
124378 868 3 70 51.
125434 868 3 70 51.
126510 440 3 70 51.
127458 100 3 60 51.
127762 100 3 60 51.
128054 50 3 60 51.
128210 50 3 60 51.
128366 100 3 60 51.
128666 100 3 60 51.
128986 100 3 60 51.
129327 100 3 60 51.
129658 100 3 60 51.
129958 50 3 60 51.
130118 50 3 60 51.
130278 100 3 60 51.
130570 336 3 60 51.
130906 308 3 60 56.
131214 352 3 60 53.
131566 672 3 60 55.
132239 341 3 60 58.
132580 758 3 60 53.
133338 300 3 60 58.
133658 300 3 60 58.
134700 100 3 60 51.
135350 100 3 60 51.
135672 100 3 60 51.
135988 50 3 60 51.
136128 50 3 60 51.
136312 100 3 60 51.
136616 50 3 60 51.
136778 50 3 60 51.
136940 50 3 60 51.
137276 50 3 60 51.
137428 50 3 60 51.
137584 100 3 60 51.
137880 50 3 60 51.
138018 50 3 60 51.
138216 50 3 60 51.
138570 828 3 60 51.
139398 1568 3 60 56.
140966 300 3 60 58.
141318 50 3 60 58.
141474 50 3 60 58.
141646 50 3 60 51.
142002 300 3 60 51.
142650 300 3 60 51.
160574 5910 3 60 51.
178658 2975 3 60 58.
188578 1580 3 60 58.
190158 792 3 60 56.
190950 1284 3 60 59.
192986 492 3 60 63.
193478 268 3 60 62.
193994 504 3 60 65.
199314 488 3 65 55.
199802 220 3 65 56.
200120 40 3 60 61.
200372 40 3 60 60.
206226 783 3 60 61.
207774 792 3 60 61.
208566 814 3 60 59.
210178 792 3 60 59.
210974 804 3 60 61.
211778 828 3 60 59.
212606 264 3 60 58.
212870 272 3 60 56.
213142 252 3 60 58.
213394 812 3 60 59.
214206 252 3 60 58.
214458 264 3 60 56.
214722 552 3 60 58.
215782 272 3 60 58.
216054 252 3 60 56.
216306 260 3 60 58.
216566 808 3 60 59.
217374 260 3 60 58.
217634 264 3 60 56.
217898 264 3 60 58.
218162 908 3 60 59.
219070 300 3 60 61.
220678 5576 3 60 54.
226434 7264 3 60 54.
233698 816 3 60 53.
234514 796 3 60 54.
235310 768 3 60 53.
236126 3168 3 60 54.
239294 812 3 60 53.
240106 820 3 60 54.
240926 776 3 60 53.
241702 768 3 60 54.
242518 1502 3 60 54.
244062 1536 3 60 54.
245682 1536 3 60 48.
272682 4324 3 60 67.
286906 1496 3 55 58.
288402 292 3 55 56.
288694 292 3 55 55.
293166 292 3 55 55.
293866 292 3 55 53.
294630 256 3 70 55.
295114 200 3 80 58.
295366 248 3 80 60.
295614 200 3 80 60.
296394 252 3 90 63.
296646 200 3 80 62.
296918 250 3 80 63.
297426 100 3 80 59.
297694 100 3 80 60.
297962 248 3 95 55.
298210 250 3 88 56.
298482 264 3 95 70.
298746 264 3 82 67.
299014 240 3 82 65.
299262 534 3 95 63.
300302 220 3 78 60.
300834 100 3 75 60.
303578 934 3 60 62.
304513 1545 3 60 63.
306058 1536 3 60 55.
311426 768 3 60 53.
312194 1312 3 60 52.
313506 336 3 60 58.
1574 746 4 55 53.
3018 340 4 55 41.
4354 272 4 55 48.
4626 252 4 55 53.
4878 256 4 55 55.
5134 232 4 55 57.
5366 1496 4 55 46.
6862 582 4 55 48.
7654 744 4 55 53.
8398 788 4 55 48.
9186 250 4 55 41.
10378 270 4 55 48.
11398 228 4 55 52.
11626 236 4 55 49.
11862 228 4 55 48.
12090 484 4 55 46.
12574 260 4 55 48.
12834 260 4 70 41.
13090 260 4 75 43.
13346 228 4 90 44.
18254 256 4 82 58.
18506 240 4 80 52.
18892 220 4 78 51.
19022 100 4 75 49.
21302 250 4 55 41.
22502 268 4 55 48.
22770 724 4 70 53.
23526 868 4 70 50.
24394 689 4 70 49.
25886 236 4 70 46.
26142 244 4 60 48.
26386 232 4 55 41.
26618 524 4 55 48.
27154 240 4 55 41.
27394 714 4 55 48.
28130 288 4 55 48.
28870 384 4 55 48.
31238 232 4 60 45.
31470 256 4 65 46.
31726 400 4 70 49.
34568 100 4 70 53.
34816 100 4 72 52.
35056 100 4 74 51.
35308 100 4 76 49.
35564 100 4 78 48.
35828 100 4 80 46.
36104 280 4 82 48.
37832 100 4 82 53.
38084 100 4 82 53.
38328 100 4 82 53.
38584 100 4 84 51.
38832 100 4 86 49.
39092 260 4 88 48.
41160 100 4 75 48.
41412 100 4 75 53.
41912 100 4 75 48.
42160 100 4 75 53.
42416 100 4 75 53.
42676 100 4 75 55.
42944 100 4 75 56.
43196 100 4 75 58.
43460 100 4 75 60.
43716 100 4 75 53.
44208 100 4 75 48.
44464 100 4 75 53.
44968 100 4 75 48.
45228 100 4 75 53.
45476 100 4 75 56.
45728 100 4 75 55.
45988 100 4 75 56.
46244 100 4 75 58.
46500 100 4 75 60.
46784 100 4 75 53.
47684 300 4 75 53.
48568 684 4 75 41.
53422 1228 4 70 46.
54650 340 4 60 44.
57370 584 4 80 51.
58276 40 4 80 39.
58556 40 4 80 51.
60970 924 4 70 45.
61894 356 4 65 46.
62250 350 4 60 44.
65180 50 4 60 44.
66700 50 4 60 51.
66996 50 4 60 44.
68474 312 4 60 51.
68786 3652 4 60 44.
72438 330 4 60 49.
74032 40 4 70 44.
74348 40 4 70 37.
75810 304 4 70 44.
76114 1776 4 70 49.
77890 1884 4 70 51.
82253 301 4 70 36.
82554 306 4 70 38.
82862 300 4 70 39.
83162 312 4 70 40.
83474 300 4 70 41.
85966 288 4 70 41.
86254 292 4 70 43.
86546 296 4 70 44.
86842 348 4 70 45.
87190 300 4 70 46.
88724 40 4 70 41.
89016 40 4 70 46.
90494 280 4 75 41.
90806 1824 4 85 44.
92630 1876 4 78 43.
94506 300 4 75 48.
96116 40 4 70 55.
96432 40 4 70 48.
97966 316 4 70 43.
98282 2764 4 70 48.
101046 876 4 70 40.
102022 1110 4 80 41.
103906 928 4 86 45.
104834 898 4 84 46.
105754 1884 4 90 43.
107638 1584 4 90 44.
109222 690 4 82 39.
111762 1076 4 60 39.
113578 356 4 60 48.
113934 1464 4 60 51.
116178 1032 4 60 39.
118270 4384 4 70 51.
122654 300 4 70 44.
123330 868 4 70 44.
124378 868 4 70 44.
125434 868 4 70 44.
126510 484 4 70 44.
127508 40 4 70 44.
127812 40 4 70 39.
128416 40 4 70 39.
128716 40 4 70 44.
129377 40 4 70 44.
129708 40 4 70 39.
130328 242 4 70 39.
130570 644 4 70 44.
131214 352 4 70 45.
131566 2092 4 70 46.
133658 300 4 70 51.
134700 300 4 70 44.
135400 40 4 70 44.
135722 40 4 70 51.
136362 40 4 70 39.
136664 40 4 70 44.
137276 40 4 70 44.
137632 40 4 70 39.
138216 354 4 70 39.
138570 1256 4 70 44.
139826 1140 4 70 49.
140966 300 4 70 51.
141646 358 4 70 39.
142974 300 4 60 44.
143595 307 4 60 44.
143902 300 4 60 49.
145530 200 4 60 44.
145854 200 4 60 49.
146218 200 4 60 49.
146558 200 4 60 49.
146898 300 4 60 44.
147502 300 4 60 44.
147826 300 4 60 49.
148628 280 4 60 52.
148908 3296 4 60 51.
152574 300 4 60 44.
159470 300 4 60 39.
160574 5910 4 60 44.
177460 40 4 60 56.
177704 40 4 60 55.
177952 40 4 60 56.
178658 2975 4 60 51.
181633 350 4 60 44.
183444 40 4 60 56.
183696 40 4 60 55.
183948 40 4 60 56.
184666 1536 4 60 51.
186202 768 4 63 53.
186970 804 4 66 55.
187774 1360 4 65 56.
189134 260 4 62 55.
189394 1292 4 65 54.
190686 220 4 62 53.
190950 768 4 62 53.
192498 488 4 62 56.
192986 244 4 62 55.
193230 1016 4 62 53.
194246 252 4 62 47.
194498 248 4 62 48.
194746 264 4 62 55.
195250 256 4 62 50.
195506 264 4 62 57.
196022 244 4 62 52.
196266 520 4 75 54.
196786 300 4 65 47.
197550 220 4 65 54.
197798 264 4 65 49.
198310 220 4 65 56.
198558 244 4 65 51.
199062 252 4 65 46.
199314 488 4 65 48.
199802 220 4 65 53.
204658 256 4 60 49.
204914 3650 4 60 42.
208566 260 4 60 47.
208826 544 4 60 49.
209370 2132 4 60 42.
211502 544 4 60 43.
212054 552 4 70 49.
212606 788 4 60 54.
213394 812 4 60 47.
214206 772 4 60 54.
214978 804 4 60 53.
215782 784 4 60 54.
216566 808 4 60 47.
217374 788 4 60 54.
218162 908 4 60 53.
219070 1646 4 60 54.
226434 832 4 60 59.
227266 812 4 60 42.
228078 787 4 60 59.
228865 801 4 60 42.
229666 2936 4 60 59.
232602 280 4 60 58.
232882 816 4 60 39.
233698 816 4 60 58.
234514 796 4 60 39.
235310 768 4 60 46.
236126 1572 4 60 39.
237698 1596 4 60 44.
239294 812 4 60 37.
240106 820 4 60 44.
240926 776 4 60 37.
241702 816 4 60 44.
242518 1544 4 60 37.
244062 1620 4 60 49.
245682 1142 4 60 36.
250782 150 4 90 48.
251074 150 4 90 48.
251370 150 4 90 48.
251662 150 4 90 48.
251946 150 4 90 48.
252222 852 4 60 48.
253074 836 4 60 49.
253910 856 4 60 48.
254766 848 4 60 43.
255614 898 4 60 48.
256513 845 4 60 49.
257358 876 4 60 48.
258234 848 4 60 43.
259082 864 4 60 48.
259946 864 4 60 43.
260810 904 4 60 48.
261714 4760 4 60 43.
266474 890 4 50 48.
268942 9216 4 50 36.
283114 746 4 55 53.
284558 340 4 55 41.
285894 272 4 55 48.
286166 252 4 55 53.
286418 256 4 55 55.
286674 232 4 55 57.
286906 1496 4 55 46.
288402 582 4 55 48.
289194 744 4 55 53.
289938 788 4 55 48.
290726 250 4 55 41.
291918 270 4 55 48.
292938 228 4 55 52.
293166 236 4 55 49.
293402 228 4 55 48.
293630 484 4 55 46.
294114 260 4 55 48.
294374 260 4 70 41.
294630 260 4 75 43.
294886 228 4 90 44.
299794 256 4 82 58.
300046 240 4 80 52.
300432 220 4 78 51.
300562 100 4 75 49.
12834 260 5 90 41.
13574 200 5 80 58.
13826 248 5 80 48.
14074 200 5 80 53.
14334 100 5 80 51.
14598 100 5 80 56.
14854 252 5 90 44.
15106 200 5 80 47.
15378 250 5 80 48.
15630 200 5 80 53.
16154 100 5 80 60.
16422 248 5 95 48.
16670 250 5 88 53.
16942 264 5 95 58.
17206 264 5 82 60.
17474 240 5 82 61.
17722 256 5 95 55.
17978 278 5 80 56.
18762 220 5 78 53.
19294 100 5 75 48.
34568 100 5 70 53.
34816 100 5 72 52.
35056 100 5 74 51.
35308 100 5 76 49.
35564 100 5 78 48.
35828 100 5 80 46.
36104 280 5 82 48.
37832 100 5 82 53.
38084 100 5 82 53.
38328 100 5 82 53.
38584 100 5 84 51.
38832 100 5 86 49.
39092 260 5 88 48.
41160 100 5 75 48.
41412 100 5 75 53.
41912 100 5 75 48.
42160 100 5 75 53.
42416 100 5 75 53.
42676 100 5 75 55.
42944 100 5 75 56.
43196 100 5 75 58.
43460 100 5 75 60.
43716 100 5 75 53.
44208 100 5 75 48.
44464 100 5 75 53.
44968 100 5 75 48.
45228 100 5 75 53.
45476 100 5 75 56.
45728 100 5 75 55.
45988 100 5 75 56.
46244 100 5 75 58.
46500 100 5 75 60.
46784 100 5 75 53.
47684 300 5 75 53.
48568 684 5 75 53.
68786 3652 5 60 44.
72438 330 5 60 49.
76114 1776 5 60 49.
77890 1884 5 60 51.
79774 300 5 60 52.
111762 1076 5 55 51.
113578 356 5 55 48.
113934 1464 5 55 51.
118270 4384 5 55 51.
122654 300 5 55 56.
178658 2975 5 60 51.
181633 350 5 60 56.
184666 1536 5 60 51.
186202 768 5 63 53.
186970 804 5 66 55.
187774 300 5 70 56.
188578 556 5 60 58.
189134 260 5 60 63.
189394 260 5 60 51.
190158 792 5 60 56.
190950 768 5 62 55.
192498 488 5 62 56.
192986 244 5 62 55.
193230 1016 5 62 53.
194246 252 5 62 47.
194498 248 5 62 48.
194746 264 5 62 55.
237698 1596 5 60 56.
239294 812 5 60 49.
240106 820 5 60 44.
240926 776 5 60 49.
241702 816 5 60 44.
242518 1512 5 60 49.
244062 1620 5 60 49.
245682 1142 5 60 48.
250782 150 5 90 48.
251074 150 5 90 48.
251370 150 5 90 48.
251662 150 5 90 48.
251946 150 5 90 48.
255614 898 5 60 48.
256513 845 5 60 49.
257358 876 5 60 48.
258234 848 5 60 43.
259082 864 5 60 48.
259946 864 5 60 43.
260810 904 5 60 48.
261714 4760 5 60 43.
266474 890 5 40 48.
268942 9216 5 40 36.
294374 260 5 90 41.
295114 200 5 80 58.
295366 248 5 80 48.
295614 200 5 80 53.
295874 100 5 80 51.
296138 100 5 80 56.
296394 252 5 90 44.
296646 200 5 80 47.
296918 250 5 80 48.
297170 200 5 80 53.
297694 100 5 80 60.
297962 248 5 95 48.
298210 250 5 88 53.
298482 264 5 95 58.
13346 454 6 80 77.
13826 248 6 80 76.
14074 260 6 80 77.
14334 264 6 80 79.
14598 220 6 80 80.
14854 524 6 80 80.
15378 252 6 80 79.
15630 240 6 80 80.
15886 220 6 80 79.
16154 220 6 80 76.
16422 248 6 80 84.
16670 272 6 80 80.
16942 532 6 80 79.
17474 248 6 80 77.
17722 531 6 80 75.
18253 253 6 80 73.
18506 516 6 80 72.
19022 220 6 80 70.
19294 220 6 80 72.
34316 76 6 77 76.
34568 104 6 90 77.
34816 68 6 88 79.
35056 96 6 85 81.
35308 128 6 81 82.
35564 116 6 85 84.
35828 144 6 85 85.
36104 464 6 87 84.
36576 92 6 79 80.
36772 108 6 73 80.
37088 232 6 83 77.
37332 224 6 79 76.
37584 140 6 75 77.
37832 96 6 75 80.
38084 76 6 82 80.
38328 76 6 93 80.
38584 92 6 77 84.
38832 96 6 90 89.
39092 244 6 88 92.
39612 100 6 78 80.
39864 224 6 76 80.
40132 216 6 70 79.
40388 236 6 69 72.
40656 216 6 82 77.
41160 176 6 79 84.
41412 148 6 73 84.
41660 148 6 69 84.
41912 152 6 74 84.
42160 184 6 74 84.
42416 120 6 74 84.
42676 164 6 72 76.
42944 160 6 76 77.
43196 172 6 76 82.
43460 156 6 74 79.
43716 184 6 79 77.
43972 132 6 72 84.
44208 148 6 76 84.
44464 152 6 65 84.
44708 116 6 67 84.
44968 140 6 72 84.
45228 140 6 71 84.
45476 132 6 77 84.
45728 136 6 80 85.
45988 148 6 71 84.
46244 120 6 81 82.
46500 136 6 74 79.
46784 356 6 82 77.
47684 350 6 94 89.
48568 684 6 89 65.
72488 316 6 70 68.
72804 304 6 72 73.
73108 308 6 74 77.
73416 3920 6 77 80.
77336 284 6 75 79.
77620 290 6 73 77.
77940 1244 6 77 77.
79184 304 6 74 75.
79488 290 6 72 73.
79824 320 6 72 73.
80144 300 6 70 72.
94556 304 6 70 67.
94860 312 6 73 72.
95172 324 6 76 75.
95496 4068 6 80 79.
99564 296 6 75 70.
99860 316 6 77 72.
100176 1224 6 80 73.
101400 672 6 75 72.
102072 300 6 70 65.
113934 425 6 70 82.
114732 340 6 78 89.
115088 380 6 70 82.
118708 188 6 64 77.
119424 180 6 83 79.
119780 192 6 80 75.
119972 180 6 81 84.
120320 130 6 73 75.
120512 187 6 77 73.
121576 182 6 73 75.
122704 544 6 57 68.
294886 454 6 80 77.
295366 248 6 80 76.
295614 260 6 80 77.
295874 264 6 80 79.
296138 220 6 80 80.
296394 524 6 80 80.
296918 252 6 80 79.
297170 240 6 80 80.
297426 220 6 80 79.
297694 220 6 80 76.
297962 248 6 80 84.
298210 272 6 80 80.
298482 532 6 80 79.
299014 248 6 80 77.
299262 531 6 80 75.
299793 253 6 80 73.
300046 516 6 80 72.
300562 220 6 80 70.
300834 220 6 80 72.
331277 76 6 77 76.
331529 104 6 90 77.
331777 68 6 88 79.
332017 96 6 85 81.
332269 128 6 81 82.
13346 228 7 80 72.
13574 252 7 80 73.
14334 264 7 80 70.
14598 508 7 80 72.
15106 272 7 80 74.
15378 252 7 80 75.
15630 256 7 80 72.
15886 272 7 80 71.
16154 240 7 80 67.
16422 248 7 80 79.
16670 272 7 80 77.
16942 264 7 80 73.
17474 248 7 80 68.
17722 256 7 80 70.
17978 276 7 80 72.
18254 252 7 80 73.
18506 256 7 80 72.
18762 264 7 80 68.
19022 200 7 80 65.
19294 200 7 80 72.
34316 76 7 77 70.
34568 104 7 90 68.
34816 240 7 88 72.
35056 96 7 85 69.
35308 128 7 81 73.
35564 116 7 85 75.
35828 144 7 85 73.
36104 464 7 87 72.
37832 96 7 75 77.
38084 76 7 82 77.
38328 76 7 93 77.
38584 92 7 77 68.
38832 96 7 90 80.
39092 244 7 88 80.
41160 176 7 79 79.
41412 176 7 79 80.
41912 152 7 74 79.
42160 152 7 74 80.
42416 120 7 74 80.
42944 516 7 76 77.
43460 156 7 74 76.
43716 184 7 79 77.
44208 148 7 76 79.
44464 148 7 76 80.
44968 140 7 72 79.
45228 140 7 72 80.
45476 132 7 77 80.
45728 136 7 74 82.
45988 148 7 71 80.
46244 120 7 81 79.
46500 136 7 74 76.
46784 356 7 82 77.
47684 350 7 94 84.
48568 684 7 94 65.
294886 228 7 80 72.
295114 252 7 80 73.
295874 264 7 80 70.
296138 508 7 80 72.
296646 272 7 80 74.
296918 252 7 80 75.
297170 256 7 80 72.
297426 272 7 80 71.
297694 240 7 80 67.
297962 248 7 80 79.
298210 272 7 80 77.
298482 264 7 80 73.
299014 248 7 80 68.
299262 256 7 80 70.
299518 276 7 80 72.
299794 252 7 80 73.
300046 256 7 80 72.
300302 264 7 80 68.
300562 200 7 80 65.
300834 200 7 80 72.
331277 76 7 77 70.
331529 104 7 90 68.
331777 240 7 88 72.
13346 228 8 80 72.
13574 252 8 80 73.
14334 264 8 80 70.
14598 220 8 80 72.
14854 220 8 80 72.
15106 272 8 80 74.
15378 252 8 80 75.
15630 256 8 80 72.
15886 272 8 80 71.
16154 240 8 80 67.
16422 248 8 80 67.
16670 272 8 80 68.
16942 264 8 80 70.
17206 268 8 80 67.
17474 248 8 80 65.
17722 532 8 80 63.
18254 252 8 80 65.
18506 256 8 80 67.
19022 200 8 80 67.
19294 200 8 80 67.
34316 76 8 77 70.
34568 104 8 90 68.
34816 70 8 88 72.
35056 96 8 85 72.
35308 128 8 81 73.
35564 116 8 85 75.
35828 144 8 85 73.
36104 464 8 87 72.
36576 95 8 60 72.
36772 108 8 60 72.
37088 244 8 60 68.
37332 252 8 60 67.
37584 250 8 60 68.
37832 2 8 75 68.
38084 76 8 82 72.
38328 76 8 93 72.
38584 92 8 77 72.
38832 96 8 90 77.
39092 244 8 88 77.
39612 230 8 60 72.
39864 268 8 60 72.
40132 256 8 60 71.
40388 268 8 60 70.
40656 250 8 60 68.
41160 176 8 79 76.
41412 176 8 79 77.
41912 152 8 74 76.
42160 152 8 74 77.
42416 120 8 74 77.
42676 164 8 72 76.
42944 160 8 76 77.
43196 172 8 76 73.
43716 184 8 79 72.
44208 148 8 76 67.
44464 148 8 76 68.
44968 140 8 72 67.
45228 140 8 72 68.
45476 132 8 77 75.
45728 136 8 74 76.
45988 510 8 71 77.
46244 120 8 81 73.
46500 136 8 74 76.
46784 356 8 82 77.
47684 350 8 94 80.
48568 584 8 94 65.
65180 292 8 70 63.
65472 304 8 72 68.
65776 316 8 74 72.
66092 3940 8 76 75.
70032 284 8 74 73.
70316 308 8 71 72.
70624 310 8 80 70.
87240 291 8 70 65.
87531 297 8 72 70.
87828 312 8 75 73.
88140 3932 8 79 77.
92072 296 8 76 75.
92368 312 8 74 74.
92680 300 8 74 72.
92980 300 8 72 71.
105804 1252 8 75 70.
107056 320 8 75 62.
107376 312 8 75 63.
107688 1264 8 75 65.
108952 688 8 75 63.
109594 730 8 64 67.
110324 356 8 55 68.
110680 388 8 72 70.
111056 1098 8 60 75.
178708 488 8 70 73.
179196 240 8 65 72.
179436 255 8 62 70.
179691 257 8 62 69.
179948 230 8 62 70.
180208 476 8 75 77.
180684 488 8 70 75.
181172 248 8 65 73.
181420 264 8 62 70.
181684 350 8 62 68.
266524 848 8 60 64.
267372 188 8 60 60.
267560 170 8 63 62.
267760 392 8 65 64.
268152 192 8 68 65.
268344 216 8 65 64.
268560 370 8 62 60.
268992 2888 8 65 64.
271944 184 8 60 60.
272128 208 8 60 62.
272336 192 8 60 64.
272528 204 8 60 65.
272732 404 8 60 67.
273136 200 8 60 69.
273336 220 8 60 67.
273556 434 8 60 64.
274064 3072 8 60 67.
294886 228 8 80 72.
295114 252 8 80 73.
295874 264 8 80 70.
296138 220 8 80 72.
296394 220 8 80 72.
296646 272 8 80 74.
296918 252 8 80 75.
297170 256 8 80 72.
297426 272 8 80 71.
297694 240 8 80 67.
297962 248 8 80 67.
298210 272 8 80 68.
298482 264 8 80 70.
298746 268 8 80 67.
299014 248 8 80 65.
299262 532 8 80 63.
299794 252 8 80 65.
300046 256 8 80 67.
300562 200 8 80 67.
13346 228 10 80 56.
13574 252 10 80 58.
13826 508 10 90 60.
14334 220 10 80 63.
14598 220 10 80 63.
14854 220 10 80 63.
15106 272 10 80 65.
15378 252 10 80 63.
15630 220 10 80 62.
15886 220 10 80 62.
16154 220 10 80 60.
16422 248 10 80 60.
16670 272 10 80 53.
16942 264 10 80 58.
17206 268 10 80 60.
17474 248 10 80 61.
17722 256 10 80 55.
17978 276 10 80 56.
18254 252 10 80 58.
18506 256 10 80 52.
18762 132 10 80 53.
18894 132 10 80 51.
19294 200 10 80 48.
34316 76 10 77 60.
34568 104 10 90 65.
34816 70 10 88 64.
35056 96 10 85 63.
35308 128 10 81 61.
35564 116 10 85 60.
35828 144 10 85 58.
36104 464 10 87 60.
37832 96 10 75 65.
38084 76 10 82 65.
38328 76 10 93 65.
38584 92 10 77 63.
38832 96 10 90 61.
39092 244 10 88 60.
39612 200 10 60 60.
39864 268 10 60 60.
40656 250 10 60 65.
41160 176 10 79 60.
41412 176 10 79 65.
41912 152 10 74 60.
42160 152 10 74 53.
42416 120 10 74 53.
42676 164 10 72 55.
42944 160 10 76 56.
43196 172 10 76 58.
43460 156 10 74 60.
43716 184 10 79 53.
44208 148 10 76 60.
44464 148 10 76 65.
44968 140 10 72 60.
45228 140 10 72 53.
45476 132 10 77 56.
45728 136 10 74 55.
45988 148 10 71 56.
46244 120 10 81 58.
46500 136 10 74 60.
46784 356 10 82 53.
47684 350 10 94 65.
48568 684 10 94 53.
66996 292 10 70 51.
67288 304 10 72 56.
67592 316 10 74 60.
67908 2124 10 74 63.
70032 284 10 72 61.
70316 308 10 70 60.
70624 310 10 80 58.
74348 300 10 68 56.
74648 288 10 70 61.
74936 308 10 73 65.
75244 310 10 77 68.
77336 284 10 72 67.
77620 290 10 70 65.
77940 1244 10 75 65.
79184 304 10 73 63.
79488 290 10 70 61.
79824 320 10 70 61.
80144 300 10 68 60.
89016 308 10 68 53.
89620 320 10 75 61.
89940 3972 10 77 65.
93912 320 10 75 63.
94232 324 10 73 62.
94556 320 10 70 60.
96432 304 10 73 55.
96736 320 10 75 60.
97056 320 10 78 63.
99564 296 10 75 58.
99860 316 10 77 60.
100176 1224 10 80 61.
101400 672 10 75 60.
102072 300 10 70 53.
109972 355 10 60 51.
110324 355 10 60 59.
110680 908 10 60 63.
149328 200 10 60 51.
151164 1402 10 73 67.
152574 300 10 60 68.
184716 520 10 60 61.
185236 232 10 60 60.
185468 260 10 60 58.
185728 272 10 60 60.
186000 268 10 60 58.
186268 768 10 60 56.
187036 268 10 60 55.
187304 248 10 60 53.
187552 272 10 60 51.
187824 330 10 60 60.
250832 150 10 90 60.
251124 150 10 90 60.
251420 150 10 90 60.
251712 150 10 90 60.
251996 150 10 90 60.
294886 228 10 80 56.
295114 252 10 80 58.
295366 508 10 90 60.
295874 220 10 80 63.
296138 220 10 80 63.
296394 220 10 80 63.
296646 272 10 80 65.
296918 252 10 80 63.
297170 220 10 80 62.
297426 220 10 80 62.
297694 220 10 80 60.
297962 248 10 80 60.
298210 272 10 80 53.
298482 264 10 80 58.
298746 268 10 80 60.
299014 248 10 80 61.
299262 256 10 80 55.
299518 276 10 80 56.
13346 480 11 80 65.
13826 248 11 90 67.
14074 260 11 80 68.
14334 220 11 80 70.
14598 220 11 80 72.
14854 220 11 80 68.
15106 272 11 80 68.
15378 252 11 80 67.
15630 220 11 80 68.
15886 220 11 80 67.
16154 220 11 80 67.
16422 248 11 80 67.
16670 272 11 80 68.
16942 230 11 80 67.
17206 268 11 80 67.
17474 248 11 80 65.
17722 256 11 80 70.
17978 276 11 80 72.
18254 252 11 80 70.
18506 256 11 80 67.
18762 264 11 80 68.
19294 200 11 80 67.
34316 252 11 77 72.
34568 104 11 90 65.
34816 70 11 88 60.
35056 96 11 85 65.
35308 128 11 81 65.
35564 116 11 85 65.
35828 144 11 85 65.
36104 464 11 87 65.
36844 200 11 80 60.
37088 200 11 80 60.
37332 200 11 80 60.
37584 200 11 80 60.
37832 96 11 75 65.
38084 76 11 82 65.
38328 76 11 93 65.
38584 92 11 77 60.
38832 96 11 90 65.
39092 244 11 88 60.
40912 684 11 100 72.
41660 684 11 100 60.
42160 120 11 90 65.
42416 120 11 74 68.
42676 164 11 72 67.
42944 350 11 76 65.
43328 172 11 76 65.
43460 156 11 74 60.
43716 184 11 79 68.
44208 148 11 76 67.
44464 148 11 76 68.
44968 140 11 72 67.
45228 140 11 72 68.
45476 132 11 77 68.
45728 136 11 74 70.
45988 148 11 71 68.
46244 120 11 81 67.
46500 136 11 74 67.
46784 356 11 82 68.
47684 350 11 94 72.
48568 684 11 94 53.
111762 2472 11 60 63.
160522 90 11 60 65.
160612 1502 11 60 63.
162164 1452 11 60 63.
163648 2688 11 60 63.
250832 150 11 90 60.
251124 150 11 90 60.
251420 150 11 90 60.
251712 150 11 90 60.
251996 150 11 90 60.
294886 480 11 80 65.
295366 248 11 90 67.
295614 260 11 80 68.
295874 220 11 80 70.
296138 220 11 80 72.
296394 220 11 80 68.
296646 272 11 80 68.
296918 252 11 80 67.
297170 220 11 80 68.
297426 220 11 80 67.
297694 220 11 80 67.
297962 248 11 80 67.
298210 272 11 80 68.
298482 230 11 80 67.
298746 268 11 80 67.
299014 248 11 80 65.
299262 256 11 80 70.
299518 276 11 80 72.
299794 252 11 80 70.
300046 256 11 80 67.
300302 264 11 80 68.
300834 200 11 80 67.
331277 252 11 77 72.
331529 104 11 90 65.
331777 70 11 88 60.
332017 96 11 85 65.
332269 128 11 81 65.
332525 116 11 85 65.
332789 144 11 85 65.
333065 464 11 87 65.
333805 200 11 80 60.
334049 200 11 80 60.
334293 200 11 80 60.
14334 264 12 80 70.
14598 264 12 80 72.
16422 248 12 80 72.
16670 264 12 80 77.
18762 220 12 80 77.
19022 220 12 80 77.
19294 220 12 80 72.
34816 90 12 70 72.
35056 90 12 72 77.
35308 120 12 75 77.
35564 120 12 79 77.
35828 120 12 82 77.
36104 120 12 86 72.
37832 120 12 86 77.
38084 120 12 88 77.
38328 120 12 90 77.
38584 120 12 92 72.
38832 120 12 92 77.
39092 240 12 94 72.
40852 50 12 100 72.
40912 684 12 100 72.
41660 684 12 100 72.
42416 120 12 80 72.
42676 120 12 80 72.
42944 120 12 80 77.
43460 120 12 80 72.
43716 120 12 80 77.
43972 494 12 100 72.
44708 520 12 100 72.
45228 120 12 80 65.
46500 130 12 90 72.
46784 300 12 90 77.
47684 350 12 90 77.
48568 684 12 90 53.
295874 264 12 80 70.
296138 264 12 80 72.
297962 248 12 80 72.
298210 264 12 80 77.
300302 220 12 80 77.
300562 220 12 80 77.
300834 220 12 80 72.
331777 90 12 70 72.
332017 90 12 72 77.
332269 120 12 75 77.
332525 120 12 79 77.
332789 120 12 82 77.
333065 120 12 86 72.
334793 120 12 86 77.
335045 120 12 88 77.
335289 120 12 90 77.
13826 240 13 60 48.
14074 240 13 60 53.
14334 120 13 60 51.
14598 120 13 60 56.
14854 252 13 60 44.
15106 272 13 60 47.
15378 252 13 60 48.
15630 256 13 60 53.
15886 120 13 60 55.
16154 120 13 60 60.
16422 248 13 60 48.
16670 272 13 60 53.
16942 264 13 60 58.
17206 268 13 60 60.
17474 210 13 60 61.
17722 256 13 60 55.
17978 276 13 60 57.
18254 210 13 60 58.
18506 256 13 60 52.
18762 130 13 60 53.
18892 130 13 60 51.
19022 120 13 60 49.
19294 120 13 60 48.
34316 100 13 70 60.
34568 100 13 70 53.
34816 100 13 72 52.
35056 100 13 74 51.
35308 100 13 76 49.
35564 100 13 78 48.
35828 100 13 80 46.
36104 280 13 82 48.
37832 100 13 82 53.
38084 100 13 82 53.
38328 100 13 82 53.
38584 100 13 84 51.
38832 100 13 86 49.
39092 260 13 88 48.
41160 100 13 75 48.
41412 100 13 75 53.
41912 100 13 75 48.
42160 100 13 75 53.
42416 100 13 75 53.
42676 100 13 75 55.
42944 100 13 75 56.
43196 100 13 75 58.
43460 100 13 75 60.
43716 100 13 75 53.
44208 100 13 75 48.
44464 100 13 75 53.
44968 100 13 75 48.
45228 100 13 75 53.
45476 100 13 75 56.
45728 100 13 75 55.
45988 100 13 75 56.
46244 100 13 75 58.
46500 100 13 75 60.
46784 100 13 75 53.
47684 300 13 75 53.
48568 684 13 75 53.
250832 150 13 70 48.
251124 150 13 70 48.
251420 150 13 70 48.
251712 150 13 70 48.
251996 150 13 70 48.
295366 240 13 60 48.
295614 240 13 60 53.
295874 120 13 60 51.
296138 120 13 60 56.
296394 252 13 60 44.
296646 272 13 60 47.
296918 252 13 60 48.
297170 256 13 60 53.
297426 120 13 60 55.
297694 120 13 60 60.
297962 248 13 60 48.
298210 272 13 60 53.
298482 264 13 60 58.
298746 268 13 60 60.
299014 210 13 60 61.
299262 256 13 60 55.
299518 276 13 60 57.
299794 210 13 60 58.
300046 256 13 60 52.
300302 130 13 60 53.
300432 130 13 60 51.
300562 120 13 60 49.
300834 120 13 60 48.
13346 40 14 90 53.
13396 40 14 90 53.
13446 40 14 90 53.
13496 40 14 90 53.
13574 108 14 90 53.
13826 108 14 90 48.
14074 108 14 90 53.
16422 40 14 90 48.
16472 40 14 90 48.
16522 40 14 90 48.
16572 40 14 90 48.
16670 108 14 90 53.
18762 40 14 90 53.
18812 40 14 90 53.
18862 40 14 90 53.
18912 40 14 90 53.
19022 108 14 90 53.
19294 108 14 90 48.
34316 45 14 70 48.
34376 45 14 70 48.
34436 45 14 70 48.
34496 45 14 70 48.
34568 100 14 70 53.
34816 100 14 72 48.
35056 100 14 74 53.
35308 100 14 76 53.
35564 100 14 78 48.
35828 45 14 80 53.
35888 45 14 80 53.
35948 45 14 80 53.
36008 45 14 80 53.
36104 280 14 82 48.
37832 100 14 82 53.
38084 100 14 82 53.
38328 100 14 82 53.
38584 100 14 84 48.
38832 45 14 86 53.
38892 45 14 86 53.
38952 45 14 86 53.
39012 45 14 86 53.
39092 260 14 88 48.
41160 45 14 75 48.
41220 45 14 75 48.
41280 45 14 75 48.
41340 45 14 75 48.
41412 100 14 75 53.
41912 45 14 75 48.
41972 45 14 75 48.
42032 45 14 75 48.
42092 45 14 75 48.
42160 100 14 75 53.
42416 100 14 75 53.
42676 100 14 75 48.
42944 100 14 75 53.
43460 100 14 75 48.
43716 100 14 75 53.
44208 45 14 75 48.
44268 45 14 75 48.
44328 45 14 75 48.
44388 45 14 75 48.
44464 100 14 75 53.
44968 45 14 75 48.
45028 45 14 75 48.
45088 45 14 75 48.
45148 45 14 75 48.
45228 100 14 75 53.
46500 45 14 75 48.
46560 45 14 75 48.
46620 45 14 75 48.
46680 45 14 75 48.
46784 100 14 75 53.
47684 100 14 75 53.
48568 45 14 80 53.
48628 45 14 78 53.
48688 45 14 76 53.
48748 45 14 74 53.
48808 45 14 72 53.
48868 45 14 70 53.
48928 45 14 68 53.
48988 45 14 66 53.
49048 45 14 64 53.
49108 45 14 62 53.
49168 45 14 60 53.
49228 45 14 58 53.
49288 45 14 56 53.
49348 45 14 54 53.
49408 45 14 52 53.
49468 45 14 50 53.
250832 120 14 90 48.
251124 120 14 90 48.
251420 120 14 90 48.
251712 120 14 90 48.
251996 120 14 90 48.
294886 40 14 90 53.
294936 40 14 90 53.
294986 40 14 90 53.
295036 40 14 90 53.
295114 108 14 90 53.
295366 108 14 90 48.
295614 108 14 90 53.
297962 40 14 90 48.
298012 40 14 90 48.
298062 40 14 90 48.
298112 40 14 90 48.
298210 108 14 90 53.
300302 40 14 90 53.
300352 40 14 90 53.
300402 40 14 90 53.
300452 40 14 90 53.
300562 108 14 90 53.
300834 108 14 90 48.
331277 45 14 70 48.
331337 45 14 70 48.
331397 45 14 70 48.
331457 45 14 70 48.
331529 100 14 70 53.
331777 100 14 72 48.
332017 100 14 74 53.
332269 100 14 76 53.
332525 100 14 78 48.
332789 45 14 80 53.
332849 45 14 80 53.
332909 45 14 80 53.
332969 45 14 80 53.

