34619 826 0 49 71.
35392 1878 0 23 52.
35404 491 0 50 80.
35770 322 0 41 59.
36030 361 0 71 80.
36267 286 0 47 59.
36391 180 0 65 81.
36529 552 0 67 80.
36745 333 0 36 59.
37022 275 0 35 64.
37493 433 0 74 78.
37749 265 0 32 59.
37972 225 0 31 66.
38195 260 0 39 59.
38301 148 0 69 71.
38491 126 0 68 83.
38711 270 0 34 59.
39194 690 0 32 59.
39488 1854 0 41 52.
39507 337 0 51 68.
39790 180 0 48 64.
40005 98 0 65 68.
40220 55 0 60 61.
40340 50 0 60 69.
40496 267 0 63 80.
40738 63 0 42 64.
40982 134 0 52 66.
41267 59 0 48 64.
41581 404 0 31 47.
41666 305 0 57 71.
41727 315 0 55 76.
42188 61 0 57 59.
42619 81 0 34 66.
42669 56 0 45 71.
42700 24 0 67 75.
42800 41 0 81 78.
43255 107 0 62 73.
43808 116 0 65 68.
43882 63 0 52 71.
43958 317 0 54 40.
44310 39 0 51 52.
44520 632 0 52 59.
44860 97 0 79 81.
44987 262 0 39 64.
45496 139 0 65 76.
45630 92 0 72 78.
45714 64 0 67 76.
45775 52 0 73 75.
45844 171 0 54 52.
45913 81 0 76 78.
45984 66 0 83 80.
46057 75 0 75 81.
46136 148 0 75 83.
46618 239 0 51 52.
46861 318 0 41 57.
48219 259 0 22 69.
49703 64 0 54 73.
50210 273 0 54 54.
50514 107 0 52 63.
50604 131 0 41 69.
50746 78 0 79 78.
50954 219 0 73 54.
51150 60 0 66 59.
51649 203 0 84 76.
51656 110 0 52 64.
51917 41 0 49 64.
52136 108 0 63 61.
52220 90 0 34 69.
52772 257 0 59 54.
53570 127 0 53 63.
53646 144 0 51 69.
53711 208 0 63 73.
53812 235 0 69 78.
53972 228 0 64 54.
54193 201 0 78 78.
54427 55 0 89 80.
54437 50 0 57 69.
54662 267 0 45 64.
54670 341 0 83 76.
54911 292 0 59 59.
55165 216 0 52 61.
55178 428 0 40 69.
55453 234 0 49 60.
55772 402 0 38 59.
58155 400 0 63 47.
58238 80 0 67 63.
58394 188 0 87 78.
58801 63 0 88 80.
59074 55 0 85 82.
59279 165 0 90 83.
59410 112 0 88 85.
59513 75 0 68 66.
59635 125 0 97 83.
59735 156 0 52 59.
60371 425 0 96 87.
60654 406 0 75 56.
61809 130 0 38 56.
62428 320 0 63 42.
62665 135 0 73 78.
62777 95 0 84 76.
62857 57 0 92 75.
62921 96 0 90 76.
63046 41 0 99 87.
63233 78 0 56 64.
63443 235 0 43 58.
63626 40 0 77 83.
63662 58 0 80 82.
63968 194 0 88 83.
64283 100 0 84 85.
64395 354 0 76 47.
64673 216 0 72 54.
64981 100 0 62 83.
65154 78 0 66 80.
65220 61 0 70 78.
65286 111 0 68 76.
65390 994 0 73 75.
65627 136 0 57 66.
66427 423 0 49 52.
66736 374 0 48 54.
66955 190 0 49 58.
67163 61 0 59 66.
67263 70 0 81 70.
67371 212 0 61 51.
67572 40 0 54 71.
67608 47 0 61 73.
67647 49 0 77 71.
67694 45 0 81 70.
67778 420 0 50 59.
68003 132 0 89 74.
68189 283 0 63 54.
68215 257 0 89 75.
68430 248 0 70 56.
68655 74 0 84 60.
68848 39 0 74 68.
69037 249 0 69 52.
69189 112 0 86 75.
69275 76 0 77 56.
69496 51 0 100 75.
69699 38 0 81 68.
69963 672 0 91 47.
70016 386 0 66 75.
70018 370 0 59 71.
70314 344 0 94 54.
70570 249 0 97 79.
70578 211 0 71 71.
70821 25 0 99 63.
71147 59 0 81 68.
71176 97 0 70 71.
71209 100 0 73 76.
71242 94 0 98 80.
71579 300 0 80 56.
71708 88 0 93 80.
71820 390 0 57 59.
71933 157 0 79 80.
72191 133 0 43 64.
72253 102 0 65 80.
72873 144 0 45 64.
72945 136 0 65 70.
73193 77 0 67 80.
73873 80 0 77 78.
74049 97 0 62 77.
74218 163 0 48 64.
74347 86 0 65 75.
74588 1543 0 50 73.
76086 617 0 47 74.
76624 849 0 28 47.
77296 271 0 34 59.
77586 83 0 67 76.
77795 287 0 37 47.
77847 194 0 76 78.
78040 114 0 65 80.
78126 80 0 70 78.
78194 69 0 80 77.
78246 95 0 74 78.
78334 201 0 60 63.
78597 79 0 33 54.
78603 146 0 88 87.
78860 194 0 71 42.
79404 103 0 54 58.
79628 268 0 76 82.
80141 65 0 50 54.
80684 280 0 34 54.
81226 50 0 67 54.
81442 59 0 33 59.
81635 38 0 57 54.
81804 322 0 64 47.
81870 45 0 92 78.
81951 63 0 76 78.
82001 130 0 75 77.
82112 117 0 86 78.
82221 134 0 95 80.
82367 38 0 89 66.
82506 77 0 88 83.
82601 38 0 78 54.
82731 93 0 105 87.
82831 177 0 88 42.
83184 434 0 91 85.
83374 81 0 61 58.
83596 46 0 66 54.
84030 181 0 80 78.
84272 65 0 60 66.
84531 210 0 53 54.
84857 500 0 44 47.
85175 282 0 49 54.
85414 131 0 34 59.
85919 230 0 47 47.
86127 441 0 61 53.
86323 241 0 55 56.
86524 52 0 71 61.
86611 175 0 93 80.
86734 281 0 90 78.
86943 614 0 71 49.
87154 173 0 90 83.
87372 86 0 95 61.
87635 362 0 81 48.
87798 73 0 96 78.
87960 78 0 94 94.
88300 60 0 76 56.
88436 87 0 92 89.
88557 120 0 81 92.
88982 205 0 84 49.
89197 40 0 94 99.
89332 41 0 86 90.
89452 23 0 76 58.
89576 60 0 76 85.
89661 59 0 80 95.
89741 47 0 75 61.
89826 60 0 70 94.
89903 56 0 79 82.
89978 79 0 80 92.
90220 77 0 67 80.
90288 88 0 71 89.
90367 90 0 63 83.
90454 309 0 45 56.
90708 104 0 72 80.
90721 131 0 59 61.
90907 84 0 60 71.
91016 98 0 75 82.
91125 122 0 49 77.
91392 334 0 57 42.
91432 338 0 44 70.
92682 124 0 44 64.
93244 78 0 43 66.
93641 233 0 58 75.
93958 109 0 59 76.
94097 103 0 78 75.
94220 45 0 41 59.
94224 38 0 38 63.
94312 80 0 73 71.
94434 48 0 70 73.
94519 94 0 77 74.
94629 143 0 88 78.
94748 126 0 90 77.
94850 109 0 92 78.
94856 35 0 63 75.
94938 79 0 77 76.
95056 136 0 88 82.
95076 97 0 39 73.
95189 59 0 85 83.
95328 33 0 87 78.
95334 67 0 54 54.
95564 40 0 81 87.
95657 146 0 52 42.
95661 330 0 50 83.
96194 49 0 49 64.
96315 30 0 54 82.
96427 73 0 80 73.
96523 87 0 69 76.
96622 52 0 75 83.
96747 29 0 37 78.
96839 96 0 74 54.
96927 78 0 88 75.
97061 106 0 51 66.
97197 40 0 54 76.
97348 87 0 46 54.
97458 160 0 83 78.
97582 300 0 59 47.
97641 160 0 83 75.
97654 224 0 55 71.
97895 41 0 81 75.
97975 33 0 65 75.
98109 126 0 57 59.
98133 112 0 41 63.
98238 130 0 104 75.
98339 91 0 99 73.
98345 93 0 97 76.
98551 41 0 84 78.
98590 50 0 85 80.
98622 111 0 77 78.
98718 65 0 89 77.
98830 31 0 104 78.
99042 26 0 73 76.
99122 144 0 78 63.
99127 143 0 35 59.
99260 40 0 85 73.
99263 47 0 79 82.
99418 40 0 80 83.
99481 33 0 72 75.
99494 48 0 65 54.
99592 41 0 96 85.
99780 41 0 83 87.
99860 187 0 60 83.
99863 130 0 49 42.
100018 153 0 81 85.
100166 43 0 78 88.
100377 60 0 57 61.
100406 67 0 18 64.
100415 125 0 76 82.
100514 87 0 87 80.
100616 44 0 99 87.
100839 123 0 78 42.
100891 85 0 79 83.
101015 86 0 97 82.
101103 521 0 62 54.
101433 168 0 61 66.
101484 155 0 84 82.
102029 155 0 88 76.
102158 458 0 76 47.
102172 176 0 80 75.
102407 206 0 82 76.
102508 338 0 86 54.
102587 141 0 100 75.
102738 117 0 66 59.
102751 96 0 84 70.
103053 179 0 96 76.
103056 88 0 86 70.
103247 290 0 93 75.
103258 246 0 67 71.
103727 138 0 107 79.
103732 67 0 96 71.
104199 87 0 94 40.
104242 52 0 90 68.
104251 67 0 85 52.
104568 20 0 81 64.
104577 35 0 76 56.
104700 78 0 84 67.
104751 58 0 86 73.
104828 34 0 89 39.
104842 38 0 104 82.
105106 41 0 99 58.
105299 132 0 86 75.
105365 80 0 105 80.
105407 31 0 94 32.
105415 47 0 111 83.
105674 26 0 106 68.
106045 160 0 113 43.
106065 180 0 84 77.
106071 164 0 85 83.
106086 149 0 112 85.
106391 70 0 84 55.
106965 231 0 106 42.
106992 327 0 89 83.
106997 360 0 104 87.
107004 263 0 63 75.
107495 503 0 76 66.
107689 47 0 97 95.
107829 70 0 60 83.
107922 111 0 75 85.
108023 50 0 82 90.
108105 85 0 72 83.
108189 49 0 77 80.
108194 53 0 75 88.
108255 87 0 88 90.
108325 54 0 88 78.
108411 46 0 90 88.
108416 97 0 55 61.
108492 48 0 96 85.
108576 82 0 88 78.
108665 45 0 72 83.
108742 85 0 75 85.
108832 50 0 82 73.
108921 96 0 76 75.
108934 63 0 60 54.
109113 59 0 82 82.
109266 49 0 67 70.
109268 43 0 68 66.
109439 51 0 67 68.
109617 99 0 60 73.
109629 43 0 48 64.
109900 573 0 46 47.
109915 782 0 61 71.
110279 281 0 61 54.
110538 92 0 70 63.
110800 80 0 84 72.
111081 374 0 78 73.
111396 233 0 41 59.
111412 313 0 27 64.
111695 138 0 84 72.
111815 132 0 89 73.
111923 120 0 87 75.
111935 52 0 37 64.
112172 183 0 84 77.
112314 54 0 95 78.
112425 408 0 54 54.
112611 170 0 90 87.
112728 160 0 51 63.
112737 115 0 77 85.
112943 92 0 86 83.
113046 108 0 88 75.
113166 146 0 68 77.
113281 157 0 84 78.
113419 270 0 58 54.
113540 125 0 78 80.
113675 37 0 81 75.
113700 443 0 59 64.
113833 342 0 73 76.
113997 185 0 51 68.
114168 225 0 65 75.
114410 414 0 40 47.
114762 94 0 56 54.
115050 57 0 52 59.
115294 132 0 77 72.
115573 199 0 73 73.
115735 125 0 78 75.
115833 183 0 43 59.
116092 345 0 58 54.
116212 123 0 95 75.
116318 120 0 94 76.
116419 162 0 99 77.
116548 264 0 67 47.
116687 51 0 98 78.
117244 182 0 37 63.
117541 81 0 56 54.
117799 196 0 70 80.
117958 151 0 75 78.
118096 417 0 48 54.
118282 207 0 53 80.
118463 141 0 44 78.
118714 80 0 57 75.
118792 83 0 62 76.
118872 73 0 58 73.
118912 254 0 45 54.
119011 59 0 61 78.
119214 65 0 62 70.
119471 325 0 49 47.
119790 219 0 48 54.
119862 93 0 71 75.
119931 72 0 66 80.
119987 72 0 60 78.
120060 116 0 59 83.
120310 248 0 51 54.
120453 110 0 64 92.
120533 78 0 71 90.
120603 109 0 66 83.
120849 197 0 49 54.
120974 73 0 70 80.
121033 58 0 75 78.
121098 90 0 56 83.
121336 225 0 45 54.
121466 86 0 57 92.
121534 78 0 54 90.
121990 76 0 55 80.
122053 69 0 52 78.
122130 121 0 53 63.
122364 224 0 39 54.
122565 57 0 51 90.
122896 69 0 39 54.
123142 90 0 37 83.
123492 80 0 37 54.
123906 94 0 28 47.
129741 640 0 63 71.
130291 2116 0 48 52.
130534 399 0 73 80.
130849 301 0 40 59.
131106 169 0 38 64.
131339 262 0 55 59.
131562 488 0 48 56.
131759 61 0 61 76.
131874 42 0 70 80.
132024 51 0 82 85.
132071 28 0 86 87.
132119 50 0 77 88.
132255 44 0 104 87.
132334 54 0 65 59.
132360 60 0 91 79.
132627 358 0 71 47.
132698 334 0 82 83.
133231 45 0 106 81.
133740 328 0 51 47.
133927 115 0 88 78.
134029 69 0 89 80.
134131 36 0 80 78.
134244 24 0 58 80.
134315 39 0 58 80.
134387 46 0 80 80.
134435 67 0 106 75.
134552 36 0 74 80.
134649 45 0 88 80.
134693 35 0 80 78.
134694 42 0 84 57.
134729 47 0 90 80.
134758 52 0 94 78.
134901 85 0 76 73.
135025 204 0 93 40.
135114 254 0 87 71.
135484 36 0 76 64.
135752 511 0 70 61.
135758 42 0 79 69.
135980 42 0 88 71.
136152 51 0 106 81.
136334 336 0 106 80.
136604 72 0 88 64.
136836 46 0 78 56.
137007 37 0 103 66.
137180 49 0 107 76.
137421 459 0 76 66.
137500 572 0 87 76.
137804 235 0 82 54.
138031 45 0 83 59.
138514 126 0 66 66.
138623 54 0 70 75.
138744 49 0 89 78.
139366 72 0 46 69.
140010 120 0 58 68.
140110 58 0 48 71.
140208 108 0 43 40.
140659 94 0 39 52.
140959 442 0 49 59.
141337 64 0 73 81.
141554 241 0 53 80.
141732 75 0 67 75.
141947 87 0 70 79.
142284 763 0 38 62.
142694 91 0 70 66.
142882 52 0 59 63.
142884 424 0 44 52.
142955 78 0 62 64.
143039 65 0 66 66.
143092 50 0 70 68.
143206 46 0 71 71.
143315 44 0 81 74.
143416 50 0 91 76.
143470 48 0 97 78.
143556 59 0 93 81.
143994 204 0 70 52.
144363 257 0 57 61.
146394 176 0 55 85.
146783 76 0 75 83.
147501 675 0 21 69.
147547 666 0 65 76.
147891 106 0 52 54.
148157 74 0 62 61.
148377 52 0 60 64.
148644 351 0 68 47.
148694 305 0 88 78.
148944 203 0 85 54.
149149 53 0 69 59.
149176 37 0 100 75.
149418 33 0 98 63.
149505 84 0 96 80.
149641 129 0 70 49.
149664 183 0 98 76.
150164 118 0 76 69.
150393 48 0 88 81.
151283 346 0 46 60.
151568 352 0 32 64.
151867 176 0 37 54.
152254 422 0 53 78.
152276 428 0 44 76.
152610 237 0 50 54.
152861 166 0 73 78.
152875 121 0 55 75.
153128 29 0 61 63.
153239 114 0 76 80.
153386 2099 0 45 52.
153391 261 0 38 64.
153634 313 0 56 59.
153902 346 0 63 73.
153916 429 0 27 69.
154222 433 0 39 60.
154623 846 0 16 68.
154634 840 0 19 59.
156186 294 0 101 80.
157142 284 0 97 85.
157673 49 0 84 64.
157912 74 0 94 63.
158132 179 0 99 80.
158269 159 0 96 81.
158369 490 0 65 56.
158618 229 0 56 64.
158817 80 0 94 76.
159053 294 0 96 80.
159479 58 0 97 66.
159611 122 0 100 78.
159708 67 0 53 64.
159811 75 0 100 75.
159903 288 0 69 54.
159926 359 0 84 75.
160121 82 0 52 57.
160548 57 0 104 69.
160853 322 0 104 88.
161096 120 0 68 57.
161152 236 0 106 87.
161355 73 0 76 66.
161512 132 0 100 84.
161575 62 0 82 64.
161644 171 0 105 85.
161761 240 0 66 63.
161791 147 0 97 87.
162057 105 0 80 80.
162149 50 0 83 81.
162302 35 0 76 73.
162335 37 0 80 75.
162443 116 0 80 72.
162547 112 0 90 75.
162559 127 0 58 63.
162734 104 0 76 83.
162813 161 0 87 81.
162892 327 0 46 49.
163194 68 0 71 56.
163386 76 0 72 64.
163507 148 0 83 78.
163614 274 0 46 54.
163660 129 0 76 80.
163757 118 0 77 78.
163837 66 0 76 76.
163886 359 0 40 52.
163950 313 0 69 76.
164179 218 0 45 56.
164659 390 0 45 56.
164963 368 0 41 49.
165303 86 0 51 56.
165549 216 0 78 73.
165783 63 0 70 61.
165971 172 0 75 54.
166137 122 0 82 76.
166238 96 0 96 75.
166682 44 0 82 60.
166790 156 0 100 78.
166911 206 0 107 80.
167275 128 0 80 85.
167401 178 0 89 73.
167603 241 0 89 61.
167873 120 0 88 75.
167987 115 0 84 76.
168093 93 0 84 74.
168320 100 0 107 77.
168503 52 0 74 60.
168768 473 0 101 80.
169035 194 0 92 56.
169258 67 0 80 61.
169419 181 0 108 80.
169516 40 0 96 56.
169557 136 0 100 78.
169660 78 0 100 76.
169766 153 0 93 76.
169887 150 0 98 78.
170000 49 0 82 55.
170192 145 0 91 75.
170412 99 0 76 51.
170667 394 0 87 44.
170986 99 0 80 51.
171227 43 0 99 75.
171458 95 0 77 51.
171700 60 0 66 60.
171951 271 0 63 51.
172850 398 0 57 63.
173197 308 0 63 51.
173492 77 0 74 77.
173497 51 0 44 65.
173732 45 0 96 79.
173741 23 0 67 67.
173948 19 0 76 68.
174017 50 0 64 82.
174049 63 0 80 80.
174157 34 0 76 79.
174260 65 0 95 80.
174354 404 0 75 44.
174426 265 0 97 82.
174708 45 0 91 51.
174811 24 0 81 71.
174931 337 0 98 82.
175163 75 0 86 51.
175591 34 0 106 87.
175885 483 0 63 75.
175967 383 0 101 63.
177096 252 0 98 30.
177150 313 0 64 62.
177684 37 0 87 61.
177836 41 0 93 72.
177978 29 0 86 61.
178089 47 0 99 75.
178186 20 0 81 65.
178299 166 0 103 66.
178433 106 0 93 78.
178577 24 0 76 68.
178730 41 0 101 78.
178882 24 0 104 65.
179001 23 0 88 66.
179104 41 0 109 80.
179196 17 0 94 69.
179308 221 0 113 41.
179380 113 0 118 80.
179609 20 0 114 73.
179804 18 0 82 84.
179874 29 0 88 71.
179955 22 0 92 70.
180027 23 0 76 81.
180099 35 0 90 80.
180169 26 0 86 67.
180235 32 0 90 66.
180301 20 0 88 65.
180374 22 0 96 64.
180440 32 0 103 63.
180514 30 0 104 62.
180603 1236 0 105 61.
180894 102 0 108 49.
182043 28 0 107 59.
182298 20 0 79 64.
182504 45 0 109 78.
182706 514 0 102 52.
182723 223 0 114 68.
183184 55 0 106 83.
183191 267 0 117 40.
183415 30 0 102 76.
183715 301 0 110 92.
183981 41 0 113 52.
184188 682 0 104 83.
184195 352 0 103 56.
184654 181 0 98 56.
185072 293 0 101 62.
185079 210 0 115 94.
185642 203 0 113 94.
185927 53 0 101 52.
186133 162 0 89 62.
186180 32 0 114 80.
186374 33 0 109 78.
186526 31 0 97 76.
186665 194 0 105 87.
186897 42 0 92 52.
187130 282 0 65 62.
187133 46 0 90 71.
187321 35 0 90 70.
187495 87 0 92 80.
187699 473 0 94 79.
188033 194 0 79 51.
188358 1386 0 88 82.
188988 743 0 48 60.
189271 316 0 45 63.
189594 479 0 42 58.
189981 250 0 29 61.
190555 763 0 41 72.
190934 445 0 54 51.
191233 316 0 41 56.
191534 257 0 57 51.
191696 323 0 66 44.
191755 184 0 88 75.
191905 116 0 71 77.
191995 79 0 90 75.
192148 62 0 101 75.
192242 178 0 33 60.
192489 204 0 79 84.
192726 109 0 58 39.
193232 138 0 49 61.
193471 50 0 63 51.
193704 275 0 44 39.
193977 42 0 53 51.
194252 143 0 57 63.
194554 319 0 35 51.
195136 187 0 68 73.
195226 259 0 50 51.
195316 132 0 76 72.
195482 150 0 34 60.
195491 91 0 68 71.
195635 58 0 76 72.
195732 253 0 55 51.
195930 281 0 69 44.
196206 81 0 76 75.
196298 103 0 85 77.
196403 130 0 85 79.
196640 41 0 75 51.
196762 137 0 103 84.
196950 381 0 106 84.
197291 519 0 88 82.
197539 196 0 72 61.
197780 476 0 78 79.
198233 124 0 89 75.
198474 83 0 78 63.
198745 347 0 51 51.
199405 529 0 70 51.
199625 152 0 92 77.
200077 258 0 86 44.
200093 276 0 92 74.
200333 207 0 81 53.
200536 97 0 91 79.
200756 48 0 88 62.
200848 153 0 99 77.
200986 169 0 101 75.
201510 52 0 93 58.
201735 50 0 93 63.
202043 193 0 101 45.
202266 52 0 113 75.
202436 184 0 87 53.
202735 128 0 103 89.
203033 43 0 83 86.
203111 49 0 71 86.
203457 111 0 88 87.
203934 47 0 75 96.
204089 58 0 63 87.
204208 384 0 40 55.
204544 178 0 73 87.
204553 304 0 50 58.
204632 58 0 76 91.
204715 90 0 69 79.
204796 90 0 77 89.
204807 47 0 60 63.
205047 161 0 76 77.
205121 93 0 75 86.
205293 86 0 30 53.
205383 159 0 49 74.
205579 521 0 46 56.
205917 171 0 65 79.
205930 124 0 38 62.
206401 406 0 41 39.
206462 259 0 41 67.
207328 106 0 49 65.
207855 306 0 47 61.
208542 122 0 37 63.
209015 196 0 33 68.
209402 134 0 59 73.
209592 111 0 54 72.
209724 50 0 32 60.
209746 95 0 27 67.
209845 114 0 54 68.
209945 215 0 52 51.
209957 29 0 66 70.
210044 51 0 84 74.
210165 205 0 27 44.
210265 100 0 76 74.
210371 230 0 63 51.
210486 38 0 83 77.
210615 110 0 44 56.
210618 89 0 50 60.
210754 86 0 76 72.
210896 18 0 94 75.
211069 30 0 79 80.
211159 90 0 20 80.
211279 242 0 66 39.
211311 406 0 84 84.
211887 90 0 59 61.
212025 40 0 37 79.
212180 101 0 61 70.
212302 187 0 65 73.
212417 82 0 61 39.
212434 68 0 77 80.
212545 103 0 67 75.
212640 326 0 58 51.
212893 133 0 62 79.
213021 162 0 55 73.
213026 119 0 75 77.
213197 55 0 47 51.
213348 210 0 66 75.
213548 304 0 38 68.
213551 339 0 42 44.
213877 151 0 69 73.
213889 262 0 40 51.
214050 70 0 73 72.
214150 81 0 51 56.
214170 57 0 34 60.
214186 86 0 55 67.
214291 106 0 65 68.
214404 36 0 71 70.
214491 38 0 90 74.
214633 47 0 91 75.
214830 96 0 80 74.
214962 56 0 87 75.
215074 51 0 101 77.
215125 261 0 72 56.
215200 84 0 99 77.
215335 40 0 97 79.
215496 25 0 55 72.
215543 64 0 63 72.
215647 23 0 91 75.
215786 43 0 83 80.
215868 224 0 70 80.
216054 58 0 97 82.
216210 29 0 93 97.
216345 109 0 99 70.
216448 109 0 79 61.
216492 117 0 91 82.
216588 24 0 84 77.
216759 34 0 89 96.
217053 145 0 57 39.
217074 162 0 69 77.
217212 54 0 84 79.
217313 553 0 63 51.
217828 83 0 65 79.
218008 54 0 72 77.
218129 251 0 50 51.
218441 29 0 81 73.
218536 277 0 58 44.
218601 199 0 65 68.
218838 40 0 64 70.
219033 71 0 73 68.
219181 56 0 89 71.
219352 200 0 97 68.
219536 72 0 87 70.
219768 402 0 104 75.
219773 394 0 79 66.
220086 227 0 97 51.
220325 154 0 107 76.
220332 77 0 89 72.
220338 20 0 94 66.
220576 39 0 101 60.
220881 151 0 92 37.
220920 110 0 73 68.
220957 290 0 94 73.
221223 33 0 103 61.
221232 33 0 65 53.
2017 1137 2 24 64.
3041 362 2 28 66.
3348 653 2 32 68.
3948 615 2 38 69.
4499 260 2 32 71.
7283 4605 2 48 69.
11807 377 2 44 68.
12146 382 2 38 69.
12481 239 2 34 68.
12835 794 2 30 66.
13604 762 2 28 64.
15876 1153 2 18 61.
16967 426 2 24 63.
17357 645 2 27 64.
17951 561 2 29 66.
18485 223 2 32 68.
18688 1972 2 29 69.
20586 307 2 32 68.
20870 369 2 34 69.
21151 405 2 37 68.
21495 4611 2 37 66.
26049 377 2 33 64.
26370 296 2 31 66.
27080 815 2 26 63.
30221 2278 2 43 61.
32410 2117 2 35 63.
56347 299 2 35 68.
56621 315 2 38 70.
56900 610 2 44 71.
57454 762 2 40 64.
58094 1263 2 39 63.
59335 2157 2 44 71.
61339 2258 2 40 68.
63489 566 2 52 66.
63983 962 2 48 64.
64894 487 2 49 63.
65317 674 2 50 66.
65854 583 2 45 63.
66388 624 2 39 61.
68225 1766 2 71 68.
69949 1577 2 76 71.
71444 326 2 65 70.
71720 381 2 57 68.
72028 273 2 57 66.
72278 384 2 51 64.
72553 603 2 48 63.
72989 2636 2 42 61.
77805 608 2 43 63.
78347 568 2 43 66.
78836 575 2 41 64.
79853 634 2 36 64.
80361 557 2 32 66.
81843 533 2 51 63.
82343 607 2 57 66.
82838 404 2 47 64.
83805 564 2 53 64.
84254 521 2 50 66.
85931 955 2 63 68.
86751 508 2 71 70.
87201 528 2 77 66.
87652 1490 2 80 75.
89063 1700 2 61 73.
90704 821 2 49 71.
91410 660 2 35 70.
94642 492 2 49 63.
95054 681 2 55 66.
95670 445 2 50 64.
96646 467 2 55 64.
97032 502 2 52 66.
98538 586 2 67 63.
99042 1023 2 60 66.
99910 392 2 50 64.
100795 768 2 54 64.
101486 709 2 48 66.
102751 1117 2 78 66.
103750 528 2 79 71.
104824 598 2 71 70.
109240 661 2 49 73.
112738 501 2 46 75.
117246 622 2 34 75.
120589 279 2 31 71.
121119 243 2 22 71.
121638 267 2 21 71.
124817 690 2 36 83.
125448 745 2 39 81.
126136 329 2 35 80.
126407 251 2 39 81.
126615 280 2 37 80.
126842 763 2 45 78.
127541 690 2 43 75.
128130 185 2 36 73.
129746 521 2 34 71.
131592 1135 2 35 68.
132692 2479 2 47 66.
135081 679 2 51 68.
136076 355 2 70 66.
136332 586 2 58 68.
136847 494 2 54 71.
139386 813 2 49 69.
140170 818 2 30 68.
148157 443 2 31 73.
149192 282 2 46 71.
149433 324 2 55 69.
149696 565 2 57 68.
151554 725 2 40 72.
152167 739 2 33 71.
152872 397 2 43 69.
153198 361 2 38 66.
153457 1852 2 29 64.
157119 358 2 65 64.
157376 380 2 52 66.
157666 435 2 43 68.
158363 332 2 63 66.
158620 362 2 59 68.
159259 312 2 73 68.
159511 363 2 60 69.
160140 280 2 74 68.
160385 327 2 57 69.
161040 316 2 74 68.
161355 387 2 56 69.
162019 288 2 68 68.
162284 597 2 59 69.
163164 313 2 68 66.
163419 472 2 48 68.
164149 329 2 53 66.
164428 390 2 48 68.
165249 361 2 61 69.
165530 506 2 68 68.
165994 258 2 79 66.
166202 370 2 69 64.
166447 483 2 72 63.
166897 367 2 58 64.
167147 350 2 59 66.
167361 523 2 66 68.
167828 329 2 76 66.
168098 423 2 60 64.
168373 389 2 70 63.
168745 277 2 67 64.
169305 717 2 70 73.
170682 1058 2 61 68.
185089 550 2 87 70.
185610 1682 2 84 71.
187123 688 2 61 68.
187716 646 2 53 67.
191738 560 2 41 68.
192235 538 2 46 72.
192747 539 2 44 75.
193232 1702 2 49 70.
195961 511 2 55 68.
196438 519 2 68 72.
196918 591 2 58 75.
199044 1224 2 42 72.
200094 859 2 57 70.
201485 1511 2 58 75.
202915 965 2 45 72.
203736 1904 2 40 70.
205586 895 2 33 68.
206434 672 2 29 67.
210156 537 2 51 68.
210605 672 2 48 72.
211213 862 2 49 75.
211907 1657 2 55 70.
5333 1084 3 31 69.
6339 317 3 28 68.
6628 343 3 33 69.
6932 373 3 31 68.
7272 2055 3 37 66.
9298 609 3 42 64.
9869 173 3 45 63.
11408 1311 3 42 64.
12710 144 3 37 59.
12848 794 3 31 57.
13592 755 3 33 56.
19471 1142 3 27 66.
20562 349 3 31 64.
20886 266 3 33 66.
21512 2160 3 28 63.
23541 551 3 28 61.
25837 1309 3 31 61.
27945 717 3 28 61.
30232 2320 3 43 57.
32508 2118 3 30 59.
56362 1147 3 31 59.
57448 392 3 32 56.
57763 396 3 36 58.
58134 2512 3 39 59.
60322 2257 3 51 56.
62447 2138 3 57 58.
64446 1902 3 49 59.
67407 1740 3 74 63.
69081 946 3 80 64.
72904 2773 3 43 64.
79840 594 3 54 59.
83799 579 3 54 59.
86772 954 3 72 61.
96640 504 3 64 59.
100802 721 3 63 59.
106021 1066 3 103 65.
109263 765 3 54 64.
112723 485 3 52 66.
117247 664 3 53 66.
119525 991 3 48 63.
120585 287 3 36 63.
121110 181 3 32 63.
121626 152 3 29 63.
124833 740 3 38 75.
125497 653 3 35 73.
126110 306 3 38 71.
126372 268 3 34 73.
126604 360 3 32 71.
126891 734 3 31 69.
127562 588 3 39 66.
128127 427 3 40 64.
128366 886 3 42 66.
129201 545 3 36 64.
129643 694 3 36 63.
130280 1692 3 27 64.
131594 1049 3 45 59.
135767 622 3 64 61.
136310 614 3 70 59.
136864 507 3 67 64.
138568 1661 3 61 63.
140174 1045 3 41 64.
143766 4926 3 36 61.
148622 1084 3 49 63.
149647 593 3 57 64.
151543 1437 3 47 64.
152873 617 3 30 63.
153444 1834 3 37 64.
157102 305 3 86 61.
157356 354 3 80 63.
157673 333 3 67 64.
158319 294 3 72 63.
158589 254 3 62 64.
159249 267 3 79 64.
159492 200 3 73 66.
160127 250 3 65 64.
160356 188 3 50 66.
161062 256 3 62 64.
161999 277 3 58 64.
162271 272 3 48 66.
163195 311 3 61 63.
163428 236 3 55 64.
164134 294 3 51 63.
165229 329 3 57 66.
165500 627 3 59 64.
165974 297 3 64 63.
166199 270 3 74 61.
166439 508 3 65 60.
166864 368 3 52 61.
167183 223 3 67 63.
167373 474 3 65 64.
167795 361 3 72 63.
168110 288 3 67 61.
168369 484 3 58 60.
168770 368 3 57 61.
169005 335 3 66 63.
169273 267 3 61 64.
170015 258 3 58 61.
170232 267 3 65 60.
170438 277 3 60 61.
170698 1076 3 58 60.
185075 675 3 72 58.
185636 2133 3 67 56.
187681 543 3 44 58.
188971 658 3 61 63.
189562 921 3 51 61.
190442 728 3 44 60.
191733 613 3 59 60.
192232 592 3 57 63.
192719 599 3 61 61.
193242 491 3 46 63.
193679 690 3 54 61.
194222 633 3 56 63.
194820 762 3 50 60.
195505 545 3 47 63.
195966 546 3 41 60.
196416 534 3 54 63.
196918 860 3 52 61.
197498 585 3 42 63.
198013 529 3 45 61.
198478 629 3 40 63.
199031 809 3 46 60.
199640 522 3 57 63.
200117 548 3 60 62.
200544 630 3 70 58.
200999 530 3 76 63.
201464 643 3 68 58.
5350 716 4 27 63.
6025 2027 4 32 64.
7998 382 4 35 63.
8332 351 4 40 61.
8652 4209 4 44 59.
13593 756 4 20 64.
19450 881 4 26 60.
20183 2034 4 36 61.
22146 432 4 31 60.
22483 455 4 33 58.
22845 4011 4 30 56.
27113 731 4 32 54.
30271 4411 4 40 54.
56350 633 4 35 64.
56908 668 4 29 66.
57529 364 4 31 56.
57785 304 4 28 54.
58139 1293 4 34 54.
66435 978 4 50 58.
72926 2637 4 51 49.
77281 728 4 44 54.
80376 646 4 44 54.
84253 624 4 50 54.
94221 483 4 56 54.
97024 628 4 75 54.
101433 757 4 76 54.
104845 647 4 94 67.
106045 1771 4 93 59.
109275 1312 4 46 54.
112198 2847 4 57 54.
116557 3817 4 54 54.
120548 289 4 37 54.
121079 232 4 33 54.
121610 183 4 30 54.
124841 749 4 38 78.
125534 638 4 33 76.
126114 330 4 35 75.
126383 276 4 35 76.
126606 395 4 34 75.
126886 761 4 40 73.
127577 2856 4 33 69.
130350 1308 4 36 68.
131578 1047 4 49 64.
134348 811 4 59 63.
135116 653 4 51 64.
137374 1252 4 61 54.
138597 2418 4 58 59.
143776 4885 4 35 69.
148640 608 4 51 54.
149203 503 4 57 59.
149669 721 4 65 61.
150341 1254 4 63 60.
7293 1098 5 54 47.
8278 409 5 46 49.
8622 741 5 45 51.
9331 596 5 50 52.
9901 159 5 46 54.
11447 1512 5 30 52.
12902 672 5 35 47.
13635 854 5 32 40.
21551 981 5 58 44.
22448 412 5 53 46.
22798 780 5 46 48.
23524 628 5 50 49.
24100 192 5 53 51.
25741 1383 5 37 49.
27102 836 5 34 44.
27904 676 5 31 45.
30237 2183 5 41 42.
32417 2103 5 43 47.
56355 710 5 35 52.
56880 710 5 37 51.
57481 677 5 36 49.
58105 2202 5 34 47.
60304 2145 5 43 49.
62415 2039 5 53 42.
64437 1837 5 57 47.
66942 503 5 53 54.
67383 451 5 67 51.
67799 379 5 66 54.
68640 478 5 71 56.
69052 480 5 75 52.
69500 473 5 74 56.
69917 701 5 73 57.
70552 700 5 76 59.
71144 813 5 75 56.
71873 576 5 68 61.
72402 586 5 57 59.
72864 2645 5 50 58.
79846 544 5 63 44.
80329 678 5 71 46.
80964 655 5 67 47.
83784 522 5 63 44.
84232 607 5 69 46.
84788 2020 5 66 47.
86738 944 5 74 46.
87617 1489 5 79 48.
89044 2423 5 66 49.
91417 571 5 54 54.
93609 609 5 63 47.
96618 470 5 71 44.
97021 668 5 68 46.
97644 519 5 64 47.
100821 691 5 84 44.
101452 741 5 85 46.
102161 2089 5 78 47.
104849 521 5 84 51.
106038 1018 5 87 43.
107002 760 5 97 42.
109907 666 5 37 47.
128161 303 5 46 49.
128372 849 5 51 51.
129171 639 5 44 52.
129686 748 5 38 54.
130364 2306 5 31 52.
132668 2512 5 45 47.
135100 693 5 56 52.
135759 628 5 66 45.
136349 1067 5 55 40.
137356 2914 5 54 47.
140204 736 5 37 52.
143737 3864 5 36 45.
147552 1093 5 52 42.
148601 1163 5 44 47.
149658 497 5 55 49.
152230 1252 5 36 47.
153433 1848 5 31 52.
157130 278 5 53 49.
157879 289 5 76 54.
158116 492 5 83 56.
158569 277 5 86 52.
158809 267 5 78 56.
159032 478 5 79 57.
159478 245 5 72 54.
159684 278 5 72 56.
159940 425 5 68 57.
160351 222 5 67 54.
160532 291 5 61 56.
160778 565 5 53 57.
161262 308 5 78 54.
161526 277 5 71 56.
161771 515 5 67 57.
162252 371 5 66 54.
162594 412 5 43 57.
162955 494 5 30 56.
163416 256 5 54 52.
163618 330 5 58 54.
163903 502 5 63 56.
164395 273 5 74 52.
164607 379 5 67 54.
164956 560 5 48 56.
165753 299 5 53 56.
165990 483 5 62 57.
166429 285 5 76 54.
166698 278 5 61 57.
166937 382 5 48 56.
167610 289 5 51 56.
167847 507 5 58 57.
168327 285 5 65 54.
168528 269 5 76 57.
168740 438 5 64 56.
169487 324 5 79 54.
30303 2152 6 35 42.
32512 2147 6 46 35.
56342 662 6 29 40.
56902 625 6 32 39.
57479 689 6 33 37.
58124 1018 6 28 35.
69066 936 6 68 37.
69932 1311 6 74 35.
71179 1804 6 58 40.
72906 2649 6 49 42.
91408 594 6 53 42.
93589 628 6 45 35.
104860 468 6 96 39.
105969 1089 6 97 43.
107001 661 6 86 42.
135737 632 6 57 45.
136309 967 6 49 40.
140120 1102 6 44 40.
143738 3895 6 43 33.
153406 2011 6 49 40.
160801 2206 6 80 36.
162952 1936 6 71 37.
166010 462 6 65 42.
167833 520 6 61 42.
169800 904 6 84 45.
170663 371 6 65 44.
170979 332 6 60 43.
171248 311 6 56 44.
171501 249 6 42 43.
171708 309 6 43 44.
171961 307 6 36 43.
172208 346 6 39 44.
172464 418 6 29 43.
172818 680 6 24 44.
176114 358 6 84 38.
176385 297 6 94 39.
176631 532 6 87 41.
177091 757 6 69 42.
180897 296 6 86 36.
181161 253 6 96 37.
181393 306 6 93 39.
181670 6135 6 107 40.
187718 2874 6 54 39.
190483 741 6 51 32.
193685 593 6 72 41.
194198 790 6 75 43.
194899 650 6 58 44.
197995 534 6 71 41.
198442 709 6 73 43.
199070 2032 6 80 44.
208953 723 6 53 44.
212413 491 6 70 41.
212836 777 6 77 43.
213522 663 6 58 44.
217044 808 6 71 41.
217787 927 6 78 43.
218623 2171 6 63 44.
221489 638 6 101 48.
222088 816 6 118 41.
222883 1105 6 116 40.
223957 3400 6 113 39.
32501 2744 7 38 59.
35135 214 7 30 64.
35409 878 7 23 64.
101450 747 7 70 66.
102173 1092 7 60 59.
103215 523 7 64 71.
104234 616 7 80 68.
104859 1187 7 88 63.
106016 1051 7 85 65.
107038 2923 7 90 66.
109882 691 7 55 59.
119529 5455 7 35 59.
155300 579 7 37 68.
155918 554 7 52 68.
156508 396 7 59 68.
156940 136 7 69 68.
157100 619 7 65 68.
157100 612 7 79 56.
91997 532 12 50 80.
92493 527 12 35 73.
92948 685 12 42 75.
93603 668 12 33 71.
207087 636 12 39 89.
207594 544 12 28 82.
208150 852 12 28 79.
208978 734 12 25 80.
295710 1498 12 48 80.
295717 1539 12 40 68.
297133 1378 12 54 81.
298417 1992 12 60 71.
298423 1947 12 58 83.
73079 2664 14 27 64.
92024 436 14 56 68.
92463 1242 14 53 64.
72961 2649 15 51 54.
75736 839 15 57 66.
76604 1389 15 59 66.
77851 612 15 60 63.
78376 584 15 54 59.
78906 1066 15 49 54.
80972 587 15 86 66.
81439 299 15 86 68.
81668 316 15 78 66.
81881 377 15 73 64.
82116 372 15 75 63.
82360 322 15 71 61.
82630 322 15 66 59.
82897 3163 15 61 54.
85920 998 15 64 56.
86765 479 15 74 58.
87174 591 15 70 54.
87652 1494 15 78 63.
89036 1788 15 64 61.
90723 798 15 57 59.
91424 692 15 52 58.
92966 621 15 72 66.
93622 1125 15 78 66.
94652 437 15 70 63.
95059 696 15 68 59.
95700 1057 15 66 54.
97638 547 15 88 66.
98122 281 15 95 68.
98346 262 15 88 66.
98552 284 15 83 64.
98786 208 15 83 63.
99123 386 15 82 61.
99432 582 15 72 59.
99949 1029 15 67 54.
110577 498 15 41 54.
115003 586 15 44 54.
115541 695 15 46 55.
116564 703 15 57 63.
155326 682 15 35 64.
155909 495 15 43 63.
156463 579 15 60 63.
157048 368 15 54 64.
172858 1479 15 50 56.
174385 651 15 63 59.
174978 1131 15 42 55.

