117 27 0 60 77.
145 78 0 60 68.
246 436 0 70 72.
463 112 0 30 67.
570 120 0 30 66.
680 238 0 80 70.
905 114 0 60 68.
1014 65 0 60 67.
1124 106 0 30 60.
1196 32 0 60 64.
1223 77 0 60 65.
1293 36 0 60 67.
1323 122 0 60 68.
1434 95 0 30 56.
1546 245 0 90 65.
1780 55 0 60 64.
1860 20 0 70 61.
1901 82 0 85 55.
2108 40 0 120 77.
2108 40 0 100 65.
2217 40 0 120 76.
2217 40 0 90 67.
2303 24 0 70 61.
2348 77 0 85 55.
2555 40 0 120 77.
2555 40 0 100 70.
2658 40 0 120 82.
2658 40 0 100 70.
2731 21 0 105 70.
2759 82 0 100 79.
2969 223 0 110 85.
3050 25 0 90 77.
3186 60 0 90 79.
3262 27 0 100 82.
3290 60 0 100 80.
3361 27 0 100 79.
3388 100 0 100 77.
3708 225 0 60 65.
3919 180 0 60 68.
4125 88 0 60 67.
4206 18 0 60 70.
4222 77 0 60 68.
4388 80 0 60 77.
4494 56 0 60 77.
4559 230 0 70 68.
4782 162 0 75 69.
4938 42 0 80 70.
4999 92 0 60 70.
5087 12 0 60 73.
5185 18 0 60 70.
5267 80 0 80 77.
5425 50 0 70 71.
5593 48 0 80 76.
5703 118 0 85 79.
5815 45 0 60 77.
5872 68 0 70 77.
6036 45 0 80 76.
6147 115 0 90 79.
6254 42 0 70 77.
6306 68 0 78 77.
6368 22 0 95 92.
6746 22 0 100 87.
6773 22 0 90 87.
6800 22 0 110 89.
6828 22 0 90 89.
7044 22 0 90 87.
7072 22 0 90 87.
7100 22 0 90 87.
7128 22 0 95 85.
7318 44 0 85 84.
7341 35 0 90 85.
7365 40 0 80 84.
7398 95 0 100 89.
7732 30 0 80 79.
7838 95 0 95 85.
8118 22 0 95 85.
8144 22 0 75 85.
8170 22 0 75 85.
8196 22 0 75 85.
8223 22 0 85 84.
8250 22 0 75 84.
8278 20 0 85 82.
8301 20 0 75 82.
8329 22 0 85 80.
8356 22 0 75 80.
8384 22 0 85 79.
8409 22 0 75 79.
8434 22 0 85 77.
8459 22 0 75 77.
8484 22 0 80 76.
8514 22 0 75 76.
8544 22 0 95 76.
8571 22 0 75 76.
8598 22 0 75 76.
8624 22 0 75 76.
8650 22 0 75 76.
8679 22 0 75 76.
8708 22 0 75 76.
8734 22 0 75 76.
8759 22 0 85 77.
8784 22 0 75 77.
8813 22 0 85 82.
8838 22 0 75 82.
8863 22 0 75 82.
8890 22 0 75 82.
8918 22 0 75 82.
8946 22 0 75 82.
8974 22 0 85 85.
9002 22 0 75 85.
9030 22 0 75 85.
9057 22 0 75 85.
9088 22 0 85 84.
9116 22 0 75 84.
9145 22 0 85 82.
9169 22 0 75 82.
9193 22 0 85 80.
9218 22 0 75 80.
9244 22 0 85 76.
9268 22 0 75 76.
9292 22 0 85 77.
9321 22 0 75 77.
9348 22 0 85 78.
9376 22 0 75 78.
9404 22 0 95 90.
9432 22 0 80 90.
9460 22 0 80 90.
9488 22 0 80 90.
9516 22 0 90 89.
9541 22 0 80 89.
9567 22 0 90 87.
9591 22 0 80 87.
9615 22 0 90 85.
9640 22 0 80 85.
9665 22 0 90 81.
9690 22 0 80 81.
9715 22 0 90 82.
9742 22 0 80 82.
9770 22 0 90 85.
9800 22 0 80 85.
9829 22 0 95 78.
9856 22 0 80 78.
9883 22 0 80 78.
9910 22 0 60 78.
9940 22 0 90 77.
9968 22 0 80 77.
9997 22 0 90 76.
10024 22 0 80 76.
10051 22 0 80 76.
10078 22 0 80 76.
10107 22 0 90 77.
10133 22 0 80 77.
10159 22 0 80 77.
10185 22 0 80 77.
10212 22 0 90 83.
10240 22 0 80 83.
10268 22 0 96 77.
10294 22 0 80 77.
10320 22 0 80 77.
10346 22 0 80 77.
10373 22 0 90 75.
10401 22 0 80 75.
10429 22 0 90 74.
10455 22 0 80 74.
10481 22 0 80 74.
10507 22 0 80 74.
10533 22 0 90 75.
10560 22 0 80 75.
10587 22 0 80 75.
10614 22 0 80 75.
10642 22 0 90 82.
10671 22 0 80 82.
10700 22 0 90 75.
10726 22 0 80 75.
10752 22 0 80 75.
10778 22 0 80 75.
10805 22 0 90 73.
10832 22 0 80 73.
10859 22 0 90 72.
10886 22 0 80 72.
10913 22 0 80 72.
10940 22 0 80 72.
10968 22 0 90 78.
10995 22 0 80 78.
11022 22 0 80 78.
11049 22 0 80 78.
11076 22 0 90 77.
11103 22 0 80 77.
11130 22 0 80 77.
11157 22 0 80 77.
11186 22 0 85 77.
11210 22 0 60 71.
11234 22 0 80 77.
11258 22 0 80 77.
11282 22 0 80 77.
11306 22 0 80 77.
11330 22 0 80 77.
11354 22 0 80 77.
11384 22 0 95 83.
11412 22 0 85 83.
11440 22 0 85 83.
11468 22 0 85 83.
11499 49 0 100 84.
11557 45 0 45 64.
11617 183 0 80 72.
11830 23 0 80 74.
11882 18 0 84 77.
11940 70 0 90 80.
12066 161 0 85 74.
12246 17 0 80 73.
12297 18 0 86 76.
12350 25 0 92 79.
12406 95 0 95 82.
12520 185 0 85 76.
12735 24 0 80 77.
12789 28 0 86 80.
12814 37 0 89 82.
12847 100 0 60 77.
12970 125 0 100 89.
12970 120 0 60 72.
13319 177 0 60 77.
13488 60 0 60 76.
13540 64 0 45 65.
13596 60 0 60 76.
13649 66 0 60 77.
13710 66 0 60 73.
13768 66 0 60 70.
13873 166 0 80 73.
14040 59 0 60 72.
14094 65 0 60 73.
14150 67 0 60 70.
14379 66 0 60 68.
14439 64 0 60 67.
14493 64 0 60 70.
14547 105 0 45 58.
14598 47 0 60 70.
14654 58 0 60 64.
14705 21 0 60 72.
14763 100 0 45 61.
14813 66 0 60 68.
14976 100 0 45 58.
15026 50 0 60 70.
15086 99 0 60 64.
15408 80 0 90 77.
15518 120 0 90 76.
19340 60 0 35 70.
19397 60 0 35 67.
19454 60 0 35 70.
19512 60 0 35 68.
19570 60 0 35 65.
19628 60 0 35 63.
19686 60 0 35 70.
19753 115 0 70 72.
19810 60 0 35 63.
19867 91 0 70 73.
19922 60 0 35 63.
19944 22 0 75 72.
19978 60 0 35 67.
20034 60 0 35 63.
20090 60 0 35 67.
20156 64 0 70 70.
20329 81 0 70 70.
20452 91 0 80 73.
20507 60 0 35 63.
20563 60 0 35 67.
20679 60 0 35 68.
20734 60 0 35 63.
20790 100 0 35 72.
20846 60 0 35 68.
20902 75 0 90 79.
20958 60 0 35 70.
21014 60 0 35 74.
21070 60 0 35 70.
21126 60 0 35 67.
21182 60 0 35 70.
21238 60 0 35 67.
21293 64 0 80 76.
21354 80 0 85 77.
21354 50 0 60 65.
21407 50 0 60 75.
21461 60 0 60 77.
21461 50 0 60 65.
21514 50 0 60 75.
21540 25 0 60 77.
21574 50 0 65 73.
21634 50 0 65 73.
21691 22 0 96 85.
21691 50 0 70 73.
21746 22 0 70 85.
21746 50 0 70 73.
21773 22 0 70 85.
21801 22 0 90 85.
21855 22 0 70 85.
21911 22 0 85 84.
21965 22 0 70 84.
22021 22 0 70 84.
22075 22 0 70 84.
22131 22 0 85 82.
22159 22 0 70 82.
22187 22 0 70 82.
22215 22 0 70 82.
22245 97 0 85 82.
22352 114 0 60 67.
22568 54 0 80 73.
22623 59 0 75 72.
22681 100 0 65 65.
22788 158 0 75 77.
22896 114 0 60 68.
22944 28 0 75 75.
23004 60 0 75 73.
23055 56 0 72 72.
23113 114 0 55 65.
23233 221 0 85 71.
23450 50 0 80 70.
23501 56 0 80 68.
23561 107 0 75 67.
23671 174 0 85 70.
23671 110 0 55 61.
23781 114 0 60 60.
23832 54 0 55 65.
23890 42 0 55 63.
23941 69 0 50 61.
24005 70 0 75 63.
24546 110 0 50 73.
24649 110 0 50 72.
24764 110 0 50 73.
24871 100 0 50 70.
24983 57 0 70 73.
25095 80 0 60 63.
25203 58 0 70 73.
25287 29 0 60 73.
25318 80 0 60 63.
25428 90 0 70 73.
25509 30 0 60 72.
25542 110 0 60 68.
25649 89 0 60 70.
25761 98 0 80 72.
25817 40 0 60 67.
25874 28 0 80 71.
25898 27 0 85 72.
25925 40 0 60 67.
25988 40 0 65 65.
26091 23 0 85 76.
26141 40 0 65 65.
26199 100 0 90 82.
26253 40 0 70 65.
26307 22 0 95 84.
26362 22 0 80 79.
26419 40 0 85 68.
26474 40 0 85 68.
26529 110 0 80 75.
26584 40 0 75 68.
26653 101 0 80 68.
26653 40 0 60 56.
26708 40 0 60 65.
26762 40 0 60 65.
26786 29 0 80 68.
26815 40 0 60 65.
26840 29 0 80 68.
26869 40 0 60 65.
26924 40 0 60 65.
26977 21 0 80 72.
27027 23 0 85 75.
27085 40 0 60 64.
27140 40 0 60 64.
27188 25 0 80 80.
27211 31 0 80 79.
27240 24 0 77 76.
27295 70 0 90 84.
27411 70 0 90 77.
27521 70 0 90 82.
27633 70 0 90 76.
27743 70 0 90 80.
27850 107 0 70 73.
27963 106 0 65 72.
28067 51 0 65 70.
28176 105 0 50 58.
28285 90 0 60 65.
28405 170 0 50 65.
28954 70 0 50 65.
29068 70 0 50 65.
29182 70 0 50 65.
29296 170 0 50 65.
29853 70 0 50 65.
29967 70 0 50 65.
30081 70 0 50 65.
30195 435 0 50 65.
30423 120 0 35 61.
30537 120 0 35 58.
30651 220 0 35 61.
30879 220 0 50 65.
31107 720 0 50 65.
31882 195 0 55 65.
32071 170 0 50 64.
32240 180 0 45 65.
35612 390 0 60 67.
35996 210 0 40 58.
36222 150 0 50 61.
36369 120 0 35 60.
37427 140 0 45 55.
37554 90 0 30 56.
38630 145 0 45 64.
39311 305 0 53 60.
39580 515 0 53 65.
39830 235 0 53 58.
40087 510 0 53 58.
40340 260 0 53 65.
40630 155 0 45 67.
40771 165 0 45 65.
40923 120 0 45 64.
41971 165 0 55 64.
42106 90 0 30 56.
42870 320 0 45 68.
43179 1000 0 45 60.
44307 390 0 45 58.
45207 135 0 57 67.
45335 140 0 60 68.
45472 270 0 60 67.
45594 135 0 60 58.
45723 120 0 60 65.
45883 600 0 70 65.
46696 170 0 60 65.
46857 110 0 55 64.
47122 250 0 55 65.
47367 110 0 60 60.
47603 250 0 65 68.
47838 110 0 65 67.
48071 240 0 70 65.
48306 110 0 50 60.
49056 260 0 55 61.
49306 110 0 50 60.
50044 265 0 55 61.
50293 110 0 50 60.
50905 260 0 60 62.
51139 130 0 60 67.
51262 110 0 55 65.
51381 280 0 70 62.
51652 110 0 60 67.
51761 250 0 55 60.
52001 230 0 60 65.
52239 490 0 65 68.
52727 110 0 70 65.
53637 170 0 50 65.
53800 110 0 45 64.
53980 275 0 55 65.
54245 145 0 50 63.
54503 275 0 55 72.
54769 130 0 45 70.
54894 80 0 40 63.
55061 265 0 65 60.
55316 135 0 50 65.
55443 120 0 40 58.
55570 265 0 65 60.
55822 120 0 50 65.
55953 140 0 50 63.
56086 140 0 50 61.
56216 145 0 50 60.
56345 155 0 50 59.
56482 120 0 50 58.
56644 155 0 50 61.
56785 120 0 50 60.
56919 155 0 50 65.
57061 820 0 45 67.
57874 150 0 55 68.
58018 150 0 59 70.
58193 265 0 65 70.
58450 240 0 52 61.
64261 165 0 45 67.
64417 290 0 40 61.
64554 150 0 45 70.
64699 120 0 45 63.
64973 295 0 60 67.
65258 110 0 45 68.
65663 290 0 45 63.
65797 300 0 40 60.
65939 145 0 45 65.
66080 140 0 45 67.
66213 155 0 45 68.
66362 110 0 45 67.
66687 285 0 50 72.
66964 120 0 45 65.
67265 285 0 50 70.
67541 300 0 45 63.
67857 295 0 50 67.
68143 270 0 50 68.
68430 285 0 50 67.
68705 440 0 55 68.
69484 110 0 50 68.
69813 339 0 45 63.
70350 310 0 45 56.
70655 110 0 45 55.
70829 110 0 47 60.
70989 265 0 50 67.
71243 100 0 50 65.
71334 110 0 50 63.
71686 380 0 60 68.
72050 240 0 55 67.
72280 295 0 55 62.
72565 405 0 50 60.
72956 220 0 50 62.
73457 220 0 45 63.
73856 350 0 50 61.
74221 170 0 55 64.
74387 180 0 60 65.
74559 120 0 55 60.
75687 385 0 45 63.
76060 360 0 45 65.
76415 190 0 45 67.
76969 265 0 45 59.
78194 150 0 50 65.
78337 110 0 50 63.
79296 150 0 50 65.
79442 110 0 50 63.
79856 145 0 55 67.
79995 280 0 60 70.
80264 140 0 55 69.
80391 160 0 55 67.
80542 110 0 50 65.
80945 156 0 55 69.
81082 280 0 60 72.
81352 140 0 55 71.
81482 160 0 55 69.
81631 120 0 50 67.
82066 155 0 45 67.
82210 160 0 45 66.
82361 140 0 45 65.
82681 255 0 45 65.
82929 345 0 50 63.
83258 315 0 55 68.
83562 615 0 55 67.
84168 325 0 50 63.
84480 325 0 55 68.
84791 240 0 55 67.
85243 160 0 50 67.
85390 310 0 55 68.
85694 310 0 50 60.
85995 120 0 50 58.
86459 315 0 50 63.
87522 120 0 55 55.
87669 160 0 55 67.
88431 315 0 60 68.
89337 100 0 55 72.
89337 100 0 55 55.
89490 100 0 55 72.
89490 100 0 55 56.
89635 100 0 60 74.
89635 100 0 60 56.
89783 290 0 75 74.
89783 290 0 75 65.
90064 160 0 60 67.
90221 90 0 60 65.
90221 90 0 60 56.
90366 90 0 60 68.
90366 90 0 60 60.
90801 90 0 65 69.
90801 90 0 65 60.
90945 90 0 65 69.
90945 90 0 65 60.
91237 135 0 65 72.
91237 135 0 65 60.
91393 270 0 55 63.
91834 120 0 55 63.
91977 120 0 70 63.
92128 120 0 60 63.
92405 120 0 60 63.
92542 120 0 60 63.
92695 240 0 60 63.
92972 280 0 65 67.
92972 240 0 65 55.
93247 120 0 70 63.
93519 120 0 75 75.
93519 120 0 75 55.
93667 120 0 80 71.
93731 56 0 80 71.
93865 100 0 80 71.
93999 100 0 80 71.
94135 100 0 80 71.
94206 22 0 80 65.
94206 22 0 70 55.
94241 22 0 80 65.
94241 22 0 70 55.
94280 100 0 80 71.
94280 22 0 70 62.
94311 22 0 70 62.
94348 22 0 70 62.
94382 22 0 80 65.
94382 22 0 70 55.
94419 100 0 80 71.
94419 22 0 70 62.
94450 22 0 70 62.
94487 22 0 70 62.
94522 22 0 80 65.
94522 22 0 70 55.
94560 100 0 80 71.
94560 22 0 70 62.
94595 22 0 70 62.
94632 22 0 70 62.
94664 22 0 80 65.
94664 22 0 70 55.
94702 22 0 80 65.
94702 22 0 70 55.
94736 22 0 70 62.
94780 15 0 80 84.
94780 15 0 60 55.
94800 15 0 80 84.
94800 15 0 60 55.
94820 15 0 80 87.
94820 15 0 60 55.
94840 15 0 80 87.
94840 15 0 60 55.
94860 15 0 80 87.
94860 15 0 60 63.
94880 15 0 80 87.
94880 15 0 60 63.
94900 15 0 77 86.
94900 15 0 60 63.
94920 15 0 77 86.
94920 15 0 60 63.
94940 15 0 74 84.
94940 15 0 58 63.
94960 15 0 74 84.
94960 15 0 58 63.
94980 15 0 71 82.
94980 15 0 56 63.
95000 15 0 71 82.
95000 15 0 56 63.
95020 15 0 68 80.
95020 15 0 54 63.
95040 15 0 68 80.
95040 15 0 54 63.
95060 15 0 65 79.
95060 15 0 52 63.
95080 15 0 65 79.
95080 15 0 52 63.
95100 15 0 62 78.
95100 15 0 50 63.
95120 15 0 62 78.
95120 15 0 50 63.
95140 15 0 62 78.
95140 15 0 50 63.
95160 15 0 62 78.
95160 15 0 50 63.
95180 15 0 65 78.
95180 15 0 50 63.
95200 15 0 65 78.
95200 15 0 50 63.
95220 15 0 65 78.
95220 15 0 50 63.
95240 15 0 68 78.
95240 15 0 50 63.
95260 15 0 71 78.
95260 15 0 51 62.
95280 15 0 71 78.
95280 15 0 51 62.
95300 15 0 71 78.
95300 15 0 51 62.
95320 15 0 71 78.
95320 15 0 51 62.
95340 15 0 75 79.
95340 15 0 53 62.
95360 15 0 75 79.
95360 15 0 53 62.
95380 15 0 75 79.
95380 15 0 53 62.
95400 15 0 75 79.
95400 15 0 53 62.
95420 15 0 80 86.
95420 15 0 60 62.
95440 15 0 80 86.
95440 15 0 60 62.
95460 15 0 80 86.
95460 15 0 60 62.
95480 15 0 80 86.
95480 15 0 60 62.
95500 15 0 80 86.
95500 15 0 60 62.
95520 15 0 80 86.
95520 15 0 60 62.
95540 15 0 80 84.
95540 15 0 60 62.
95560 15 0 80 84.
95560 15 0 60 62.
95580 15 0 77 82.
95580 15 0 58 67.
95580 15 0 58 55.
95600 15 0 77 82.
95600 15 0 58 67.
95600 15 0 58 55.
95620 15 0 74 81.
95620 15 0 57 67.
95620 15 0 57 55.
95640 15 0 74 81.
95640 15 0 57 67.
95640 15 0 57 55.
95660 15 0 71 79.
95660 15 0 56 67.
95660 15 0 56 55.
95680 15 0 71 79.
95680 15 0 56 67.
95680 15 0 56 55.
95700 15 0 68 77.
95700 15 0 54 67.
95700 15 0 54 55.
95720 15 0 68 77.
95720 15 0 54 67.
95720 15 0 54 55.
95740 15 0 65 76.
95740 15 0 52 67.
95760 15 0 65 76.
95760 15 0 52 67.
95780 15 0 65 76.
95780 15 0 50 67.
95800 15 0 65 76.
95800 15 0 50 67.
95820 15 0 62 76.
95820 15 0 50 67.
95840 15 0 62 76.
95840 15 0 50 67.
95860 15 0 62 76.
95860 15 0 50 67.
95880 15 0 60 76.
95880 15 0 50 67.
95900 15 0 60 76.
95900 15 0 50 67.
95900 15 0 50 72.
95920 15 0 60 76.
95920 15 0 50 67.
95940 15 0 60 76.
95940 15 0 50 67.
95960 15 0 60 76.
95960 15 0 50 67.
95980 15 0 60 77.
95980 15 0 50 65.
96000 15 0 60 77.
96000 15 0 50 65.
96020 15 0 60 77.
96020 15 0 50 65.
96040 15 0 60 77.
96040 15 0 50 65.
96060 15 0 60 77.
96060 15 0 50 65.
96080 15 0 60 77.
96080 15 0 50 65.
96100 15 0 60 77.
96100 15 0 50 65.
96120 15 0 60 77.
96120 15 0 50 65.
96140 15 0 60 77.
96140 15 0 50 65.
96160 15 0 60 77.
96160 15 0 50 65.
96180 15 0 60 77.
96180 15 0 50 72.
96200 15 0 60 77.
96200 15 0 50 72.
96220 15 0 63 80.
96220 15 0 52 72.
96240 15 0 63 80.
96240 15 0 52 72.
96260 15 0 66 84.
96260 15 0 54 72.
96280 15 0 66 84.
96280 15 0 54 72.
96300 15 0 66 84.
96300 15 0 54 72.
96320 15 0 66 84.
96320 15 0 54 72.
96340 15 0 69 89.
96340 15 0 56 77.
96360 15 0 69 89.
96360 15 0 54 77.
96380 15 0 69 89.
96380 15 0 54 77.
96400 15 0 69 89.
96400 15 0 54 77.
96420 15 0 80 86.
96420 15 0 70 77.
96440 15 0 66 86.
96440 15 0 54 77.
96460 15 0 66 86.
96460 15 0 54 77.
96480 15 0 66 86.
96480 15 0 66 77.
96500 15 0 66 87.
96500 15 0 54 75.
96520 15 0 66 87.
96520 15 0 54 75.
96540 15 0 66 86.
96560 15 0 66 86.
96580 15 0 80 83.
96580 15 0 70 74.
96600 15 0 66 83.
96600 15 0 54 74.
96620 15 0 66 83.
96620 15 0 54 74.
96640 15 0 66 83.
96640 15 0 54 74.
96660 15 0 64 84.
96660 15 0 53 75.
96680 15 0 64 84.
96680 15 0 53 75.
96700 15 0 62 82.
96700 15 0 52 73.
96720 15 0 62 82.
96720 15 0 52 73.
96740 15 0 80 79.
96740 15 0 70 70.
96760 15 0 62 79.
96760 15 0 50 70.
96780 15 0 62 79.
96780 15 0 50 70.
96800 15 0 62 79.
96800 15 0 50 70.
96820 15 0 62 80.
96820 15 0 50 68.
96840 15 0 62 80.
96840 15 0 50 68.
96860 15 0 62 79.
96860 15 0 62 79.
96880 15 0 62 79.
96900 15 0 80 76.
96900 15 0 70 67.
96920 15 0 62 76.
96920 15 0 50 67.
96940 15 0 62 76.
96940 15 0 50 67.
96960 15 0 62 76.
96960 15 0 50 67.
96980 15 0 62 77.
96980 15 0 50 68.
97000 15 0 62 77.
97000 15 0 50 68.
97020 60 0 62 74.
97020 60 0 50 65.
97100 60 0 62 75.
97100 60 0 50 63.
97720 22 0 60 68.
97900 70 0 50 65.
97980 90 0 35 60.
98060 90 0 37 55.
98140 90 0 39 60.
98220 90 0 41 62.
98300 50 0 53 67.
98300 50 0 43 59.
98380 70 0 80 62.
98440 22 0 60 63.
98460 70 0 50 65.
98540 65 0 75 79.
98540 55 0 60 62.
98600 25 0 60 65.
98600 15 0 60 55.
98620 15 0 60 67.
98620 15 0 60 55.
98640 15 0 60 63.
98660 15 0 60 63.
98680 15 0 60 63.
98700 15 0 60 67.
98720 15 0 60 63.
98740 15 0 60 63.
98760 15 0 60 63.
98780 130 0 90 72.
98780 15 0 60 65.
98800 15 0 60 65.
98820 15 0 60 65.
98840 15 0 60 65.
98860 15 0 60 65.
98880 15 0 60 65.
98900 15 0 60 65.
98920 15 0 60 65.
98940 45 0 80 72.
98980 45 0 85 79.
99020 15 0 60 67.
99040 15 0 60 67.
99060 15 0 60 67.
99080 15 0 60 67.
99100 15 0 60 72.
99100 130 0 90 75.
99120 15 0 60 68.
99140 15 0 60 68.
99160 15 0 60 68.
99180 15 0 60 68.
99200 15 0 60 68.
99220 15 0 60 68.
99240 15 0 60 68.
99260 65 0 85 74.
99260 65 0 60 69.
99320 16 0 60 72.
99320 16 0 60 57.
99340 65 0 85 75.
99340 65 0 60 66.
99340 65 0 60 57.
99400 16 0 60 72.
99400 16 0 60 64.
99420 55 0 85 76.
99420 55 0 60 67.
99420 55 0 60 55.
99480 16 0 85 76.
99480 16 0 60 67.
99500 65 0 85 76.
99500 65 0 60 67.
99500 65 0 60 58.
99560 16 0 90 77.
99560 16 0 60 65.
99580 65 0 90 77.
99580 65 0 60 65.
99640 16 0 60 75.
99640 16 0 60 66.
99660 55 0 95 78.
99660 55 0 60 69.
99720 16 0 95 78.
99720 16 0 60 69.
99740 16 0 100 79.
99740 16 0 60 67.
99760 16 0 60 79.
99760 16 0 60 67.
99780 16 0 60 79.
99780 16 0 60 67.
99800 16 0 60 79.
99800 16 0 60 67.
99820 16 0 80 86.
99820 16 0 70 74.
99840 16 0 70 86.
99840 16 0 60 74.
99860 16 0 80 89.
99860 16 0 60 74.
99880 16 0 70 89.
99880 16 0 60 74.
99900 16 0 80 87.
99900 16 0 75 75.
99920 16 0 80 87.
99920 16 0 60 75.
99940 16 0 80 87.
99940 16 0 60 75.
99960 16 0 80 87.
99960 16 0 60 75.
99980 16 0 80 83.
100000 16 0 70 83.
100020 16 0 70 83.
100040 16 0 85 84.
100060 16 0 70 79.
100080 16 0 80 79.
100100 16 0 75 79.
100120 16 0 80 80.
100140 16 0 75 76.
100160 16 0 70 76.
100180 16 0 70 76.
100200 16 0 80 77.
100220 16 0 80 74.
100240 16 0 70 74.
100260 16 0 80 75.
100280 16 0 70 75.
100300 16 0 80 71.
100320 16 0 70 71.
100340 16 0 80 72.
100360 16 0 70 72.
100380 16 0 80 70.
100400 16 0 70 70.
100420 16 0 80 68.
100440 16 0 70 68.
100460 16 0 80 67.
100480 16 0 70 67.
100500 16 0 80 65.
100520 16 0 70 65.
100540 165 0 50 62.
100540 410 0 80 67.
100700 165 0 50 58.
100940 45 0 60 65.
100980 45 0 60 63.
101020 165 0 60 62.
101180 430 0 40 60.
101220 45 0 50 65.
101260 85 0 50 63.
101340 270 0 50 60.
101580 45 0 50 65.
101620 45 0 50 63.
101660 165 0 50 62.
101820 255 0 50 60.
102060 90 0 50 63.
102140 170 0 60 75.
102300 170 0 50 65.
102460 1000 0 60 72.
103470 720 0 50 68.
103590 130 0 50 63.
103714 220 0 50 61.
104177 500 0 50 63.
104507 175 0 50 69.
104667 340 0 50 70.
104793 220 0 50 65.
105043 100 0 50 65.
105164 580 0 50 65.
105751 130 0 50 63.
105877 160 0 50 70.
106026 185 0 50 68.
106201 570 0 50 61.
106761 340 0 50 68.
107117 120 0 50 68.
107117 120 0 40 59.
107242 500 0 50 68.
107242 500 0 40 59.
107783 245 0 50 68.
107783 245 0 40 59.
108046 120 0 50 68.
108046 120 0 40 59.
108180 120 0 60 68.
108180 120 0 50 59.
108325 570 0 50 68.
108325 570 0 40 59.
108913 480 0 55 68.
109380 220 0 50 67.
109610 340 0 40 64.
109943 120 0 50 65.
110419 1000 0 50 68.
111411 170 0 50 69.
111899 640 0 50 69.
112535 325 0 50 70.
112850 370 0 50 66.
113215 890 0 50 58.
113557 570 0 50 64.
114121 195 0 45 60.
114311 230 0 45 61.
114544 60 0 40 60.
114621 23 0 50 65.
114621 120 0 40 57.
114749 73 0 50 65.
114749 73 0 40 56.
114818 66 0 40 60.
114880 72 0 42 59.
114946 72 0 45 58.
115012 100 0 45 57.
115082 530 0 70 69.
115082 530 0 60 60.
115639 580 0 60 69.
116285 33 0 70 66.
116319 100 0 70 60.
116419 33 0 70 61.
116453 100 0 70 63.
116588 155 0 70 63.
116588 155 0 60 54.
116732 60 0 50 58.
116803 120 0 50 70.
116940 66 0 50 70.
117003 67 0 50 69.
117065 72 0 40 64.
360 110 1 30 65.
1434 95 1 40 59.
1546 300 1 50 60.
2108 70 1 80 58.
2217 70 1 80 58.
2969 223 1 95 70.
3290 80 1 90 72.
3708 45 1 50 56.
3761 45 1 50 56.
3814 45 1 50 56.
3919 45 1 50 56.
3971 45 1 50 65.
4023 45 1 50 65.
4075 45 1 50 65.
4125 45 1 50 65.
4175 45 1 50 65.
4225 45 1 50 65.
4275 45 1 50 65.
4324 45 1 50 65.
4383 45 1 50 65.
4442 45 1 50 65.
4501 45 1 50 65.
4559 45 1 50 65.
4615 45 1 50 65.
4671 45 1 50 65.
4727 45 1 50 65.
4782 45 1 50 65.
4944 45 1 50 58.
4999 45 1 50 65.
5052 45 1 50 65.
5105 45 1 50 65.
5158 45 1 50 65.
5211 45 1 50 65.
5264 45 1 50 65.
5317 45 1 50 65.
5370 45 1 50 65.
5425 45 1 50 65.
5481 45 1 50 65.
5537 45 1 50 65.
5593 45 1 50 67.
5649 45 1 50 68.
5705 45 1 50 64.
5761 45 1 50 64.
5817 45 1 50 65.
5872 45 1 50 68.
5926 45 1 50 65.
5980 45 1 50 65.
6034 45 1 50 67.
6089 45 1 50 68.
6143 45 1 50 64.
6197 45 1 50 64.
6251 45 1 50 65.
6306 45 1 50 65.
6368 45 1 55 65.
6422 45 1 55 65.
6476 45 1 55 65.
6530 45 1 55 68.
6581 45 1 60 67.
6635 45 1 60 67.
6690 45 1 60 68.
6746 45 1 60 68.
6800 45 1 60 68.
6856 45 1 60 63.
6912 45 1 60 63.
6965 45 1 60 67.
7016 45 1 60 67.
7072 45 1 60 67.
7128 45 1 60 67.
7185 45 1 60 68.
7237 45 1 60 68.
7290 45 1 60 66.
7341 45 1 60 66.
7398 45 1 65 65.
7453 45 1 65 65.
7508 45 1 65 67.
7564 45 1 65 67.
7620 45 1 70 68.
7676 45 1 70 68.
7732 45 1 70 68.
7782 45 1 70 68.
7838 45 1 70 67.
7895 45 1 70 67.
7952 45 1 70 67.
8004 45 1 70 65.
8057 45 1 70 64.
8118 22 1 80 67.
8250 22 1 60 68.
8356 22 1 60 72.
8459 22 1 60 74.
8544 22 1 80 70.
8679 22 1 60 72.
8759 22 1 60 72.
8890 22 1 60 73.
8974 22 1 80 67.
9057 22 1 60 67.
9088 22 1 60 68.
9244 22 1 60 72.
9292 22 1 60 72.
9321 22 1 60 72.
9348 22 1 60 72.
9376 22 1 60 72.
9404 22 1 80 72.
9488 22 1 60 72.
9591 22 1 60 78.
9715 22 1 60 77.
9742 22 1 60 77.
9770 22 1 60 78.
9800 22 1 60 78.
9829 22 1 80 66.
9856 22 1 60 66.
9883 22 1 60 66.
9910 22 1 60 66.
9940 22 1 60 66.
9968 22 1 60 66.
9997 22 1 60 67.
10024 22 1 60 67.
10051 22 1 60 67.
10078 22 1 60 67.
10107 22 1 60 65.
10133 22 1 60 65.
10159 22 1 60 65.
10185 22 1 60 65.
10212 22 1 60 65.
10240 22 1 60 65.
10268 22 1 80 65.
10294 22 1 60 65.
10320 22 1 60 65.
10346 22 1 60 65.
10373 22 1 60 65.
10401 22 1 60 65.
10429 22 1 60 65.
10455 22 1 60 65.
10481 22 1 60 65.
10507 22 1 60 65.
10533 22 1 60 63.
10560 22 1 60 63.
10587 22 1 60 63.
10614 22 1 60 63.
10642 22 1 60 63.
10671 22 1 60 63.
10700 22 1 80 63.
10726 22 1 60 63.
10752 22 1 60 63.
10778 22 1 60 63.
10805 22 1 60 65.
10832 22 1 60 65.
10859 22 1 60 66.
10886 22 1 60 66.
10913 22 1 60 66.
10940 22 1 60 66.
10968 22 1 60 60.
10995 22 1 60 60.
11022 22 1 60 60.
11049 22 1 60 60.
11076 22 1 60 65.
11103 22 1 60 65.
11130 22 1 60 65.
11157 22 1 60 65.
11186 22 1 80 65.
11210 22 1 60 65.
11234 22 1 60 65.
11258 22 1 60 65.
11282 22 1 60 65.
11306 22 1 60 65.
11330 22 1 60 65.
11354 22 1 60 65.
11384 22 1 60 65.
11412 22 1 60 65.
11440 22 1 60 65.
11468 22 1 60 65.
11499 49 1 60 67.
13319 560 1 50 70.
14040 60 1 50 63.
14654 90 1 50 58.
14763 210 1 60 58.
14976 90 1 60 55.
15408 80 1 80 60.
15518 120 1 80 60.
19397 118 1 50 51.
19753 100 1 50 56.
19867 100 1 50 60.
19978 230 1 60 61.
20218 90 1 50 60.
20329 90 1 50 60.
20452 90 1 50 61.
20563 90 1 50 61.
20679 90 1 50 60.
20790 60 1 50 63.
21354 50 1 50 60.
21407 50 1 50 60.
21461 50 1 50 60.
21514 50 1 50 60.
21694 50 1 50 58.
21746 50 1 50 58.
21801 50 1 50 58.
21855 50 1 50 58.
21911 50 1 50 60.
21965 50 1 50 60.
22021 50 1 50 56.
22075 50 1 50 56.
22131 50 1 50 58.
22187 50 1 50 58.
22245 90 1 50 58.
24546 110 1 50 63.
24764 110 1 50 61.
24983 120 1 60 70.
25203 120 1 60 70.
25428 80 1 60 63.
25649 89 1 60 61.
25817 40 1 50 60.
25988 40 1 50 57.
26091 40 1 50 57.
26199 40 1 50 58.
26253 40 1 50 58.
26362 40 1 50 58.
26419 40 1 50 56.
26474 40 1 50 56.
26529 40 1 50 56.
26584 40 1 50 56.
26653 40 1 50 56.
26708 40 1 50 56.
26869 40 1 50 55.
26924 40 1 50 55.
27085 40 1 50 55.
27295 100 1 50 53.
27963 110 1 50 67.
28405 170 1 45 53.
28954 350 1 45 53.
29853 770 1 45 67.
30651 170 1 45 67.
30879 170 1 45 67.
31107 720 1 45 67.
31882 165 1 45 67.
1434 95 2 60 49.
1546 300 2 60 48.
1875 20 2 80 49.
1901 82 2 100 43.
2108 40 2 90 49.
2217 40 2 90 48.
2315 24 2 80 49.
2348 77 2 100 43.
2555 40 2 90 49.
2658 40 2 90 48.
2731 21 2 80 58.
2759 82 2 90 67.
2969 90 2 80 52.
3077 90 2 80 55.
3186 40 2 80 52.
3290 40 2 80 53.
3361 27 2 80 55.
3388 175 2 80 56.
3708 30 2 80 41.
3867 30 2 80 47.
3971 110 2 100 49.
4225 30 2 80 41.
4275 30 2 80 49.
4324 245 2 80 46.
4559 30 2 80 48.
4615 118 2 100 53.
4727 30 2 80 47.
4944 30 2 80 49.
5105 40 2 85 53.
5425 30 2 80 49.
5481 30 2 80 49.
5537 30 2 80 49.
5593 30 2 80 49.
5872 30 2 85 48.
5926 30 2 85 48.
5980 30 2 85 48.
6034 30 2 85 48.
6089 30 2 85 48.
6254 30 2 85 48.
6306 30 2 90 47.
6368 30 2 90 47.
6422 30 2 90 47.
6476 30 2 90 47.
6746 30 2 100 51.
6800 30 2 100 51.
6856 30 2 100 51.
7128 30 2 105 52.
7185 30 2 110 53.
7237 30 2 110 53.
7290 30 2 100 51.
7341 30 2 100 51.
7508 30 2 95 49.
7564 30 2 95 49.
7620 30 2 90 48.
7676 30 2 90 48.
7732 30 2 90 48.
8004 30 2 80 44.
8057 45 2 80 43.
8118 90 2 110 52.
10107 95 2 80 57.
10533 90 2 80 55.
11830 45 2 80 48.
13319 177 2 50 61.
13873 166 2 60 58.
14040 59 2 50 57.
14322 120 2 50 53.
14763 120 2 50 53.
15388 25 2 80 53.
19397 60 2 50 51.
19512 60 2 50 53.
19628 60 2 50 55.
19753 60 2 50 56.
19978 230 2 60 51.
20790 115 2 60 56.
20902 238 2 60 58.
21014 90 2 60 46.
21126 90 2 60 51.
22681 90 2 70 49.
22788 70 2 100 61.
22869 22 2 90 61.
22896 90 2 80 60.
23004 112 2 70 48.
23233 80 2 90 50.
23450 90 2 80 50.
23561 110 2 80 51.
23671 110 2 80 52.
23781 110 2 80 53.
24005 110 2 80 56.
24983 65 2 80 55.
25067 23 2 80 55.
25095 80 2 80 56.
25203 65 2 80 55.
25287 23 2 80 55.
25318 80 2 80 56.
25428 90 2 80 58.
25509 30 2 85 60.
25649 90 2 90 63.
25817 30 2 80 52.
25874 30 2 80 52.
25988 30 2 85 51.
26091 30 2 85 51.
26141 30 2 85 51.
26199 30 2 90 50.
26253 30 2 90 50.
26307 30 2 90 49.
26362 30 2 90 49.
26419 30 2 85 48.
26474 30 2 85 48.
26529 30 2 85 48.
26584 30 2 85 48.
26653 30 2 85 48.
26708 30 2 85 48.
26762 30 2 80 48.
26869 30 2 80 46.
26924 30 2 80 46.
27085 30 2 80 46.
27140 30 2 80 46.
27295 70 2 90 44.
27411 70 2 90 49.
27521 70 2 90 43.
27633 70 2 90 48.
27743 70 2 90 53.
27850 80 2 50 58.
27963 100 2 50 52.
28067 100 2 50 53.
28176 100 2 50 36.
28285 100 2 50 37.
30423 120 2 35 46.
30537 93 2 35 49.
35612 390 2 50 52.
36222 270 2 50 41.
37427 140 2 50 48.
38630 145 2 50 48.
40630 480 2 50 48.
41971 140 2 50 48.
42870 320 2 50 53.
45883 250 2 50 47.
46131 230 2 50 50.
46357 110 2 50 47.
46857 110 2 50 48.
47245 130 2 54 44.
47367 110 2 58 48.
48306 110 2 50 36.
49306 110 2 50 44.
50293 110 2 50 44.
52357 130 2 55 51.
52477 130 2 60 49.
52594 130 2 65 48.
53980 145 2 50 46.
54373 110 2 50 44.
54503 140 2 50 41.
54914 2760 2 50 51.
64261 165 2 45 51.
64973 295 2 60 39.
65663 50 2 50 43.
65797 50 2 50 44.
65939 50 2 50 56.
66080 50 2 50 58.
66213 50 2 50 46.
66362 50 2 50 51.
66687 285 2 50 45.
67265 285 2 50 43.
67857 295 2 50 49.
68430 270 2 50 49.
68705 320 2 50 50.
69030 110 2 50 51.
69484 165 2 50 50.
70350 310 2 50 41.
70989 360 2 50 44.
71686 385 2 55 41.
72565 405 2 50 44.
73457 220 2 45 48.
73856 350 2 45 53.
74221 170 2 55 55.
76060 360 2 50 44.
76969 265 2 45 43.
78194 150 2 45 43.
79296 150 2 45 43.
79856 145 2 50 48.
80542 110 2 45 50.
80945 156 2 50 50.
81631 155 2 50 52.
82066 155 2 45 45.
82681 255 2 45 43.
85390 315 2 50 53.
86459 160 2 50 51.
88431 315 2 50 46.
89038 120 2 55 49.
89337 165 2 60 48.
89635 100 2 60 47.
89783 290 2 75 47.
90221 100 2 70 41.
90366 100 2 70 41.
90801 100 2 75 42.
90945 100 2 75 42.
91237 175 2 70 42.
91834 120 2 55 43.
91977 120 2 70 43.
92128 120 2 60 43.
92405 120 2 60 43.
92542 270 2 60 43.
92838 255 2 60 43.
93111 240 2 60 43.
93381 260 2 60 43.
93667 110 2 63 43.
93797 110 2 66 43.
93932 110 2 69 43.
94067 110 2 72 43.
94206 50 2 75 43.
94280 50 2 75 43.
94348 50 2 78 43.
94419 50 2 78 43.
94487 50 2 81 43.
94560 50 2 84 43.
94632 50 2 84 43.
94702 50 2 84 43.
94780 30 2 70 48.
94820 30 2 70 48.
94860 30 2 70 48.
94900 30 2 70 48.
94940 30 2 70 48.
94980 30 2 70 48.
95020 30 2 70 51.
95080 30 2 70 56.
95140 30 2 70 60.
95180 30 2 85 48.
95220 30 2 70 48.
95260 30 2 70 48.
95300 30 2 70 48.
95340 30 2 70 47.
95380 30 2 70 47.
95420 30 2 70 46.
95460 30 2 70 46.
95500 30 2 70 46.
95540 30 2 70 46.
95580 30 2 70 46.
95620 30 2 70 46.
95660 30 2 70 50.
95720 30 2 70 55.
95780 30 2 70 58.
95820 30 2 70 46.
95860 30 2 70 46.
95900 30 2 70 46.
95940 30 2 70 46.
95980 30 2 70 45.
96020 30 2 70 45.
96060 30 2 70 44.
96100 30 2 70 56.
96140 30 2 70 56.
96180 30 2 70 55.
96220 30 2 70 53.
96260 30 2 70 51.
96300 30 2 70 50.
96340 30 2 70 48.
96380 30 2 70 47.
96420 30 2 70 47.
96460 30 2 70 47.
96500 30 2 70 48.
96540 30 2 70 50.
96580 30 2 70 53.
96620 30 2 70 53.
96660 30 2 70 51.
96700 30 2 70 52.
96740 30 2 70 52.
96780 30 2 70 52.
96820 30 2 70 53.
96860 30 2 70 55.
96900 30 2 70 58.
96940 30 2 70 58.
96980 30 2 70 56.
97020 50 2 70 59.
97100 50 2 70 60.
97720 22 2 50 56.
97900 90 2 45 47.
98360 22 2 50 56.
98540 50 2 55 47.
98600 16 2 55 47.
98620 30 2 55 48.
98660 30 2 55 51.
98700 30 2 55 47.
98740 30 2 55 48.
98780 30 2 55 50.
98820 30 2 55 53.
98860 30 2 55 49.
98900 30 2 55 50.
98940 30 2 57 51.
98980 30 2 57 55.
99020 30 2 59 50.
99060 30 2 59 51.
99100 30 2 61 53.
99140 30 2 61 56.
99180 30 2 63 52.
99220 30 2 63 53.
99260 30 2 65 54.
99320 17 2 65 57.
99340 50 2 65 57.
99400 17 2 65 55.
99420 50 2 65 55.
99480 17 2 65 58.
99500 50 2 65 58.
99560 17 2 65 57.
99580 50 2 65 57.
99640 17 2 65 60.
99660 50 2 65 60.
99720 17 2 65 60.
99740 50 2 65 59.
99860 30 2 65 59.
99900 30 2 65 60.
99940 30 2 65 60.
99980 50 2 65 55.
100040 17 2 65 56.
100060 50 2 65 52.
100120 17 2 65 53.
100140 50 2 65 48.
100200 17 2 65 49.
100220 45 2 65 47.
100380 45 2 65 52.
101500 330 2 50 53.
101820 170 2 50 42.
101980 150 2 50 43.
102140 330 2 50 43.
102460 1000 2 50 44.
103590 130 2 50 48.
103714 220 2 50 46.
104353 160 2 50 42.
104507 165 2 50 41.
104667 220 2 50 46.
105751 130 2 50 48.
105877 160 2 50 49.
106026 130 2 50 46.
106761 340 2 50 52.
109203 415 2 50 49.
109610 340 2 50 48.
109943 120 2 50 53.
110759 315 2 50 50.
111068 348 2 50 49.
111411 120 2 50 54.
112238 305 2 53 51.
112535 320 2 55 49.
112850 370 2 53 51.
113215 350 2 51 53.
113557 400 2 50 54.
113952 175 2 50 55.
114121 195 2 50 57.
1660 50 3 60 36.
1780 50 3 60 48.
2108 40 3 100 37.
2217 40 3 100 36.
2555 40 3 100 37.
2658 40 3 100 36.
2969 90 3 80 40.
3077 90 3 80 43.
3186 40 3 80 40.
3290 40 3 80 41.
3361 27 3 80 43.
3388 175 3 80 44.
3708 35 3 90 29.
3867 30 3 80 35.
3971 110 3 100 37.
4225 30 3 80 29.
4275 30 3 80 37.
4324 245 3 80 34.
4559 30 3 80 36.
4615 118 3 100 41.
4727 30 3 80 35.
4944 30 3 80 37.
5105 40 3 85 41.
5425 30 3 80 37.
5481 30 3 80 37.
5537 30 3 80 37.
5593 30 3 80 37.
5872 30 3 85 36.
5926 30 3 85 36.
5980 30 3 85 36.
6034 30 3 85 36.
6089 30 3 85 36.
6254 30 3 85 36.
6306 30 3 90 35.
6368 30 3 90 35.
6422 30 3 90 35.
6476 30 3 90 35.
6746 30 3 100 39.
6800 30 3 100 39.
6856 30 3 100 39.
7128 30 3 105 40.
7185 30 3 110 41.
7237 30 3 110 41.
7290 30 3 100 39.
7341 30 3 100 39.
7508 30 3 95 37.
7564 30 3 95 37.
7620 30 3 90 36.
7676 30 3 90 36.
7732 30 3 90 36.
8004 30 3 80 32.
8057 45 3 80 31.
8118 90 3 110 40.
10107 95 3 80 45.
10533 90 3 80 43.
11830 45 3 80 36.
15388 25 3 80 41.
19397 60 3 50 39.
19512 60 3 50 41.
19628 60 3 50 43.
19753 60 3 50 44.
20902 230 3 80 46.
21126 90 3 60 39.
24983 65 3 80 43.
25067 23 3 80 43.
25095 80 3 80 44.
25203 65 3 80 43.
25287 23 3 80 43.
25318 80 3 80 44.
25428 90 3 80 46.
25509 30 3 85 48.
25649 90 3 90 51.
25817 30 3 80 40.
25874 30 3 80 40.
25988 30 3 85 39.
26091 30 3 85 39.
26141 30 3 85 39.
26199 30 3 90 38.
26253 30 3 90 38.
26307 30 3 90 37.
26362 30 3 90 37.
26419 30 3 85 36.
26474 30 3 85 36.
26529 30 3 85 36.
26584 30 3 85 36.
26653 30 3 85 36.
26708 30 3 85 36.
26762 30 3 80 36.
26869 30 3 80 34.
26924 30 3 80 34.
27085 30 3 80 34.
27140 30 3 80 34.
27295 70 3 90 32.
27411 70 3 90 37.
27521 70 3 90 31.
27633 70 3 90 36.
27743 70 3 90 41.
27850 80 3 50 46.
27963 100 3 50 40.
28067 100 3 50 41.
28176 100 3 50 24.
28285 100 3 50 25.
30423 120 3 35 34.
30537 93 3 35 37.
44817 520 3 55 39.
45883 250 3 50 35.
48071 250 3 66 53.
52239 130 3 55 41.
52727 110 3 70 35.
54117 275 3 50 39.
54635 290 3 50 34.
57061 1440 3 50 39.
83562 625 3 50 51.
89783 290 3 75 35.
90221 100 3 70 53.
93667 510 3 63 31.
94206 100 3 75 31.
94348 100 3 78 31.
94487 100 3 81 31.
94632 100 3 84 31.
94780 240 3 70 36.
95020 30 3 70 39.
95080 30 3 70 44.
95180 160 3 85 36.
95340 70 3 70 35.
95420 240 3 70 34.
95660 30 3 70 38.
95720 30 3 70 43.
95820 160 3 70 34.
95980 70 3 70 33.
96060 30 3 70 32.
96100 80 3 80 44.
96180 30 3 70 43.
96220 30 3 70 41.
96260 30 3 70 39.
96300 30 3 70 38.
96340 30 3 70 36.
96380 30 3 70 35.
96420 60 3 85 35.
96500 30 3 70 36.
96540 30 3 70 38.
96580 60 3 85 41.
96660 30 3 70 39.
96700 30 3 70 40.
96740 60 3 85 40.
96820 30 3 70 41.
96860 30 3 70 43.
96900 60 3 90 46.
96980 30 3 70 44.
97020 50 3 70 47.
97100 50 3 70 48.
97900 90 3 45 35.
98540 50 3 55 35.
2108 70 4 80 77.
2217 50 4 80 76.
2555 70 4 70 82.
2658 50 4 70 82.
2969 223 4 95 85.
3262 27 4 90 82.
3290 60 4 90 80.
3361 27 4 88 79.
3388 100 4 85 77.
6368 112 4 60 92.
7290 35 4 60 83.
7398 110 4 60 77.
7508 112 4 60 82.
7620 345 4 60 87.
7732 30 4 60 79.
7755 30 4 60 80.
7782 30 4 60 82.
7806 35 4 60 80.
7838 91 4 60 85.
8057 25 4 60 85.
8118 110 4 80 85.
8223 60 4 60 84.
8278 59 4 60 82.
8329 60 4 60 80.
8384 57 4 60 76.
8434 57 4 60 77.
8484 45 4 60 76.
8544 92 4 80 76.
8650 45 4 60 76.
8708 58 4 60 76.
8759 46 4 60 77.
8813 45 4 60 82.
8863 45 4 60 82.
8918 45 4 60 82.
8974 110 4 80 85.
9088 63 4 60 84.
9145 55 4 60 82.
9193 58 4 60 80.
9244 56 4 60 76.
9292 45 4 60 72.
9348 45 4 60 72.
9404 115 4 80 90.
9516 56 4 60 89.
9567 54 4 60 87.
9615 57 4 60 85.
9665 55 4 60 81.
9715 45 4 60 77.
9770 45 4 60 85.
9829 114 4 80 78.
10268 110 4 80 77.
10700 110 4 80 75.
11186 205 4 80 77.
12847 100 4 60 84.
12970 125 4 80 89.
15408 80 4 80 89.
15518 120 4 80 88.
17763 89 4 60 77.
17871 53 4 65 77.
17956 17 4 70 77.
17978 117 4 75 77.
18164 23 4 60 85.
18187 86 4 85 84.
18300 86 4 80 84.
18636 74 4 60 75.
18741 70 4 65 75.
18824 29 4 70 75.
19013 38 4 80 79.
19055 20 4 70 79.
19512 250 4 60 73.
21574 120 4 59 77.
22245 110 4 70 82.
24546 60 4 75 79.
24622 30 4 75 79.
24649 120 4 80 80.
24764 112 4 75 77.
24871 90 4 70 75.
25095 105 4 60 72.
27085 180 4 65 72.
27295 100 4 75 77.
27411 100 4 75 77.
27521 100 4 75 82.
27633 100 4 75 76.
27743 100 4 75 80.
28405 112 4 60 89.
29295 120 4 60 89.
94206 580 4 60 83.
94780 45 4 80 84.
94820 90 4 80 87.
95180 50 4 65 78.
95240 16 4 68 78.
95260 90 4 71 78.
95420 130 4 80 86.
95820 50 4 62 76.
95880 16 4 60 76.
95900 90 4 60 76.
96060 30 4 60 77.
96100 130 4 60 77.
96380 30 4 69 89.
96420 90 4 78 86.
99820 35 4 70 86.
99860 35 4 70 89.
99900 55 4 70 87.
99960 16 4 70 87.
99980 55 4 70 83.
100040 16 4 70 84.
100060 55 4 70 79.
100120 16 4 70 80.
100140 55 4 70 76.
100200 16 4 70 77.
100220 35 4 70 74.
100260 35 4 70 75.
100300 35 4 70 71.
100340 35 4 70 72.
100380 35 4 70 70.
100420 35 4 70 68.
100460 35 4 70 67.
100500 35 4 70 65.
100540 410 4 70 67.
101400 16 4 70 84.
101420 65 4 70 76.
2108 70 5 80 77.
2217 70 5 80 76.
2555 70 5 80 77.
2658 50 5 80 67.
2969 223 5 80 70.
3050 25 5 80 77.
3186 82 5 80 72.
3290 60 5 80 68.
3361 27 5 80 76.
3388 120 5 80 77.
6089 220 5 60 72.
6476 58 5 60 74.
6530 55 5 60 77.
7185 110 5 60 68.
7290 112 5 60 69.
7398 228 5 60 70.
7508 118 5 60 67.
7620 222 5 60 68.
7952 110 5 60 65.
8118 110 5 80 70.
8223 60 5 60 72.
8278 59 5 60 70.
8329 60 5 60 68.
8384 57 5 60 64.
8434 57 5 60 62.
8484 45 5 60 64.
8544 92 5 80 67.
8650 45 5 60 64.
8708 58 5 60 64.
8759 46 5 60 65.
8813 45 5 60 70.
8863 45 5 60 70.
8918 45 5 60 70.
8974 110 5 80 73.
9088 63 5 60 72.
9145 55 5 60 70.
9193 58 5 60 68.
9244 56 5 60 67.
9292 45 5 60 60.
9348 45 5 60 60.
9404 115 5 80 78.
9516 56 5 60 77.
9567 54 5 60 75.
9615 57 5 60 73.
9665 55 5 60 69.
9715 45 5 60 65.
9770 45 5 60 66.
9997 230 5 60 72.
10107 110 5 60 65.
10212 40 5 60 71.
10429 110 5 60 70.
10642 5 5 60 63.
10805 60 5 60 65.
10859 110 5 60 66.
10968 112 5 60 60.
11076 90 5 60 65.
11186 205 5 80 71.
11384 120 5 70 65.
11499 110 5 75 76.
12406 335 5 60 73.
12847 100 5 60 77.
12970 100 5 75 77.
15408 80 5 70 80.
15518 120 5 70 79.
15762 103 5 70 72.
15884 117 5 80 72.
16001 228 5 95 73.
16662 90 5 60 68.
16766 60 5 80 70.
16988 70 5 90 73.
17068 30 5 90 73.
17401 23 5 80 79.
17530 168 5 80 75.
17698 64 5 60 76.
17763 112 5 50 77.
18164 23 5 50 77.
18187 86 5 50 75.
18300 86 5 50 75.
18636 225 5 50 73.
19512 130 5 45 68.
19978 240 5 60 63.
21354 230 5 50 75.
21574 200 5 50 70.
21801 110 5 50 73.
21911 225 5 50 72.
22131 100 5 50 70.
22245 220 5 50 70.
22460 100 5 50 68.
25761 230 5 60 67.
25988 310 5 63 65.
26199 220 5 67 70.
26419 115 5 75 68.
26653 420 5 67 65.
27085 200 5 60 67.
27295 100 5 60 72.
27411 220 5 60 77.
27633 80 5 60 76.
27743 100 5 60 77.
94206 580 5 60 74.
94780 110 5 70 75.
94940 110 5 60 68.
95100 70 5 50 69.
95180 50 5 50 69.
95240 16 5 50 69.
95260 90 5 50 69.
95420 300 5 50 67.
95740 70 5 50 67.
95820 50 5 45 67.
95880 16 5 45 67.
95900 90 5 50 67.
96060 150 5 50 65.
96220 150 5 50 68.
96380 30 5 50 68.
96420 90 5 60 77.
96500 45 5 50 75.
96580 85 5 70 80.
96660 45 5 50 75.
96700 45 5 50 73.
96740 90 5 60 70.
96820 45 5 50 68.
96900 90 5 70 73.
96980 30 5 50 68.
97020 90 5 60 74.
97100 70 5 60 75.
98600 25 5 70 77.
98700 65 5 70 74.
98760 17 5 70 72.
98900 30 5 70 71.
98980 45 5 70 79.
99020 65 5 70 77.
99080 17 5 70 75.
99220 30 5 70 74.
99320 16 5 70 75.
99400 16 5 70 76.
99560 16 5 70 77.
99640 16 5 70 78.
99900 85 5 60 79.
99980 55 5 60 77.
100040 16 5 60 75.
100060 55 5 60 73.
2108 70 6 80 70.
2217 50 6 80 70.
2555 70 6 80 77.
2658 50 6 80 67.
2969 223 6 80 73.
3050 25 6 80 65.
3186 82 6 80 72.
3290 60 6 80 72.
3361 27 6 80 76.
3388 120 6 80 77.
5872 170 6 60 68.
6306 230 6 60 74.
6530 225 6 60 71.
6581 112 6 60 67.
6690 47 6 60 68.
6746 222 6 60 68.
6965 222 6 60 70.
7185 110 6 60 68.
7290 110 6 60 66.
7398 229 6 60 70.
7838 110 6 60 67.
8057 110 6 60 70.
11940 410 6 60 68.
12406 200 6 60 67.
12847 110 6 50 65.
12970 110 6 70 77.
15408 80 6 70 77.
15518 120 6 70 76.
16001 118 6 50 65.
16550 60 6 50 63.
16766 55 6 50 63.
16988 115 6 50 67.
17310 112 6 50 70.
17763 220 6 50 72.
18300 110 6 50 69.
18410 200 6 50 70.
18636 110 6 50 70.
20790 110 6 50 72.
20902 110 6 50 75.
21014 110 6 50 74.
21126 110 6 50 75.
21354 455 6 60 65.
22245 100 6 65 61.
22460 110 6 65 60.
24115 66 6 75 73.
24198 32 6 75 73.
24224 114 6 70 72.
24333 110 6 75 73.
24444 107 6 75 72.
24546 107 6 45 70.
24649 225 6 45 68.
24871 107 6 45 63.
24983 107 6 45 70.
25095 107 6 55 72.
25761 220 6 60 67.
25988 220 6 60 72.
26199 220 6 60 70.
26307 350 6 60 63.
26529 100 6 60 67.
26653 420 6 60 61.
26869 195 6 60 67.
27085 200 6 60 67.
27295 100 6 60 65.
27411 100 6 60 68.
27521 220 6 60 70.
27743 100 6 60 68.
28405 112 6 60 77.
29295 120 6 60 77.
94780 110 6 70 67.
95100 70 6 62 69.
95180 50 6 65 69.
95240 16 6 68 69.
95260 150 6 55 62.
95340 70 6 60 67.
95420 300 6 60 67.
95740 70 6 58 67.
95820 50 6 58 67.
95880 16 6 58 67.
95900 160 6 50 60.
95980 70 6 58 65.
96060 310 6 58 65.
96380 30 6 55 65.
96420 90 6 70 68.
96500 45 6 60 67.
96540 45 6 60 65.
96580 5 6 60 65.
96660 45 6 60 67.
96700 45 6 60 70.
96740 90 6 70 73.
96820 45 6 60 72.
96860 30 6 60 70.
96900 90 6 70 70.
96980 45 6 60 72.
97020 70 6 50 65.
97100 70 6 50 63.
97180 135 6 70 79.
97420 90 6 45 65.
97500 90 6 66 72.
97580 90 6 66 68.
97660 120 6 43 62.
97900 70 6 70 79.
99900 85 6 60 79.
99980 55 6 60 77.
100040 16 6 60 75.
100060 55 6 60 73.
100120 16 6 60 72.
100140 55 6 60 70.
100200 16 6 60 68.
100220 35 6 60 68.
100260 35 6 60 67.
100300 35 6 60 65.
100340 35 6 60 63.
100380 35 6 60 61.
100420 105 6 60 60.
101400 16 6 70 72.
101420 65 6 70 64.
101500 65 6 70 67.
101580 65 6 70 62.
101660 85 6 70 65.
107089 23 6 70 76.
107117 93 6 70 68.
108144 30 6 70 76.
108180 100 6 70 68.
108318 280 6 70 71.
112376 315 6 70 77.
2108 70 7 80 49.
2217 50 7 80 48.
2555 70 7 80 61.
2658 50 7 80 60.
2969 90 7 80 52.
3077 112 7 80 55.
3361 27 7 80 55.
3388 120 7 80 56.
5425 455 7 60 49.
6306 230 7 60 59.
6530 230 7 60 62.
6746 220 7 60 63.
7072 90 7 60 52.
7185 110 7 60 53.
7508 110 7 60 49.
7620 220 7 60 48.
7838 110 7 60 58.
7952 110 7 60 56.
8057 110 7 60 55.
9770 90 7 50 58.
9883 225 7 60 58.
10107 110 7 50 57.
10212 90 7 50 56.
10320 225 7 60 56.
10533 90 7 50 55.
10642 90 7 50 54.
10752 55 7 50 54.
11186 170 7 60 49.
11384 90 7 60 49.
11830 45 7 60 48.
15388 25 7 60 53.
15884 120 7 30 60.
16438 110 7 40 49.
16550 110 7 40 51.
16662 110 7 40 56.
16877 110 7 40 55.
16988 220 7 40 63.
17095 115 7 40 56.
17206 110 7 40 65.
17310 110 7 40 58.
17418 110 7 40 46.
17530 110 7 40 63.
17640 115 7 40 61.
17763 115 7 40 60.
17871 115 7 40 53.
18410 115 7 40 58.
18636 115 7 40 55.
19072 115 7 40 58.
19171 115 7 40 46.
19282 115 7 40 63.
19512 118 7 40 53.
20790 110 7 45 56.
20902 110 7 45 58.
21014 110 7 45 46.
21126 110 7 45 51.
21354 230 7 50 57.
21574 120 7 50 58.
21691 110 7 50 56.
21801 110 7 50 55.
21911 110 7 50 56.
22021 110 7 50 53.
22131 110 7 50 55.
22245 110 7 50 49.
24115 110 7 40 55.
24444 110 7 40 56.
25761 220 7 60 60.
25988 220 7 65 57.
26199 220 7 70 58.
26307 117 7 70 49.
26419 220 7 75 48.
26653 420 7 70 61.
27085 200 7 75 60.
27295 80 7 80 60.
27411 80 7 80 61.
27521 80 7 80 55.
27633 80 7 80 60.
27743 80 7 80 53.
94780 110 7 60 48.
95080 16 7 60 56.
95100 70 7 62 60.
95180 50 7 65 60.
95240 16 7 68 60.
95260 90 7 70 60.
95340 70 7 60 59.
95420 305 7 60 58.
95740 70 7 58 58.
95820 50 7 58 58.
95880 16 7 58 58.
95900 90 7 58 58.
95980 70 7 58 57.
96060 30 7 58 56.
96100 70 7 70 56.
96180 35 7 60 55.
96220 35 7 60 53.
96260 35 7 60 51.
96300 35 7 60 50.
96340 35 7 60 48.
96380 30 7 55 47.
96420 90 7 70 59.
96500 45 7 60 60.
96540 45 7 60 62.
96580 85 7 70 65.
96660 45 7 60 63.
96700 35 7 60 64.
96740 70 7 70 64.
96820 45 7 60 65.
96860 30 7 60 67.
96900 90 7 70 67.
96980 45 7 60 65.
97020 90 7 50 59.
97100 70 7 60 63.
97180 135 7 50 67.
97420 90 7 50 55.
97500 90 7 50 60.
97580 90 7 50 53.
97660 120 7 50 55.
97900 70 7 50 67.
99900 85 7 60 60.
99980 55 7 60 55.
100040 16 7 60 56.
100060 55 7 60 52.
100120 16 7 60 53.
100140 55 7 60 48.
100200 16 7 60 49.
100220 35 7 60 47.
100260 35 7 60 48.
100300 35 7 60 50.
100340 35 7 50 51.
100380 35 7 60 52.
100420 35 7 60 53.
100460 35 7 60 55.
100500 35 7 60 56.
100540 320 7 60 55.
100860 250 7 60 41.
101100 85 7 60 55.
101180 85 7 60 48.
101820 90 7 60 51.
102060 50 7 60 55.
102120 15 7 60 55.
102140 90 7 60 55.
104002 180 7 50 51.
104353 85 7 55 60.
106201 150 7 55 51.
106480 110 7 55 58.
110580 35 7 55 64.
110618 120 7 65 56.
110759 660 7 50 59.
2108 70 8 60 65.
2217 50 8 60 67.
2555 70 8 60 65.
2658 50 8 60 67.
3186 110 8 60 67.
3290 80 8 60 65.
6530 226 8 60 65.
6746 90 8 60 63.
6965 225 8 60 67.
7185 110 8 60 68.
7290 110 8 60 63.
7508 115 8 60 67.
7620 110 8 60 68.
7838 110 8 60 67.
7952 110 8 60 65.
8057 110 8 60 64.
8118 49 8 80 67.
8544 110 8 80 67.
8974 110 8 80 67.
9404 110 8 80 69.
11186 180 8 80 65.
11384 110 8 60 65.
11499 110 8 60 67.
12847 100 8 60 65.
12970 125 8 80 65.
15192 110 8 60 67.
15299 110 8 60 68.
15408 1 8 70 65.
15518 120 8 70 67.
16766 220 8 60 63.
17871 290 8 50 65.
18187 400 8 50 65.
19978 240 8 60 63.
20902 240 8 55 70.
21691 220 8 60 65.
22245 106 8 70 67.
24115 66 8 75 63.
24198 22 8 60 63.
24224 90 8 60 63.
24333 66 8 75 63.
24416 22 8 60 63.
24444 90 8 60 63.
25761 220 8 60 67.
25988 195 8 60 65.
26307 95 8 65 63.
26419 220 8 60 63.
26653 190 8 60 65.
26869 195 8 60 65.
27085 200 8 60 67.
27295 100 8 70 65.
27411 100 8 60 68.
27521 100 8 60 67.
27633 100 8 60 67.
27743 100 8 60 65.
44307 385 8 60 60.
93797 240 8 70 67.
94067 110 8 70 67.
94206 580 8 70 67.
94780 300 8 70 63.
95100 250 8 55 60.
95180 165 8 75 69.
95340 70 8 55 62.
95420 310 8 55 62.
95900 90 8 55 60.
95980 70 8 55 57.
96060 310 8 60 60.
96380 30 8 69 62.
96420 90 8 66 65.
96500 45 8 66 63.
96580 85 8 66 65.
96660 30 8 64 63.
96700 30 8 62 64.
96820 45 8 62 72.
96980 45 8 62 72.
97100 90 8 62 67.
112075 35 8 60 65.
132142 50 8 60 72.
132232 22 8 60 72.
132262 50 8 60 72.
132472 22 8 60 72.
2108 70 10 80 70.
2217 50 10 80 70.
2555 70 10 80 70.
2658 50 10 80 70.
3186 90 10 80 72.
3290 90 10 80 72.
3388 120 10 80 72.
6530 226 10 60 74.
6965 225 10 60 70.
8118 110 10 60 70.
8544 110 10 60 70.
8974 110 10 60 70.
9404 110 10 60 72.
11186 190 10 60 65.
11499 110 10 60 72.
12970 125 10 80 65.
15408 80 10 70 72.
15518 120 10 70 72.
21911 225 10 60 68.
22245 100 10 70 70.
26199 220 10 75 70.
26419 100 10 80 68.
27085 180 10 70 72.
27295 80 10 80 72.
27411 80 10 80 65.
27521 80 10 80 70.
27633 80 10 80 70.
27743 80 10 80 68.
94780 30 10 70 72.
94820 70 10 70 72.
94900 16 10 70 72.
94920 16 10 70 72.
94940 30 10 70 72.
94980 30 10 70 72.
95020 30 10 70 72.
95060 30 10 70 72.
95100 90 10 70 72.
95900 90 10 70 72.
96060 30 10 70 65.
96100 90 10 85 77.
96180 10 10 70 77.
96200 16 10 70 77.
96220 30 10 70 77.
96260 30 10 70 77.
96300 30 10 70 77.
96340 30 10 70 77.
96380 70 10 70 77.
96940 70 10 70 72.
97020 70 10 70 77.
97100 70 10 70 72.
132142 50 10 60 72.
132232 22 10 60 72.
132262 50 10 70 72.
132472 22 10 60 72.
132502 50 10 70 72.
132712 22 10 60 72.
132742 50 10 70 72.
133192 22 10 60 72.
133222 50 10 70 72.
133432 22 10 60 72.
133462 50 10 70 72.
133672 22 10 60 72.
133702 50 10 70 72.
134152 22 10 60 72.
134182 50 10 70 72.
134392 22 10 60 72.
134422 50 10 70 72.
135112 22 10 70 75.
135142 50 10 70 75.
135232 22 10 70 75.
135262 50 10 70 75.
135322 22 10 70 72.
135352 22 10 70 72.
135382 50 10 70 72.
135442 50 10 70 72.
135502 50 10 70 72.
135562 22 10 70 72.
135592 22 10 70 72.
135622 50 10 70 72.
135682 50 10 70 72.
135742 50 10 70 72.
135802 50 10 70 72.
135862 50 10 70 77.
135922 50 10 70 77.
135982 50 10 70 77.
136072 22 10 70 77.
136102 50 10 70 77.
136312 22 10 70 77.
136342 50 10 70 77.
136552 22 10 70 72.
2108 70 11 80 49.
2217 50 11 80 48.
2555 70 11 80 49.
2658 50 11 80 48.
3186 110 11 80 52.
3361 27 11 80 55.
3388 120 11 80 56.
5425 455 11 50 49.
7508 115 11 55 49.
8223 45 11 60 53.
8278 45 11 60 55.
8329 45 11 60 56.
8384 45 11 60 58.
8434 45 11 60 59.
8484 50 11 60 60.
8544 95 11 75 61.
8650 45 11 60 60.
8708 45 11 60 58.
8759 45 11 60 56.
8813 45 11 60 55.
8863 45 11 60 53.
8918 48 11 60 52.
8974 96 11 80 52.
9088 45 11 60 53.
9145 45 11 60 55.
9193 45 11 60 56.
9244 45 11 60 58.
9292 45 11 60 56.
9348 45 11 60 57.
9404 95 11 80 45.
9516 45 11 60 46.
9567 45 11 60 48.
9615 45 11 60 49.
9665 45 11 60 51.
9715 45 11 60 49.
9770 45 11 60 46.
9883 230 11 75 58.
10212 90 11 60 56.
10320 220 11 75 56.
10642 90 11 60 54.
10752 45 11 60 54.
10805 45 11 60 53.
10859 220 11 60 51.
11186 170 11 75 49.
11378 45 11 60 49.
11499 45 11 60 48.
12520 120 11 60 58.
12735 45 11 60 58.
12847 100 11 60 56.
12970 125 11 80 44.
15388 25 11 60 53.
21354 230 11 50 57.
21801 110 11 50 55.
21911 110 11 50 56.
22021 110 11 50 53.
22131 110 11 50 55.
22245 110 11 50 49.
25761 220 11 60 52.
25988 220 11 65 51.
26653 210 11 70 48.
26869 195 11 70 46.
27085 200 11 70 46.
27295 100 11 70 44.
27411 100 11 70 49.
27521 100 11 70 43.
27633 100 11 70 48.
27743 100 11 70 53.
94780 150 11 70 48.
94940 90 11 70 48.
95080 16 11 70 56.
95100 70 11 70 60.
95180 165 11 70 48.
95420 250 11 75 46.
95720 16 11 75 55.
95740 70 11 75 58.
95820 165 11 85 46.
96060 30 11 70 44.
96100 70 11 85 56.
96180 35 11 70 55.
96220 35 11 70 53.
96260 35 11 70 51.
96300 35 11 70 50.
96340 35 11 70 48.
96380 30 11 70 47.
96420 80 11 85 47.
96500 30 11 70 48.
96540 30 11 70 50.
96580 80 11 85 53.
96660 30 11 70 51.
96700 30 11 70 52.
96740 30 11 80 52.
96820 30 11 70 53.
96860 30 11 70 55.
96900 80 11 80 58.
96980 30 11 70 56.
97020 70 11 70 59.
97100 70 11 70 60.
99900 85 11 60 60.
100040 16 11 60 56.
100060 55 11 60 52.
100120 16 11 60 53.
100140 55 11 60 48.
100200 16 11 60 49.
100220 35 11 60 47.
100260 35 11 60 48.
100300 35 11 60 50.
100340 35 11 60 51.
100380 35 11 60 52.
2108 23 12 90 53.
2135 23 12 90 53.
2162 23 12 90 53.
2190 23 12 90 53.
2217 55 12 90 48.
2555 22 12 90 53.
2581 22 12 90 53.
2605 22 12 90 53.
2629 22 12 90 53.
2658 50 12 90 48.
3186 110 12 90 48.
3388 236 12 90 53.
12847 60 12 60 53.
12970 60 12 80 53.
15408 20 12 80 53.
15435 20 12 80 53.
15462 20 12 80 53.
15489 20 12 80 53.
15518 60 12 80 48.
27085 20 12 60 36.
27112 20 12 60 36.
27139 20 12 60 36.
27193 20 12 60 36.
27247 20 12 60 36.
27295 60 12 70 53.
27411 60 12 70 53.
27521 60 12 70 53.
27633 60 12 70 48.
27743 60 12 70 53.
94780 15 12 70 48.
94800 15 12 70 48.
94820 15 12 70 48.
94840 15 12 70 48.
94860 15 12 70 48.
94880 15 12 70 48.
94900 15 12 70 48.
94920 15 12 70 48.
94940 15 12 70 48.
94960 15 12 70 48.
94980 15 12 70 48.
95000 15 12 70 48.
95020 15 12 70 48.
95040 15 12 70 48.
95060 15 12 70 48.
95080 15 12 70 48.
95100 15 12 70 48.
96060 15 12 70 53.
96080 15 12 70 53.
96100 15 12 70 53.
96120 15 12 70 53.
96140 15 12 70 53.
96160 15 12 70 53.
96180 15 12 70 53.
96200 15 12 70 53.
96220 15 12 70 53.
96240 15 12 70 53.
96260 15 12 70 53.
96280 15 12 70 53.
96300 15 12 70 53.
96320 15 12 70 53.
96340 15 12 70 53.
96360 15 12 70 53.
96380 15 12 70 53.
96400 15 12 70 53.
96420 15 12 70 53.
96440 15 12 70 53.
96460 15 12 70 53.
96480 15 12 70 53.
96500 15 12 70 48.
96540 15 12 70 53.
96560 15 12 70 53.
96580 15 12 70 53.
96600 15 12 70 53.
96620 15 12 70 53.
96640 15 12 70 53.
96660 15 12 70 48.
96700 15 12 70 48.
96720 15 12 70 48.
96740 15 12 70 48.
96760 15 12 70 48.
96780 15 12 70 48.
96800 15 12 70 48.
96820 15 12 70 53.
96860 15 12 70 48.
96880 15 12 70 48.
96900 15 12 70 48.
96920 15 12 70 48.
96940 15 12 70 48.
96960 15 12 70 48.
96980 15 12 70 53.
97020 15 12 70 53.
97100 15 12 70 48.
99320 15 12 70 48.
99340 15 12 70 48.
99400 15 12 70 48.
99420 15 12 70 48.
99480 15 12 70 48.
99500 15 12 70 48.
99560 15 12 70 48.
99580 15 12 70 48.
99600 15 12 70 48.
99620 15 12 70 48.
99640 15 12 70 48.
99660 15 12 70 48.
99900 60 12 70 48.
131202 12 12 80 53.
131217 12 12 70 53.
131232 12 12 70 53.
131247 12 12 70 53.
131262 12 12 70 53.
131277 12 12 70 53.
131292 12 12 70 53.
131307 12 12 70 53.
131322 12 12 70 53.
131337 12 12 70 53.
131352 12 12 70 53.
131367 12 12 70 53.
131382 12 12 70 53.
131397 12 12 70 53.
131412 12 12 70 53.
131427 12 12 70 53.
131442 12 12 70 53.
131457 12 12 70 53.
131472 12 12 70 53.
131487 12 12 70 53.
131502 12 12 70 53.
131517 12 12 70 53.
131532 12 12 70 53.
131547 12 12 70 53.
131562 12 12 70 53.
131577 12 12 70 53.
131592 12 12 70 53.
131607 12 12 70 53.
131622 12 12 70 53.
131637 12 12 70 53.
131652 12 12 70 53.
131667 12 12 70 53.
131682 12 12 70 53.
131697 12 12 70 53.
131712 12 12 70 53.
131727 12 12 70 53.
131742 12 12 70 53.
131757 12 12 70 53.
131772 12 12 70 53.
131787 12 12 70 53.
131802 12 12 70 53.
131817 12 12 70 53.
131832 12 12 70 53.
131847 12 12 70 53.
131862 12 12 70 53.
131877 12 12 70 53.
131892 12 12 70 53.
131907 12 12 70 53.
131922 12 12 70 53.
131937 12 12 70 53.
131952 12 12 70 53.
131967 12 12 70 53.
131982 12 12 70 53.
131997 12 12 70 53.
132012 12 12 70 53.
132027 12 12 70 53.
132042 12 12 70 53.
132057 12 12 70 53.
132072 12 12 70 53.
132087 12 12 70 53.
132102 12 12 70 53.
132117 12 12 70 53.
132132 12 12 70 53.
132142 50 12 60 36.
132177 50 12 80 53.
31116 153 13 108 97.
31284 30 13 77 79.
31314 28 13 98 89.
31380 127 13 93 73.
31544 23 13 72 67.
31577 28 13 79 65.
31605 15 13 94 70.
31635 28 13 85 61.
31666 32 13 93 67.
31696 26 13 94 65.
31700 26 13 81 53.
31725 14 13 60 46.
31757 27 13 95 49.
31789 43 13 97 55.
31816 27 13 70 41.
31882 22 13 97 46.
31911 19 13 92 48.
31929 19 13 88 46.
31950 18 13 88 48.
31967 19 13 77 46.
31988 20 13 84 48.
32002 19 13 82 46.
32021 31 13 86 44.
32046 27 13 90 46.
32071 43 13 92 48.
32112 32 13 94 46.
32150 33 13 55 32.
32188 54 13 54 31.
32240 174 13 80 41.
32470 40 13 77 36.
32515 46 13 84 41.
32556 46 13 89 43.
32596 40 13 89 44.
32635 38 13 93 48.
32678 44 13 86 53.
32716 44 13 81 58.
32760 47 13 73 56.
32834 27 13 82 77.
32861 35 13 84 68.
32867 31 13 66 65.
32911 27 13 42 67.
32970 399 13 86 72.
33078 89 13 50 65.
33178 102 13 52 64.
33382 256 13 44 65.
33489 34 13 55 61.
33585 88 13 71 68.
33591 73 13 53 60.
33688 19 13 52 58.
33788 86 13 46 56.
33790 45 13 90 65.
33887 83 13 52 58.
33897 47 13 38 55.
33951 21 13 92 67.
33986 39 13 66 53.
34092 34 13 52 56.
34093 37 13 68 59.
34199 166 13 92 65.
34206 72 13 66 60.
34317 64 13 49 59.
34376 24 13 69 67.
34398 31 13 72 65.
34435 17 13 59 55.
34514 19 13 90 61.
34514 6 13 90 49.
34542 12 13 100 43.
34609 19 13 87 56.
34634 24 13 97 58.
34640 7 13 84 34.
34725 50 13 66 55.
34736 42 13 47 58.
34743 25 13 79 70.
34744 39 13 73 67.
34854 29 13 96 76.
34856 35 13 69 64.
34857 34 13 50 58.
34859 27 13 56 67.
34860 27 13 67 60.
34945 22 13 86 61.
34965 48 13 103 55.
34972 13 13 91 43.
35036 9 13 81 44.
35061 21 13 96 58.
35068 6 13 78 34.
35147 22 13 74 49.
35157 26 13 54 55.
35173 77 13 76 70.
35176 62 13 77 77.
35181 19 13 81 65.
35194 20 13 26 55.
35250 16 13 85 48.
35278 38 13 55 58.
35292 76 13 86 82.
35294 32 13 65 70.
35296 32 13 69 79.
35388 126 13 53 58.
35408 70 13 93 79.
35480 26 13 90 77.
35592 18 13 65 52.
35608 336 13 55 58.
35621 321 13 58 61.
35656 19 13 84 82.
35698 29 13 89 82.
35725 23 13 91 85.
35764 6 13 28 85.
35843 30 13 79 88.
35865 42 13 80 85.
35891 22 13 72 82.
35913 11 13 82 79.
35940 25 13 73 76.
35996 29 13 86 72.
36004 170 13 35 58.
36136 34 13 68 70.
36222 91 13 70 67.
36228 106 13 33 61.
36332 12 13 57 65.
36381 103 13 36 60.
36590 153 13 77 72.
36664 45 13 97 84.
36728 65 13 88 80.
36800 68 13 54 53.
36868 45 13 64 60.
36934 60 13 56 67.
37058 118 13 81 77.
37121 42 13 54 60.
37189 53 13 27 56.
37309 177 13 81 72.
37317 58 13 40 52.
37378 44 13 45 60.
37437 49 13 58 48.
37503 73 13 46 60.
37564 45 13 61 68.
37572 181 13 43 53.
37658 15 13 77 72.
37696 22 13 89 85.
37706 56 13 46 56.
37726 28 13 88 84.
37756 14 13 65 60.
37778 24 13 91 84.
37832 132 13 92 77.
37844 42 13 57 68.
37898 37 13 58 60.
37970 48 13 67 68.
38039 30 13 70 67.
38108 76 13 54 65.
38114 69 13 38 56.
38177 76 13 52 60.
38243 28 13 86 82.
38263 159 13 44 53.
38267 32 13 79 80.
38316 24 13 72 71.
38346 23 13 70 72.
38371 36 13 72 75.
38377 55 13 46 60.
38404 23 13 70 73.
38477 16 13 73 72.
38508 200 13 73 72.
38580 58 13 57 55.
38640 58 13 66 60.
38770 118 13 74 68.
38899 55 13 79 67.
39044 19 13 70 67.
39068 18 13 69 65.
39083 17 13 69 67.
39118 18 13 70 67.
39145 67 13 55 56.
39192 17 13 93 65.
39322 46 13 42 44.
39383 29 13 50 53.
39439 85 13 105 89.
39442 67 13 90 77.
39505 15 13 86 68.
39580 79 13 110 92.
39596 51 13 50 46.
39702 38 13 94 91.
39768 34 13 98 89.
39831 35 13 77 76.
39895 22 13 87 77.
39964 36 13 60 58.
40019 39 13 47 65.
40023 51 13 72 68.
40087 91 13 92 79.
40102 152 13 51 53.
40153 104 13 53 55.
40202 36 13 99 80.
40213 57 13 40 61.
40267 32 13 90 70.
40340 75 13 94 84.
40344 202 13 48 49.
40414 24 13 88 85.
40419 18 13 70 73.
40487 82 13 80 77.
40492 175 13 35 58.
40552 138 13 52 55.
40586 17 13 84 79.
40630 134 13 82 76.
40640 45 13 42 48.
40702 44 13 63 60.
40772 64 13 27 56.
40778 57 13 38 53.
40923 57 13 64 79.
40928 35 13 42 52.
41062 27 13 73 71.
41329 60 13 36 68.
41393 54 13 54 60.
41465 57 13 46 67.
41529 59 13 30 60.
41651 52 13 43 60.
41714 124 13 77 73.
41770 60 13 50 60.
41841 198 13 82 72.
41851 56 13 40 52.
41909 49 13 44 60.
41981 48 13 52 48.
42049 59 13 59 70.
42208 17 13 71 72.
42248 15 13 74 84.
42250 79 13 50 56.
42279 23 13 55 85.
42304 22 13 84 83.
42377 24 13 86 80.
42406 133 13 92 77.
42422 41 13 49 68.
42540 130 13 86 76.
42545 85 13 56 58.
42609 33 13 71 67.
42679 104 13 55 65.
42764 108 13 39 60.
42814 27 13 84 79.
42835 29 13 72 82.
42858 24 13 84 80.
42861 210 13 42 53.
42870 232 13 36 56.
42928 22 13 75 77.
43001 80 13 45 60.
43008 30 13 70 73.
43036 25 13 85 72.
43096 21 13 72 73.
43145 15 13 79 72.
43179 180 13 73 72.
43253 53 13 49 55.
43310 42 13 59 60.
43384 109 13 40 55.
43417 33 13 74 68.
43456 198 13 75 67.
43636 18 13 57 51.
43735 239 13 65 50.
43740 17 13 69 67.
43791 19 13 73 65.
43792 132 13 54 53.
43823 20 13 77 65.
43856 18 13 73 65.
43889 17 13 65 65.
43904 18 13 86 64.
43912 124 13 55 56.
44041 189 13 58 49.
44111 81 13 55 53.
44178 166 13 63 58.
44316 122 13 51 48.
44436 80 13 82 64.
44441 63 13 44 58.
44494 52 13 69 60.
44526 30 13 80 62.
44562 74 13 52 58.
44568 80 13 40 55.
44684 87 13 63 56.
44692 79 13 69 53.
44829 25 13 76 39.
44864 23 13 72 82.
44901 53 13 72 63.
44908 20 13 77 82.
44946 18 13 66 82.
44954 42 13 84 79.
44999 19 13 73 84.
45010 65 13 76 63.
45034 19 13 77 84.
45074 60 13 78 61.
45078 58 13 55 58.
45091 17 13 58 82.
45129 14 13 56 82.
45141 20 13 75 84.
45164 14 13 60 82.
45197 18 13 61 82.
45212 19 13 78 84.
45234 16 13 63 82.
45254 25 13 68 63.
45335 79 13 101 84.
45337 83 13 72 80.
45349 47 13 37 56.
45408 28 13 68 68.
45472 90 13 94 85.
45480 59 13 65 67.
45482 63 13 52 61.
45537 29 13 79 70.
45594 75 13 99 79.
45602 63 13 54 67.
45604 54 13 45 70.
45608 24 13 65 60.
45625 87 13 50 76.
45664 36 13 65 72.
45729 77 13 58 68.
45732 77 13 64 65.
45880 72 13 90 47.
45948 23 13 85 86.
45958 55 13 60 53.
45979 27 13 90 88.
46010 32 13 97 91.
46015 41 13 52 56.
46062 24 13 77 80.
46088 22 13 73 83.
46131 151 13 66 50.
46152 27 13 77 86.
46199 25 13 74 80.
46222 27 13 76 82.
46238 50 13 46 56.
46290 33 13 56 59.
46330 24 13 86 79.
46362 71 13 67 47.
46380 18 13 79 80.
46427 28 13 77 74.
46452 28 13 82 76.
46476 43 13 53 56.
46480 28 13 82 79.
46524 22 13 73 68.
46545 23 13 72 71.
46589 25 13 86 76.
46612 10 13 80 74.
46652 26 13 81 65.
46694 46 13 52 56.
46717 32 13 75 68.
46731 22 13 47 59.
46739 26 13 81 65.
46761 15 13 87 62.
46857 75 13 81 52.
46938 26 13 54 48.
46966 21 13 71 53.
46995 30 13 67 52.
47027 21 13 75 48.
47059 33 13 77 59.
47089 19 13 70 55.
47119 28 13 73 53.
47157 17 13 63 41.
47186 20 13 63 53.
47215 19 13 71 58.
47243 46 13 72 56.
47276 16 13 80 68.
47305 20 13 86 67.
47334 21 13 69 59.
47363 24 13 76 60.
47398 19 13 72 48.
47425 17 13 87 64.
47454 29 13 74 62.
47485 26 13 73 64.
47513 18 13 73 60.
47542 26 13 87 71.
47570 17 13 74 67.
47571 25 13 89 70.
47601 22 13 76 65.
47634 14 13 92 84.
47663 15 13 84 68.
47691 18 13 85 70.
47693 26 13 64 67.
47720 18 13 94 72.
47753 20 13 74 65.
47779 20 13 89 79.
47808 25 13 107 77.
47810 19 13 73 71.
47838 18 13 105 76.
47866 14 13 103 91.
47897 17 13 93 76.
47925 26 13 85 74.
47953 20 13 100 79.
47957 35 13 77 76.
47983 22 13 96 84.
48014 17 13 73 80.
48041 21 13 90 82.
48072 22 13 80 77.
48108 8 13 59 65.
48134 19 13 70 77.
48162 23 13 75 79.
48191 41 13 79 80.
48221 15 13 90 92.
48250 19 13 75 85.
48279 23 13 74 83.
48306 26 13 97 88.
48336 25 13 91 96.
48365 17 13 86 88.
48392 24 13 89 91.
48423 18 13 88 84.
48428 45 13 81 60.
48452 25 13 78 88.
48482 17 13 82 79.
48510 21 13 80 84.
48540 36 13 87 60.
48544 41 13 71 48.
48570 22 13 77 79.
48601 15 13 82 72.
48628 22 13 82 76.
48657 15 13 82 67.
48661 69 13 50 40.
48689 17 13 78 64.
48720 13 13 87 60.
48749 14 13 74 58.
48792 67 13 82 68.
48796 37 13 52 56.
48802 27 13 63 53.
48870 20 13 68 60.
48871 247 13 49 56.
48875 113 13 46 53.
48992 20 13 77 61.
49056 19 13 91 69.
49087 26 13 87 70.
49180 38 13 82 68.
49210 23 13 64 61.
49244 19 13 68 63.
49310 20 13 80 72.
49339 14 13 70 60.
49369 18 13 66 63.
49374 26 13 50 56.
49400 18 13 80 72.
49431 50 13 49 58.
49435 49 13 54 55.
49463 22 13 80 72.
49496 19 13 64 65.
49496 9 13 44 56.
49523 19 13 78 77.
49557 25 13 80 75.
49584 23 13 79 73.
49613 23 13 82 65.
49618 28 13 48 61.
49674 28 13 79 68.
49677 97 13 63 60.
49706 26 13 91 72.
49737 23 13 76 64.
49766 34 13 78 70.
49799 9 13 57 53.
49864 243 13 53 68.
50043 207 13 59 63.
50106 52 13 57 67.
50170 58 13 56 65.
50196 18 13 68 73.
50229 23 13 70 75.
50293 21 13 79 84.
50297 19 13 54 56.
50325 14 13 71 72.
50354 19 13 77 75.
50356 28 13 47 68.
50384 19 13 88 84.
50412 20 13 77 76.
50415 43 13 60 67.
50471 16 13 63 68.
50474 13 13 58 65.
50595 22 13 80 77.
50598 26 13 55 73.
50654 26 13 86 80.
50655 61 13 63 72.
50661 102 13 52 60.
50721 44 13 52 67.
50775 40 13 82 82.
50779 27 13 60 65.
50840 17 13 95 84.
50869 27 13 105 89.
50901 237 13 78 56.
50903 175 13 81 59.
50905 232 13 77 53.
50935 27 13 95 92.
50967 43 13 98 89.
50994 24 13 82 86.
51079 23 13 80 77.
51139 93 13 49 58.
51144 78 13 46 55.
51169 17 13 90 72.
51197 21 13 75 80.
51203 13 13 67 76.
51231 24 13 90 79.
51262 56 13 53 56.
51264 38 13 56 65.
51322 18 13 92 84.
51350 23 13 97 89.
51380 220 13 81 56.
51381 25 13 100 91.
51382 197 13 96 62.
51412 25 13 93 92.
51472 28 13 86 86.
51561 26 13 77 77.
51618 123 13 48 58.
51621 101 13 59 55.
51652 15 13 84 73.
51673 15 13 87 72.
51700 22 13 80 80.
51730 25 13 87 79.
51761 33 13 92 77.
51763 58 13 56 56.
51772 50 13 43 53.
51791 13 13 79 80.
51821 21 13 91 84.
51852 20 13 86 89.
51881 25 13 93 91.
51911 49 13 81 92.
51947 59 13 70 60.
51968 14 13 88 84.
51997 18 13 73 65.
52001 19 13 64 56.
52057 18 13 71 60.
52065 18 13 64 53.
52122 20 13 88 67.
52179 22 13 86 65.
52239 47 13 84 41.
52267 23 13 80 56.
52357 19 13 90 67.
52361 126 13 76 39.
52392 14 13 85 68.
52420 14 13 85 65.
52477 21 13 92 79.
52481 69 13 92 49.
52565 26 13 93 84.
52595 57 13 90 48.
52730 40 13 81 35.
52800 21 13 73 56.
52833 30 13 67 47.
52867 22 13 79 61.
52900 23 13 89 62.
52931 12 13 60 56.
52965 24 13 87 65.
53000 25 13 71 55.
53029 33 13 66 56.
53065 20 13 89 62.
53126 29 13 61 58.
53157 23 13 82 68.
53188 24 13 61 62.
53212 35 13 59 56.
53219 24 13 92 71.
53249 24 13 89 70.
53279 21 13 88 71.
53309 21 13 86 68.
53342 24 13 91 74.
53373 21 13 80 73.
53412 23 13 72 65.
53439 17 13 76 71.
53469 24 13 86 77.
53497 29 13 59 67.
53535 22 13 86 77.
53570 21 13 61 71.
53599 24 13 61 65.
53637 22 13 79 79.
53670 30 13 70 80.
53707 25 13 69 77.
53800 50 13 73 84.
53809 43 13 45 76.
53904 24 13 67 71.
53939 16 13 84 72.
53980 27 13 79 73.
53989 82 13 46 56.
53991 184 13 49 65.
54016 20 13 89 77.
54122 117 13 52 55.
54151 27 13 79 82.
54245 30 13 81 82.
54373 20 13 77 72.
54376 17 13 63 60.
54409 19 13 68 75.
54438 21 13 60 70.
54468 28 13 65 68.
54503 31 13 79 72.
54505 120 13 44 56.
54508 135 13 45 44.
54600 25 13 60 63.
54635 19 13 77 62.
54641 88 13 48 46.
54664 25 13 72 65.
54696 21 13 75 60.
54726 25 13 65 58.
54773 135 13 38 46.
54805 20 13 56 56.
54840 21 13 60 62.
54877 23 13 76 65.
54914 35 13 72 63.
54919 34 13 46 39.
54995 19 13 70 63.
55026 19 13 74 64.
55061 20 13 72 65.
55066 109 13 51 57.
55188 19 13 73 71.
55194 211 13 51 56.
55221 18 13 84 72.
55316 19 13 82 71.
55443 25 13 78 80.
55447 17 13 53 55.
55480 21 13 76 79.
55508 20 13 81 75.
55540 21 13 86 76.
55570 22 13 88 77.
55573 369 13 51 51.
55696 21 13 87 83.
55729 20 13 88 84.
55758 44 13 94 89.
55824 69 13 66 62.
55889 20 13 89 94.
55947 81 13 63 63.
55953 21 13 88 92.
55986 25 13 88 91.
56017 33 13 87 97.
56045 23 13 80 89.
56086 19 13 80 88.
56150 19 13 72 86.
56216 21 13 77 84.
56217 23 13 68 68.
56248 25 13 80 92.
56280 53 13 77 96.
56345 16 13 76 86.
56351 91 13 72 62.
56482 13 13 66 75.
56488 31 13 51 55.
56617 99 13 33 61.
56641 65 13 89 72.
56714 22 13 63 74.
56751 17 13 59 73.
56789 18 13 70 72.
56793 55 13 48 63.
56795 53 13 48 60.
56824 25 13 67 80.
56886 29 13 68 77.
56927 100 13 73 62.
56954 21 13 73 71.
56989 27 13 58 68.
57061 30 13 77 63.
57065 59 13 55 55.
57095 22 13 77 67.
57128 21 13 55 68.
57205 25 13 53 51.
57207 25 13 35 39.
57226 23 13 64 68.
57261 23 13 73 67.
57293 19 13 77 77.
57329 35 13 75 73.
57333 44 13 51 61.
57335 58 13 55 51.
57398 25 13 59 68.
57433 22 13 71 69.
57467 22 13 66 70.
57470 23 13 52 51.
57598 121 13 76 73.
57604 40 13 40 61.
57609 37 13 35 58.
57638 19 13 69 67.
57733 25 13 46 39.
57735 23 13 45 51.
57767 22 13 55 68.
57800 27 13 53 67.
57834 247 13 84 77.
57874 45 13 70 73.
57879 51 13 47 51.
57913 17 13 73 67.
57947 28 13 60 68.
57984 25 13 54 69.
58018 43 13 63 70.
58019 68 13 46 51.
58197 108 13 33 61.
58200 99 13 37 51.
58241 22 13 59 67.
58279 26 13 67 73.
58350 17 13 80 75.
58489 14 13 70 87.
58652 15 13 81 91.
59451 56 13 40 27.
59683 107 13 46 63.
59787 71 13 44 56.
59928 87 13 79 73.
60076 65 13 45 61.
60212 80 13 47 67.
60291 78 13 38 63.
60588 59 13 89 72.
60663 68 13 42 58.
60729 37 13 50 63.
60791 73 13 80 73.
60935 22 13 77 72.
60961 23 13 69 74.
61016 23 13 63 71.
61038 20 13 66 72.
61060 19 13 72 73.
61081 27 13 76 74.
61101 113 13 37 64.
61108 21 13 74 75.
61238 56 13 72 82.
61249 54 13 34 65.
61284 32 13 70 80.
61420 78 13 84 79.
61427 26 13 45 58.
61490 22 13 69 72.
61562 54 13 38 70.
61564 75 13 39 62.
61723 35 13 57 51.
61790 72 13 40 58.
61877 53 13 50 60.
61967 16 13 47 67.
62073 23 13 59 41.
62156 12 13 85 77.
62185 14 13 85 77.
62201 28 13 82 80.
62219 61 13 45 63.
62221 76 13 85 78.
62286 70 13 61 65.
62315 14 13 94 77.
62347 80 13 92 77.
62354 60 13 44 58.
62421 64 13 65 65.
62489 46 13 79 77.
62497 48 13 45 53.
62583 22 13 89 85.
62618 62 13 87 84.
62631 53 13 44 57.
62713 29 13 72 82.
62750 87 13 54 75.
62760 48 13 42 53.
62822 34 13 53 65.
62854 28 13 75 85.
62861 7 13 71 77.
62903 268 13 48 73.
62975 110 13 53 65.
63228 70 13 74 75.
63243 99 13 45 55.
63299 66 13 37 58.
63321 8 13 59 73.
63356 19 13 71 75.
63371 23 13 73 79.
63385 79 13 35 73.
63450 23 13 60 51.
63491 7 13 48 73.
63543 84 13 69 72.
63557 44 13 50 44.
63680 62 13 37 68.
63685 22 13 54 60.
63741 26 13 87 79.
63745 12 13 57 65.
63814 30 13 61 74.
63817 120 13 30 68.
63891 33 13 80 75.
63901 40 13 44 53.
63966 45 13 65 70.
64034 45 13 89 79.
64040 45 13 56 68.
64125 62 13 54 67.
64195 50 13 63 70.
64261 73 13 57 67.
64267 95 13 42 51.
64423 60 13 55 68.
64431 70 13 47 53.
64487 50 13 53 61.
64554 79 13 52 70.
64561 52 13 56 64.
64565 36 13 42 43.
64627 30 13 56 63.
64703 77 13 47 60.
64706 133 13 47 56.
64835 53 13 84 73.
64840 58 13 69 65.
64845 216 13 45 51.
64906 22 13 56 63.
64937 19 13 86 72.
64973 188 13 84 72.
64979 53 13 48 67.
64987 62 13 36 39.
65117 62 13 58 61.
65187 29 13 78 70.
65265 53 13 63 60.
65268 129 13 32 56.
65332 19 13 47 63.
65379 20 13 60 67.
65403 48 13 64 65.
65460 27 13 58 63.
65493 16 13 80 72.
65527 56 13 85 73.
65531 59 13 44 61.
65540 43 13 33 58.
65666 73 13 74 61.
65671 34 13 49 43.
65767 23 13 91 73.
65797 82 13 91 72.
65800 30 13 48 68.
65809 33 13 32 56.
65869 16 13 70 63.
65939 87 13 94 80.
65950 68 13 35 56.
66011 23 13 65 68.
66019 24 13 47 65.
66080 58 13 86 79.
66084 85 13 66 67.
66086 46 13 35 63.
66147 21 13 63 70.
66217 12 13 53 74.
66219 64 13 33 68.
66223 42 13 44 46.
66288 20 13 67 70.
66369 56 13 46 67.
66376 96 13 31 51.
66435 57 13 54 70.
66594 26 13 54 70.
66689 61 13 57 75.
66693 50 13 64 72.
66704 55 13 48 45.
66768 49 13 43 53.
66823 53 13 84 78.
66828 58 13 66 72.
66894 29 13 76 65.
66964 89 13 90 77.
66969 68 13 61 70.
66973 47 13 56 46.
67039 12 13 73 65.
67051 62 13 42 53.
67115 12 13 38 61.
67265 108 13 85 76.
67270 78 13 40 73.
67284 51 13 43 43.
67336 45 13 58 63.
67400 55 13 81 75.
67405 54 13 55 70.
67467 22 13 48 43.
67502 21 13 89 75.
67541 87 13 78 75.
67547 71 13 50 68.
67557 53 13 40 44.
67695 60 13 71 80.
67702 63 13 40 56.
67765 16 13 51 68.
67838 28 13 77 72.
67852 37 13 43 67.
67857 46 13 73 70.
67910 29 13 87 69.
67934 117 13 34 55.
67945 23 13 77 70.
67985 26 13 81 71.
68058 26 13 84 73.
68143 36 13 88 77.
68146 50 13 53 48.
68290 57 13 45 63.
68323 27 13 74 73.
68367 19 13 77 72.
68415 23 13 74 72.
68430 48 13 80 70.
68510 52 13 46 55.
68577 25 13 98 72.
68639 25 13 89 74.
68703 15 13 86 71.
68715 49 13 65 50.
68852 77 13 43 65.
68933 15 13 90 79.
68964 9 13 82 77.
68991 41 13 94 77.
69030 29 13 44 39.
69037 20 13 101 89.
69103 18 13 77 74.
69137 16 13 85 75.
69149 12 13 48 60.
69170 21 13 89 87.
69205 25 13 90 85.
69212 11 13 58 60.
69238 22 13 85 80.
69270 17 13 81 72.
69305 28 13 91 84.
69343 17 13 57 38.
69429 13 13 40 65.
69434 11 13 38 59.
69492 10 13 45 65.
69641 44 13 72 72.
69652 33 13 39 39.
69692 32 13 68 63.
69733 37 13 76 70.
69812 55 13 65 60.
69959 32 13 45 63.
69964 169 13 42 60.
70027 18 13 60 68.
70035 98 13 44 51.
70049 26 13 68 70.
70097 15 13 71 67.
70115 25 13 81 68.
70146 100 13 43 52.
70149 91 13 84 72.
70231 19 13 36 58.
70316 77 13 67 60.
70343 85 13 38 41.
70350 198 13 74 70.
70490 70 13 53 60.
70562 25 13 68 68.
70573 8 13 44 62.
70655 35 13 63 67.
70660 30 13 48 63.
70705 14 13 69 55.
70741 19 13 76 60.
70750 19 13 44 48.
70804 17 13 72 66.
70835 20 13 90 67.
70866 26 13 93 72.
70906 10 13 45 48.
70926 30 13 84 78.
70993 188 13 73 67.
71009 91 13 42 44.
71094 15 13 35 48.
71243 12 13 46 48.
71334 79 13 84 75.
71351 78 13 42 43.
71430 22 13 40 48.
71485 80 13 70 75.
71513 90 13 54 60.
71596 20 13 57 48.
71686 43 13 97 86.
71783 17 13 68 60.
71785 8 13 46 56.
71825 37 13 97 84.
71875 20 13 51 65.
71961 17 13 52 65.
71962 14 13 58 62.
72059 27 13 80 43.
72085 25 13 88 83.
72117 17 13 84 86.
72150 8 13 81 80.
72171 8 13 66 50.
72173 9 13 58 59.
72225 21 13 86 83.
72253 13 13 86 78.
72279 29 13 84 78.
72282 9 13 53 59.
72310 19 13 94 77.
72335 38 13 80 80.
72398 26 13 55 59.
72448 31 13 86 71.
72533 19 13 91 65.
72565 293 13 90 65.
72677 22 13 56 60.
72769 28 13 37 60.
72854 64 13 72 63.
72860 20 13 42 60.
72970 76 13 40 47.
72988 21 13 63 63.
73063 22 13 70 62.
73073 40 13 27 56.
73189 38 13 72 71.
73202 33 13 36 62.
73203 45 13 36 56.
73218 17 13 73 73.
73299 29 13 81 79.
73312 31 13 38 53.
73318 27 13 27 56.
73328 27 13 87 77.
73391 27 13 80 75.
73467 52 13 43 48.
73567 27 13 35 62.
73573 20 13 34 55.
73656 24 13 36 62.
73659 22 13 32 51.
73744 53 13 63 72.
73757 32 13 36 51.
73758 40 13 38 60.
73856 68 13 68 73.
73951 25 13 40 56.
74001 29 13 77 68.
74054 21 13 36 61.
74057 29 13 79 68.
74130 48 13 38 61.
74158 28 13 80 75.
74190 14 13 80 77.
74221 116 13 96 77.
74311 9 13 58 64.
74347 28 13 94 76.
74387 100 13 105 79.
74471 9 13 66 65.
74507 33 13 101 77.
74559 40 13 102 80.
74567 23 13 85 53.
74600 8 13 52 81.
74641 287 13 96 80.
74703 137 13 71 68.
74707 120 13 58 60.
74928 43 13 81 92.
74982 31 13 78 89.
75019 30 13 74 86.
75053 28 13 75 87.
75088 27 13 85 88.
75133 39 13 86 91.
75182 32 13 80 89.
75215 32 13 81 87.
75247 27 13 77 86.
75284 23 13 71 84.
75319 35 13 67 82.
75387 31 13 76 79.
75428 26 13 66 77.
75460 31 13 60 75.
75506 27 13 57 74.
75544 28 13 61 72.
75588 29 13 56 70.
75631 52 13 55 68.
75687 171 13 51 67.
75867 121 13 89 79.
75894 130 13 59 67.
76037 95 13 86 77.
76084 79 13 42 44.
76200 115 13 59 60.
76250 85 13 45 56.
76323 85 13 39 53.
76386 487 13 88 75.
76418 444 13 70 63.
76512 166 13 56 48.
76593 60 13 55 56.
76777 88 13 42 43.
76871 104 13 43 47.
76916 30 13 65 75.
76969 77 13 72 74.
77171 17 13 50 60.
77221 35 13 56 60.
77231 77 13 37 36.
77376 21 13 64 56.
77512 19 13 81 63.
77515 6 13 61 60.
77519 60 13 57 36.
77583 21 13 87 72.
77616 42 13 90 74.
77653 7 13 71 72.
77688 20 13 81 79.
77720 27 13 86 84.
77753 34 13 91 87.
77792 51 13 93 86.
77809 46 13 48 38.
77935 17 13 56 60.
78056 31 13 80 80.
78065 10 13 57 71.
78122 32 13 42 50.
78126 22 13 72 74.
78156 19 13 60 65.
78194 23 13 84 79.
78202 13 13 26 71.
78229 32 13 74 75.
78261 21 13 68 74.
78292 24 13 60 65.
78337 33 13 76 72.
78346 50 13 47 36.
78408 70 13 49 43.
78476 15 13 55 51.
78517 15 13 78 55.
78550 18 13 81 60.
78581 25 13 87 62.
78616 8 13 71 60.
78716 27 13 92 74.
78749 16 13 87 75.
78750 7 13 67 72.
78783 24 13 90 79.
78818 25 13 89 84.
78849 35 13 91 87.
78889 64 13 91 86.
78905 58 13 43 38.
78961 19 13 54 50.
79027 23 13 75 78.
79159 30 13 85 80.
79166 26 13 67 71.
79199 24 13 55 75.
79225 26 13 69 74.
79296 23 13 47 59.
79442 51 13 57 63.
79449 56 13 46 36.
79516 109 13 47 43.
79572 26 13 65 58.
79581 38 13 52 51.
79652 20 13 82 60.
79685 25 13 86 62.
79721 6 13 75 60.
79732 46 13 49 36.
79756 16 13 86 67.
79787 20 13 91 72.
79852 18 13 71 55.
79856 16 13 91 75.
79997 51 13 72 82.
80014 21 13 54 43.
80079 51 13 66 50.
80135 24 13 82 74.
80142 28 13 46 62.
80164 26 13 79 75.
80193 29 13 77 74.
80264 28 13 90 72.
80274 33 13 50 57.
80298 19 13 78 74.
80324 25 13 82 72.
80391 28 13 74 70.
80398 73 13 34 58.
80424 26 13 71 72.
80444 26 13 53 70.
80466 19 13 48 50.
80472 19 13 65 62.
80544 45 13 54 65.
80560 66 13 47 38.
80644 16 13 61 58.
80661 18 13 73 60.
80711 17 13 75 57.
80744 17 13 79 62.
80775 26 13 86 64.
80810 18 13 86 65.
80846 18 13 82 69.
80880 17 13 86 74.
80945 17 13 91 77.
80947 14 13 51 57.
81084 57 13 77 84.
81148 14 13 61 52.
81222 37 13 46 60.
81226 7 13 50 72.
81287 55 13 37 52.
81318 27 13 72 69.
81354 37 13 43 62.
81361 7 13 31 71.
81412 32 13 72 74.
81421 54 13 44 52.
81447 21 13 65 68.
81486 56 13 37 60.
81486 8 13 53 69.
81538 25 13 74 72.
81634 51 13 58 67.
81642 49 13 48 40.
81782 50 13 51 67.
81920 65 13 64 45.
81954 31 13 69 71.
81989 24 13 79 72.
82023 29 13 78 69.
82066 35 13 82 79.
82074 60 13 37 64.
82107 19 13 47 69.
82136 30 13 85 79.
82172 27 13 81 69.
82210 88 13 87 78.
82226 60 13 46 50.
82288 20 13 44 57.
82364 184 13 64 74.
82521 71 13 46 43.
82558 30 13 60 69.
82598 22 13 47 55.
82634 33 13 71 65.
82681 43 13 75 77.
82691 84 13 45 62.
82728 29 13 77 79.
82778 46 13 76 77.
82842 17 13 56 65.
82929 47 13 58 63.
82934 74 13 52 72.
83020 16 13 64 75.
83103 26 13 87 89.
83182 28 13 71 80.
83223 26 13 35 80.
83258 20 13 76 85.
83331 24 13 91 84.
83341 53 13 37 51.
83407 25 13 80 80.
83484 15 13 63 72.
83490 11 13 37 51.
83519 23 13 87 77.
83562 27 13 78 77.
83566 18 13 59 73.
83569 24 13 45 39.
83643 44 13 46 51.
83673 18 13 82 85.
83717 17 13 68 73.
83751 23 13 73 67.
83789 19 13 80 75.
83867 19 13 72 73.
83948 44 13 40 51.
83977 15 13 86 84.
84020 21 13 60 73.
84052 27 13 70 67.
84093 12 13 35 51.
84168 55 13 71 80.
84173 28 13 67 72.
84209 37 13 67 73.
84249 38 13 80 74.
84286 16 13 84 75.
84330 74 13 43 60.
84404 27 13 89 87.
84409 68 13 45 51.
84441 29 13 92 86.
84480 28 13 84 85.
84557 27 13 94 84.
84565 60 13 40 51.
84635 28 13 86 80.
84712 23 13 87 79.
84714 17 13 61 72.
84750 24 13 87 77.
84791 32 13 80 77.
84796 22 13 56 73.
84830 32 13 74 67.
84866 53 13 44 51.
84941 27 13 82 77.
84949 56 13 40 63.
85009 19 13 37 51.
85052 15 13 84 84.
85091 20 13 53 39.
85096 9 13 46 73.
85129 20 13 72 67.
85164 44 13 44 51.
85243 23 13 79 77.
85246 67 13 39 63.
85317 21 13 71 75.
85351 22 13 72 82.
85390 19 13 87 80.
85399 61 13 53 41.
85438 24 13 45 68.
85469 20 13 76 65.
85541 10 13 52 56.
85584 17 13 73 68.
85614 24 13 40 41.
85657 26 13 85 73.
85694 43 13 88 80.
85702 59 13 55 39.
85734 20 13 51 68.
85767 43 13 53 51.
85843 16 13 82 60.
85883 26 13 86 72.
85918 27 13 76 73.
85957 15 13 84 72.
85995 17 13 91 80.
86034 23 13 72 70.
86071 26 13 77 60.
86115 6 13 42 60.
86144 87 13 47 56.
86187 19 13 67 68.
86227 10 13 63 50.
86259 14 13 66 58.
86305 15 13 80 72.
86343 18 13 61 67.
86378 44 13 67 60.
86459 8 13 71 72.
86490 25 13 74 70.
86523 23 13 45 51.
86609 38 13 93 80.
86616 64 13 51 41.
86656 7 13 56 75.
86691 13 13 85 65.
86764 10 13 73 61.
86809 10 13 37 68.
86840 25 13 85 75.
86847 18 13 51 41.
86875 28 13 91 73.
86913 42 13 92 80.
86925 60 13 46 39.
86994 18 13 77 63.
87069 11 13 66 60.
87105 28 13 78 72.
87143 22 13 55 39.
87217 14 13 88 80.
87256 21 13 79 70.
87293 25 13 84 60.
87335 7 13 50 60.
87368 79 13 48 56.
87406 21 13 70 68.
87444 11 13 59 50.
87522 16 13 84 72.
87559 19 13 58 67.
87595 44 13 58 60.
87669 19 13 79 72.
87705 32 13 72 70.
87745 60 13 39 51.
87783 26 13 93 75.
87826 62 13 47 46.
87829 7 13 54 68.
87866 29 13 66 53.
87879 205 13 10 68.
87940 21 13 61 53.
87973 91 13 87 74.
88011 28 13 57 56.
88056 29 13 65 48.
88090 22 13 91 72.
88131 24 13 67 51.
88137 158 13 63 67.
88285 84 13 76 70.
88319 31 13 52 56.
88356 29 13 54 58.
88395 20 13 93 75.
88435 210 13 75 68.
88438 36 13 68 70.
88508 33 13 67 52.
88549 21 13 61 53.
88581 28 13 70 55.
88622 31 13 59 56.
88696 15 13 94 72.
88699 16 13 70 50.
88738 161 13 97 72.
88741 222 13 71 67.
88781 32 13 55 39.
88891 38 13 65 55.
88928 36 13 38 56.
88959 35 13 57 58.
89040 141 13 74 70.
89041 103 13 77 65.
89152 25 13 60 56.
89190 24 13 77 64.
89299 22 13 93 77.
89300 16 13 77 65.
89337 100 13 103 79.
89339 88 13 86 67.
89340 92 13 63 76.
89377 37 13 66 46.
89446 33 13 74 43.
89490 69 13 91 80.
89492 27 13 73 41.
89495 36 13 79 77.
89521 35 13 67 39.
89635 85 13 101 86.
89637 60 13 80 80.
89639 43 13 82 77.
89643 21 13 78 35.
89679 28 13 57 41.
89742 9 13 63 50.
89783 204 13 107 89.
89785 200 13 88 80.
89786 222 13 86 86.
89790 27 13 77 47.
89991 29 13 65 68.
90066 25 13 89 75.
90071 7 13 69 79.
90072 6 13 66 84.
90105 63 13 64 63.
90221 40 13 97 94.
90225 16 13 87 89.
90263 31 13 93 92.
90298 33 13 89 89.
90331 16 13 78 84.
90366 70 13 86 68.
90367 134 13 81 60.
90402 28 13 86 80.
90505 23 13 81 70.
90539 32 13 79 68.
90576 26 13 74 65.
90606 17 13 81 60.
90643 19 13 78 58.
90675 35 13 85 56.
90714 15 13 73 53.
90743 18 13 75 41.
90801 26 13 101 98.
90805 24 13 96 93.
90931 23 13 72 63.
90945 25 13 90 86.
90951 10 13 79 69.
91093 7 13 65 69.
91234 95 13 80 30.
91394 77 13 77 31.
91554 19 13 74 55.
91591 21 13 81 60.
91629 43 13 63 44.
91698 20 13 87 60.
91731 21 13 76 63.
91771 30 13 77 50.
91799 16 13 82 67.
91802 8 13 67 48.
91834 17 13 86 63.
91870 19 13 87 67.
91937 14 13 64 51.
91977 57 13 91 67.
92128 22 13 86 55.
92167 20 13 79 60.
92208 37 13 59 44.
92241 8 13 48 43.
92270 21 13 89 60.
92303 22 13 87 63.
92337 28 13 80 66.
92370 20 13 85 67.
92409 23 13 75 60.
92439 26 13 67 55.
92474 27 13 57 53.
92503 12 13 57 51.
92546 19 13 76 63.
92695 20 13 81 55.
92732 37 13 76 48.
92767 28 13 76 62.
92769 44 13 63 44.
92798 21 13 78 63.
92841 30 13 73 55.
92873 33 13 72 51.
92904 27 13 84 66.
92907 34 13 78 50.
92938 18 13 79 67.
92975 26 13 73 60.
93009 18 13 88 67.
93039 41 13 84 71.
93048 30 13 63 53.
93112 28 13 65 63.
93146 40 13 72 60.
93179 38 13 92 74.
93247 22 13 92 72.
93314 27 13 88 78.
93381 18 13 91 75.
93416 19 13 91 79.
93519 19 13 90 79.
93553 30 13 70 72.
93589 38 13 82 86.
93652 9 13 48 67.
93667 21 13 92 91.
93674 24 13 84 79.
93699 23 13 85 83.
93732 16 13 86 86.
93740 22 13 67 79.
93763 25 13 89 83.
93797 24 13 94 91.
93802 23 13 79 79.
93829 29 13 89 83.
93865 27 13 96 91.
93866 26 13 73 79.
93896 31 13 90 83.
93931 29 13 73 79.
93933 21 13 86 86.
93963 30 13 90 83.
93999 28 13 76 79.
94000 22 13 86 86.
94030 32 13 88 83.
94066 27 13 78 79.
94068 21 13 86 86.
94097 32 13 73 77.
94135 26 13 91 91.
94136 31 13 71 79.
94205 8 13 57 67.
94207 19 13 94 86.
94281 18 13 81 86.
94315 8 13 65 55.
94326 29 13 58 62.
94349 12 13 89 71.
94421 18 13 77 86.
94456 17 13 70 43.
94488 15 13 87 59.
94561 20 13 87 86.
94633 20 13 91 86.
94635 21 13 73 31.
94702 22 13 84 86.
94780 29 13 103 96.
94785 25 13 77 36.
94786 6 13 73 86.
102750 31 13 76 92.
102780 77 13 81 84.
102862 35 13 84 85.
102895 109 13 81 87.
102900 115 13 63 75.
103003 57 13 69 79.
103011 47 13 42 67.
103057 59 13 86 80.
103114 46 13 81 85.
103118 54 13 49 73.
103222 48 13 75 80.
103276 55 13 76 77.
103335 57 13 68 75.
103470 69 13 68 68.
103478 63 13 44 49.
103590 94 13 76 68.
103600 54 13 29 56.
103605 45 13 43 48.
103714 42 13 70 68.
103718 183 13 52 61.
103723 93 13 39 46.
103751 36 13 76 70.
103884 44 13 77 70.
103920 318 13 49 51.
103945 128 13 42 63.
103966 212 13 55 68.
104093 81 13 58 72.
105013 33 13 84 94.
105018 30 13 57 82.
105043 84 13 86 85.
105048 81 13 65 73.
105168 130 13 61 77.
105278 56 13 69 81.
105287 51 13 46 69.
105332 61 13 82 82.
105444 53 13 78 85.
105451 40 13 55 73.
105501 51 13 48 70.
105557 51 13 80 78.
105751 44 13 48 69.
105877 30 13 72 73.
105882 149 13 45 61.
105909 31 13 75 75.
105935 30 13 72 73.
105961 27 13 86 72.
105985 27 13 79 73.
106026 55 13 80 75.
106028 59 13 37 68.
106105 46 13 87 77.
106203 430 13 49 67.
106211 499 13 36 51.
106412 22 13 64 79.
106445 25 13 69 77.
106480 130 13 64 75.
106624 50 13 46 70.
106762 98 13 34 68.
107382 28 13 66 52.
107451 40 13 82 59.
107487 8 13 60 51.
107517 27 13 87 64.
107554 28 13 59 56.
107587 31 13 69 59.
107655 21 13 61 64.
107684 26 13 58 68.
107719 20 13 65 71.
107748 22 13 75 75.
107785 30 13 73 74.
107816 24 13 85 80.
107846 23 13 84 81.
107877 29 13 89 82.
107884 20 13 70 70.
107914 36 13 88 83.
107947 29 13 92 76.
107980 17 13 50 68.
108018 21 13 57 59.
108046 27 13 88 76.
108079 29 13 58 56.
108114 30 13 61 57.
108149 22 13 71 58.
108180 30 13 86 71.
108211 36 13 74 68.
108325 170 13 98 52.
108504 26 13 80 55.
108537 41 13 76 56.
108539 29 13 56 44.
108575 31 13 55 49.
108606 21 13 86 62.
108640 24 13 86 67.
108674 32 13 88 68.
108676 33 13 67 56.
108744 10 13 71 62.
108780 26 13 94 79.
108817 28 13 90 80.
108860 32 13 92 86.
108913 90 13 94 87.
109079 156 13 84 63.
109265 26 13 71 63.
109296 235 13 36 51.
109319 19 13 76 63.
109345 24 13 79 65.
109371 24 13 73 67.
109389 37 13 71 68.
109416 13 13 76 70.
109479 47 13 40 55.
109506 22 13 89 77.
109550 26 13 89 80.
109576 35 13 80 82.
109943 22 13 67 82.
109951 331 13 33 65.
109958 371 13 30 53.
109966 25 13 73 84.
109990 20 13 56 82.
110008 25 13 76 80.
110031 19 13 71 82.
110045 303 13 45 56.
110054 23 13 76 84.
110100 19 13 74 79.
110123 23 13 72 80.
110145 20 13 77 79.
110281 81 13 67 68.
110289 59 13 35 61.
110434 288 13 35 62.
110436 258 13 38 52.
110509 121 13 35 56.
110532 20 13 78 76.
110555 25 13 67 80.
110595 11 13 84 76.
110612 82 13 35 59.
110690 63 13 46 56.
110790 28 13 66 78.
110827 104 13 51 56.
110884 34 13 91 76.
110915 37 13 80 78.
110952 28 13 84 80.
110987 78 13 46 56.
111019 50 13 92 83.
111411 26 13 74 83.
111415 345 13 30 66.
111440 28 13 72 85.
111463 20 13 73 83.
111506 27 13 74 83.
111516 255 13 37 57.
111550 21 13 77 81.
111576 16 13 81 80.
111593 57 13 45 61.
111620 22 13 79 80.
111754 75 13 74 69.
111760 56 13 45 62.
111860 35 13 76 70.
111899 40 13 82 72.
111908 260 13 34 53.
111992 115 13 39 57.
112010 23 13 86 77.
112036 26 13 67 80.
112080 13 13 84 77.
112093 77 13 38 60.
112172 73 13 46 57.
112238 253 13 55 51.
112267 22 13 63 78.
112290 22 13 71 77.
112313 83 13 38 57.
112340 32 13 81 77.
112376 41 13 84 79.
112449 30 13 91 82.
112485 40 13 94 84.
112648 19 13 89 82.
112685 20 13 108 97.
112850 54 13 94 96.
112856 75 13 45 66.
112949 101 13 38 58.
112972 6 13 65 84.
112992 7 13 42 82.
113007 20 13 74 78.
113027 16 13 75 75.
113046 160 13 73 72.
113052 79 13 36 60.
113132 20 13 33 66.
113224 157 13 23 65.
113342 20 13 44 82.
113382 105 13 31 61.
113467 36 13 44 65.
113565 266 13 36 54.
113614 28 13 64 94.
113656 228 13 32 58.
113680 6 13 76 84.
113704 18 13 59 82.
113726 18 13 55 78.
113748 22 13 51 76.
113789 69 13 35 60.
113952 47 13 73 72.
113994 22 13 42 58.
114020 26 13 77 72.
114071 23 13 86 72.
114121 40 13 82 72.
114138 69 13 37 57.
114196 29 13 92 72.
114370 69 13 74 73.
114435 40 13 42 65.
114510 14 13 67 72.
114550 63 13 80 72.
114554 15 13 60 60.
114555 14 13 45 53.
114621 18 13 85 60.
114652 27 13 76 66.
114686 29 13 78 65.
114717 21 13 88 69.
114749 20 13 87 68.
114780 20 13 58 59.
114818 25 13 85 76.
114848 22 13 90 79.
114880 30 13 89 77.
114912 18 13 53 65.
114946 28 13 90 79.
114976 22 13 58 76.
115010 33 13 59 77.
115041 14 13 57 69.
115043 17 13 94 84.
115084 19 13 93 93.
115118 32 13 86 89.
115221 51 13 92 84.
115223 73 13 78 81.
115256 30 13 86 77.
115293 15 13 78 72.
115352 49 13 94 72.
115426 17 13 73 60.
115455 12 13 88 66.
115492 51 13 81 72.
115524 27 13 81 65.
115559 21 13 68 60.
115593 11 13 70 53.
115639 67 13 92 69.
115641 23 13 65 39.
115642 22 13 78 60.
115711 27 13 67 45.
115745 9 13 61 48.
115782 22 13 85 69.
115814 23 13 59 54.
115848 19 13 76 66.
115884 14 13 86 78.
115918 19 13 68 63.
115949 26 13 59 66.
115985 13 13 79 78.
116020 23 13 72 72.
116055 23 13 103 93.
116087 24 13 84 87.
116121 23 13 82 90.
116154 20 13 100 93.
116157 16 13 71 84.
116189 19 13 82 81.
116220 27 13 81 85.
116254 23 13 81 84.
116285 23 13 86 87.
116318 29 13 68 75.
116353 32 13 77 72.
116387 23 13 81 81.
116453 28 13 85 78.
116486 30 13 67 65.
116523 18 13 60 63.
116552 27 13 86 75.
116585 34 13 63 63.
116623 21 13 73 60.
116658 24 13 80 69.
116692 23 13 54 54.
116732 31 13 80 70.
116735 28 13 72 61.
116745 22 13 35 46.
116801 18 13 52 49.
116836 19 13 77 60.
116872 23 13 70 58.
116905 22 13 76 63.
116938 14 13 52 58.
116971 22 13 76 70.
117003 26 13 89 69.
117033 17 13 59 63.
117065 26 13 86 70.
117101 22 13 85 73.
117132 21 13 52 57.
117164 23 13 57 66.
117166 27 13 87 75.
117199 15 13 54 65.
117232 12 13 52 58.
117265 40 13 63 73.
117265 54 13 82 85.
117301 29 13 78 82.
117396 43 13 91 77.
117399 16 13 72 46.
117401 16 13 52 34.
117433 25 13 67 70.
117461 10 13 73 65.
117493 17 13 77 58.
117527 52 13 70 61.
117560 28 13 66 58.
117599 17 13 66 53.
117630 13 13 89 66.
117665 25 13 68 61.
117701 33 13 65 58.
117818 23 13 63 61.
117819 10 13 68 55.
117886 29 13 63 40.
117919 12 13 67 43.
117957 23 13 87 64.
117986 38 13 64 58.
118023 28 13 77 52.
118051 18 13 75 55.
118088 23 13 101 76.
118117 27 13 56 61.
118152 12 13 84 73.
118187 21 13 73 67.
118202 7 13 34 84.
118221 24 13 100 88.
118254 24 13 78 82.
118287 23 13 80 85.
118320 19 13 91 88.
118355 22 13 68 76.
118386 33 13 70 72.
118421 20 13 75 79.
118452 23 13 85 82.
118486 16 13 70 76.
118517 38 13 53 67.
118586 11 13 58 61.
118617 26 13 89 73.
118649 28 13 79 68.
118685 21 13 79 67.
118717 26 13 78 70.
118753 26 13 58 58.
118786 27 13 69 55.
118817 41 13 61 52.
118855 22 13 55 49.
118899 43 13 90 65.
118903 36 13 57 53.
118904 33 13 36 44.
118972 15 13 54 52.
119005 15 13 57 44.
119042 25 13 82 61.
119043 17 13 72 56.
119073 23 13 72 44.
119111 22 13 58 53.
119145 14 13 87 65.
119177 24 13 65 49.
119184 12 13 90 73.
119213 23 13 97 77.
119249 29 13 65 67.
119278 16 13 94 77.
119311 14 13 90 80.
119313 24 13 65 61.
119339 26 13 70 68.
119380 24 13 93 88.
119410 20 13 94 89.
119451 58 13 99 92.
119453 57 13 87 87.
119487 28 13 80 85.
119582 53 13 84 80.
119585 53 13 75 75.
119715 43 13 77 68.
119719 25 13 68 44.
119788 20 13 65 56.
119821 16 13 77 65.
119853 68 13 82 68.
119855 49 13 64 63.
119889 28 13 69 60.
119945 15 13 68 44.
119992 53 13 79 66.
119994 34 13 65 54.
119997 24 13 63 46.
119999 41 13 50 58.
120071 18 13 73 45.
120102 15 13 73 46.
120136 25 13 72 39.
120140 13 13 68 58.
120166 22 13 80 46.
120203 29 13 85 65.
120234 15 13 85 66.
120266 26 13 68 51.
120269 12 13 77 70.
120299 26 13 66 58.
120335 40 13 88 77.
120368 13 13 84 78.
120370 18 13 74 70.
120403 14 13 80 82.
120405 22 13 93 87.
120434 21 13 77 70.
120471 24 13 88 89.
120539 55 13 100 89.
120542 59 13 76 87.
120576 30 13 76 82.
120674 46 13 86 77.
120675 23 13 74 58.
120813 32 13 78 65.
120815 37 13 75 62.
120882 21 13 69 53.
120918 13 13 89 66.
120954 42 13 84 65.
121025 9 13 58 53.
121055 7 13 57 46.
121090 15 13 75 65.
121093 15 13 71 59.
121096 18 13 55 37.
121165 31 13 53 43.
121199 8 13 60 44.
121237 9 13 68 59.
121272 50 13 86 71.
121309 22 13 57 55.
121375 25 13 100 77.
121380 27 13 61 61.
121406 25 13 55 68.
121410 56 13 94 83.
121440 37 13 85 76.
121475 7 13 82 77.
121478 10 13 68 68.
121510 18 13 89 83.
121545 49 13 101 95.
121577 29 13 86 88.
121612 22 13 67 77.
121649 58 13 100 96.
121653 35 13 73 76.
121685 33 13 85 88.
121788 25 13 73 79.
121790 24 13 64 60.
121824 32 13 75 76.
121858 8 13 75 72.
121891 19 13 76 64.
121927 30 13 81 72.
121929 8 13 67 48.
122072 22 13 65 67.
122106 26 13 71 64.
122216 22 13 84 67.
122217 49 13 63 55.
122222 21 13 52 51.
122293 22 13 65 54.
122324 8 13 76 55.
122366 22 13 78 67.
122370 11 13 57 51.
122398 29 13 52 58.
122401 25 13 88 73.
122438 24 13 56 57.
122465 8 13 80 67.
122505 19 13 97 79.
122536 25 13 55 70.
122570 42 13 85 78.
122607 11 13 72 70.
122639 13 13 92 85.
122647 22 13 73 75.
122675 23 13 95 97.
122706 24 13 81 90.
122739 18 13 71 79.
122778 56 13 107 98.
122779 41 13 68 78.
122915 23 13 80 81.
122918 24 13 61 62.
122951 26 13 71 78.
123048 35 13 84 74.
123052 12 13 60 50.
123117 21 13 70 62.
123153 10 13 86 70.
123188 108 13 82 74.
123333 34 13 76 67.
123344 28 13 61 43.
123369 15 13 84 72.
123406 8 13 53 50.
123470 24 13 46 62.
123499 22 13 94 81.
123535 16 13 57 67.
123565 13 13 98 93.
123599 9 13 58 62.
123670 26 13 93 86.
123701 17 13 86 79.
123740 81 13 61 55.
123770 23 13 84 74.
123801 18 13 80 67.
123878 52 13 64 48.
123907 20 13 77 70.
123946 44 13 46 57.
123973 21 13 87 74.
124011 27 13 53 51.
124076 22 13 46 63.
124145 25 13 86 65.
124152 43 13 63 50.
124176 24 13 87 72.
124214 37 13 65 59.
124279 20 13 57 62.
124352 9 13 57 59.
124420 19 13 75 67.
124451 20 13 77 74.
124485 33 13 86 72.
124489 13 13 49 55.
124548 9 13 61 60.
124550 20 13 75 75.
124579 23 13 88 80.
124613 27 13 90 79.
124618 20 13 65 63.
124645 21 13 93 86.
124680 14 13 76 75.
124684 22 13 92 84.
124717 27 13 79 79.
124748 27 13 75 75.
124812 23 13 78 72.
124882 26 13 75 75.
124912 19 13 82 67.
124949 23 13 86 65.
124955 49 13 60 50.
124983 20 13 87 72.
125020 44 13 64 59.
125086 9 13 48 53.
125150 28 13 87 77.
125152 9 13 48 65.
125227 37 13 54 52.
125252 23 13 90 77.
125287 49 13 59 61.
125318 26 13 94 80.
125356 21 13 64 64.
125424 11 13 55 67.
125502 8 13 64 53.
125529 15 13 74 73.
125564 17 13 86 72.
125570 38 13 52 68.
125628 37 13 98 77.
125630 20 13 56 72.
125696 19 13 91 80.

