0 120 0 53 71.
480 120 0 54 76.
960 120 0 56 76.
1440 120 0 65 76.
1920 120 0 66 76.
2400 120 0 66 76.
3360 120 0 56 66.
4080 120 0 65 73.
4800 120 0 56 68.
5520 120 0 65 72.
6240 120 0 59 63.
6960 120 0 74 74.
7680 120 0 79 74.
12000 120 0 55 76.
12480 120 0 56 76.
12960 120 0 67 76.
13440 120 0 68 76.
13920 120 0 64 76.
14880 120 0 46 61.
15600 120 0 61 72.
16320 120 0 66 72.
17040 120 0 65 72.
240 120 0 44 55.
360 120 0 39 45.
480 120 0 36 55.
600 120 0 35 64.
720 120 0 49 55.
1200 120 0 52 55.
2640 120 0 40 55.
2760 120 0 35 57.
2880 120 0 45 38.
5520 120 0 51 47.
5640 90 0 44 57.
5760 120 0 54 55.
11520 120 0 49 42.
12240 120 0 49 55.
12720 120 0 52 55.
13680 120 0 54 55.
13800 120 0 45 45.
13920 120 0 49 55.
14040 60 0 40 64.
14160 120 0 40 55.
14280 120 0 35 57.
14400 120 0 45 38.
16080 120 0 44 62.

