1 479 0 80 59.
480 400 0 74 59.
880 80 0 77 59.
960 480 0 80 59.
1440 480 0 72 61.
1920 480 0 76 61.
2400 400 0 78 63.
2800 80 0 75 63.
2880 480 0 75 63.
3360 480 0 73 63.
3840 480 0 75 64.
4320 400 0 76 64.
4720 80 0 80 64.
4800 480 0 80 64.
5280 400 0 85 63.
5680 80 0 85 63.
5760 480 0 90 63.
6240 400 0 80 63.
6640 80 0 64 61.
6720 480 0 64 61.
7200 400 0 64 61.
7600 80 0 54 59.
7680 480 0 49 59.
8160 400 0 52 59.
8560 80 0 56 59.
8640 480 0 56 59.
9120 400 0 60 59.
9520 80 0 71 59.
9600 480 0 73 60.
10080 480 0 76 62.
10560 480 0 80 64.
11040 400 0 84 64.
11440 80 0 87 64.
11520 480 0 90 64.
12000 400 0 91 64.
12400 80 0 91 64.
12480 480 0 93 65.
12960 480 0 93 67.
13440 320 0 96 68.
13760 160 0 91 63.
13920 400 0 88 63.
14320 80 0 78 61.
4 160 0 49 52.
160 160 0 44 47.
320 160 0 33 52.
480 160 0 45 51.
640 160 0 43 47.
800 160 0 32 51.
960 160 0 50 52.
1120 160 0 39 47.
1280 160 0 28 52.
1440 160 0 48 52.
1600 160 0 38 49.
1760 160 0 28 52.
1920 160 0 54 54.
2080 160 0 38 49.
2240 160 0 30 54.
2400 160 0 52 54.
2560 160 0 35 49.
2720 160 0 26 54.
2880 160 0 50 54.
3040 160 0 35 51.
3200 160 0 29 54.
3360 160 0 50 56.
3520 160 0 37 51.
3680 160 0 31 56.
3840 160 0 48 56.
4000 160 0 40 52.
4160 160 0 31 56.
4320 160 0 60 61.
4480 160 0 38 52.
4640 160 0 36 61.
4800 160 0 64 59.
4960 160 0 38 52.
5120 160 0 36 59.
5280 160 0 64 59.
5440 160 0 38 51.
5600 160 0 41 59.
5760 160 0 59 56.
5920 160 0 41 52.
6080 160 0 32 56.
6240 160 0 54 54.
6400 160 0 38 52.
6560 160 0 29 54.
6720 160 0 42 54.
6880 160 0 35 49.
7040 160 0 29 54.
7200 160 0 43 54.
7360 160 0 37 47.
7520 160 0 27 54.
7680 160 0 32 52.
7840 160 0 30 47.
8000 160 0 25 52.
8160 160 0 34 51.
8320 160 0 32 47.
8480 160 0 27 51.
8640 160 0 35 50.
8800 160 0 34 47.
8960 160 0 27 50.
9120 160 0 40 50.
9280 160 0 36 47.
9440 160 0 29 50.
9600 160 0 58 55.
9760 160 0 40 48.
9920 160 0 40 55.
10080 160 0 60 58.
10240 160 0 41 50.
10400 160 0 41 58.
10560 160 0 63 58.
10720 160 0 44 52.
10880 160 0 44 58.
11040 160 0 64 60.
11200 160 0 57 52.
11360 160 0 55 60.
11520 160 0 59 57.
11680 160 0 63 52.
11840 160 0 57 61.
12000 160 0 59 58.
12160 160 0 62 52.
12320 160 0 48 58.
12480 160 0 62 58.
12640 160 0 61 53.
12800 160 0 48 58.
12960 160 0 62 58.
13120 160 0 63 55.
13280 160 0 48 58.
13440 160 0 60 56.
13600 160 0 52 51.
13760 160 0 40 56.
13920 160 0 60 55.
14080 160 0 48 51.
14240 160 0 40 55.
14400 160 0 63 56.
14560 160 0 38 51.
14720 160 0 38 56.
4 480 0 61 40.
480 480 0 55 35.
3840 480 0 64 37.
5760 480 0 62 37.
7560 48 0 49 39.
7584 24 0 51 37.
7680 480 0 40 40.
11040 420 0 63 48.
11460 60 0 56 35.
11520 480 0 56 33.
12000 420 0 60 31.

