3840 720 0 77 62.
4800 720 0 77 71.
5640 120 0 66 72.
5760 1440 0 73 71.
7560 120 0 78 76.
7680 1920 0 74 74.
9600 960 0 74 79.
11520 1920 0 53 67.
11520 1920 0 61 73.
13410 510 0 60 74.
13440 960 0 69 81.
15360 1920 0 55 69.
15360 1920 0 55 67.
17250 510 0 56 72.
17280 960 0 72 81.
20040 120 0 55 81.
20160 720 0 70 76.
21000 120 0 55 72.
21120 720 0 77 62.
22080 720 0 77 71.
22920 120 0 66 72.
23040 1440 0 73 71.
24840 120 0 81 76.
24960 1920 0 74 74.
26880 960 0 74 79.
28800 1920 0 61 71.
30720 720 0 75 77.
32600 3880 0 50 67.
36480 1920 0 58 64.
36480 960 0 75 72.
37440 840 0 75 72.
38280 120 0 81 72.
38400 1920 0 53 64.
38400 1680 0 78 72.
40200 120 0 75 71.
40320 3840 0 56 67.
40320 1920 0 74 71.
42240 1800 0 72 69.
44040 60 0 70 71.
44100 540 0 46 57.
44160 1920 0 68 67.
46080 1800 0 74 66.
46080 1920 0 62 62.
47880 60 0 67 67.
47940 540 0 49 59.
48000 1920 0 73 67.
51840 120 0 46 59.
51960 120 0 40 62.
52080 120 0 41 67.
52200 120 0 34 69.
52320 120 0 41 71.
52440 120 0 39 69.
52560 120 0 39 67.
52680 120 0 46 76.
52800 120 0 46 74.
52920 120 0 40 72.
53040 120 0 36 71.
53160 120 0 37 69.
53280 120 0 42 67.
53400 120 0 36 69.
53520 120 0 40 71.
53640 120 0 36 62.
53760 120 0 46 59.
53880 120 0 40 62.
1 119 0 52 43.
120 120 0 45 50.
240 120 0 48 55.
360 120 0 40 57.
480 140 0 48 59.
1080 140 0 45 60.
1200 140 0 41 59.
1320 140 0 42 57.
1440 140 0 49 55.
1560 140 0 41 57.
1680 140 0 45 59.
1800 140 0 41 50.
1920 120 0 52 43.
2520 140 0 44 57.
2640 140 0 44 55.
2760 140 0 52 64.
2880 140 0 52 62.
3000 140 0 45 60.
3120 140 0 41 59.
3240 140 0 42 57.
3360 140 0 49 55.
3480 140 0 41 57.
3600 140 0 45 59.
3720 140 0 41 50.
3840 120 0 52 43.
5760 120 0 52 43.
7680 120 0 68 43.
9600 120 0 46 43.
10680 140 0 48 60.
10800 140 0 41 59.
10920 140 0 42 57.
11040 140 0 48 55.
11160 140 0 39 57.
11280 140 0 41 59.
11400 140 0 37 50.
11520 120 0 46 45.
13440 120 0 46 38.
14040 140 0 39 52.
14160 140 0 39 50.
14280 140 0 46 59.
14400 140 0 46 57.
14520 140 0 40 55.
14640 140 0 36 54.
14760 140 0 37 52.
14880 140 0 44 50.
15000 140 0 36 52.
15120 140 0 40 54.
15240 140 0 36 47.
15360 120 0 46 45.
17280 120 0 41 38.
17880 140 0 41 52.
18000 140 0 41 50.
18120 140 0 41 59.
18240 140 0 46 57.
18360 140 0 41 55.
18480 140 0 37 54.
18600 140 0 39 52.
18720 140 0 45 50.
18840 140 0 36 52.
18960 140 0 40 54.
19080 140 0 36 45.
19200 120 0 46 38.
23040 120 0 52 43.
24960 120 0 68 43.
26880 120 0 46 43.
27960 140 0 48 60.
28080 140 0 41 59.
28200 140 0 42 57.
28320 140 0 48 55.
28440 140 0 39 57.
28560 140 0 41 59.
28680 140 0 37 50.
28800 120 0 41 43.
30720 120 0 44 43.
31440 120 0 38 55.
31560 120 0 42 64.
31680 120 0 45 62.
32880 140 0 46 48.
33000 140 0 41 50.
33120 140 0 49 52.
33240 140 0 45 50.
33360 140 0 45 48.
33480 140 0 53 57.
33600 140 0 53 55.
33720 140 0 45 53.
33840 140 0 40 52.
33960 140 0 41 50.
34080 140 0 49 48.
34200 140 0 40 50.
34320 140 0 44 52.
34440 140 0 40 43.
34560 140 0 50 36.
34680 140 0 44 43.
34800 140 0 45 48.
34920 140 0 37 50.
35040 140 0 45 52.
36960 120 0 42 52.
38400 120 0 50 36.

