0 1440 0 34 61.
0 1440 0 55 70.
1440 1440 0 34 61.
2880 1440 0 55 70.
4320 960 0 55 71.
5280 480 0 49 68.
5760 1440 0 51 70.
7200 960 0 43 66.
8160 480 0 59 70.
8640 288 0 66 70.
8928 288 0 55 71.
9216 288 0 55 70.
9504 288 0 40 65.
9792 288 0 53 70.
10080 480 0 66 73.
10560 480 0 49 71.
11280 240 0 32 61.
11520 1440 0 46 66.
12960 1440 0 41 61.
14400 1440 0 72 78.
15840 1320 0 60 77.
17200 80 0 42 68.
18720 1440 0 45 73.
23040 1440 0 36 66.
23040 1440 0 27 61.
24480 1440 0 41 66.
25920 2880 0 34 61.
27360 1320 0 55 71.
28800 1440 0 32 61.
30240 640 0 55 70.
30880 160 0 48 70.
31040 160 0 49 70.
31200 160 0 36 66.
31360 160 0 52 70.
31520 160 0 41 66.
31680 480 0 66 70.
32160 240 0 41 68.
32400 240 0 43 66.
32640 240 0 60 68.
32880 240 0 60 70.
33120 480 0 66 73.
33600 480 0 34 68.
34320 240 0 50 68.
34560 1440 0 34 61.
36000 1440 0 55 64.
37320 120 0 62 71.
37440 1440 0 44 64.
38880 1320 0 72 75.
40320 1440 0 34 64.
41760 1440 0 51 71.
43200 1440 0 56 67.
44640 1440 0 45 59.
46080 2880 0 31 65.
47520 1440 0 51 70.
48960 960 0 51 66.
50400 1440 0 36 63.
51840 1440 0 50 68.
53280 1440 0 42 70.
54720 1920 0 38 66.
57840 240 0 24 66.
58080 240 0 26 66.
58320 240 0 28 66.
58560 240 0 31 66.
58800 240 0 28 66.
59040 240 0 29 66.
59280 240 0 29 66.
59520 240 0 28 66.
59760 240 0 27 66.
60000 480 0 58 72.
60240 240 0 26 66.
60480 1080 0 60 72.
60720 240 0 27 65.
60960 240 0 31 65.
61200 240 0 30 65.
61440 240 0 26 65.
61560 120 0 43 73.
61680 120 0 42 77.
61800 120 0 40 75.
61920 240 0 26 65.
62160 240 0 26 65.
62400 240 0 26 65.
62640 240 0 26 65.
62880 240 0 26 65.
63120 240 0 26 65.
63600 240 0 24 64.
63840 240 0 26 64.
64080 240 0 28 64.
64320 240 0 31 64.
64560 240 0 28 64.
64800 960 0 57 68.
65040 240 0 29 64.
65280 240 0 28 64.
65520 240 0 27 64.
65760 240 0 26 64.
66000 240 0 26 64.
66240 1080 0 60 70.
66480 240 0 27 63.
66720 240 0 31 63.
66960 240 0 30 63.
67200 240 0 26 63.
67320 120 0 43 71.
67440 240 0 26 63.
67560 120 0 40 73.
67680 960 0 45 71.
67920 240 0 26 63.
68160 240 0 26 63.
68400 240 0 26 63.
68640 480 0 56 70.
68880 240 0 26 61.
69120 480 0 60 70.
69360 240 0 27 59.
69600 240 0 21 59.
69840 240 0 30 59.
70080 240 0 26 61.
70200 120 0 43 70.
70320 240 0 26 61.
70440 120 0 40 71.
70560 480 0 60 70.
70800 240 0 27 63.
71040 240 0 21 63.
71280 240 0 30 63.
71520 240 0 26 61.
71640 120 0 40 70.
71760 120 0 39 73.
71880 120 0 38 71.
0 240 0 39 42.
16800 240 0 31 61.
20160 240 0 33 56.
21600 240 0 30 58.
23040 240 0 39 42.
23280 240 0 21 53.
23520 240 0 27 56.
23760 240 0 26 54.
24000 240 0 29 58.
24240 240 0 25 49.
24480 240 0 39 42.
51840 240 0 35 37.
57840 240 0 30 58.
58080 240 0 33 58.
58320 240 0 36 58.
58560 240 0 40 63.
58800 240 0 36 58.
59040 240 0 37 58.
59280 240 0 24 51.
59520 240 0 23 51.
59760 240 0 22 51.
60000 240 0 22 44.
60240 240 0 22 44.
60480 240 0 30 37.
60720 240 0 28 44.
60960 240 0 31 56.
61200 240 0 30 56.
61440 240 0 26 56.
61680 240 0 26 56.
61920 240 0 26 56.
62160 240 0 28 51.
62400 240 0 28 49.
62640 240 0 28 54.
62880 240 0 28 53.
63120 240 0 28 44.
63360 240 0 31 37.
63600 240 0 30 56.
63840 240 0 33 56.
64080 240 0 36 56.
64320 240 0 40 61.
64560 240 0 36 56.
64800 240 0 24 49.
65040 240 0 24 49.
65280 240 0 23 49.
65520 240 0 22 49.
65760 240 0 22 42.
66000 240 0 22 42.
66240 240 0 30 35.
66480 240 0 28 42.
66720 240 0 31 54.
66960 240 0 30 54.
67200 240 0 26 54.
67440 240 0 26 54.
67680 240 0 26 54.
67920 240 0 28 49.
68160 240 0 28 47.
68400 240 0 28 42.
68640 240 0 28 47.
68880 240 0 28 49.
69120 240 0 22 51.
69360 240 0 27 54.
69600 240 0 26 51.
69840 240 0 25 51.
70080 240 0 22 49.
70320 240 0 22 49.
70560 240 0 22 47.

