1 129 0 52 60.
960 720 0 62 65.
1200 240 0 46 58.
1440 240 0 46 58.
1680 240 0 52 64.
1920 130 0 52 60.
2880 720 0 61 65.
3120 240 0 46 58.
3360 240 0 46 58.
3600 240 0 52 64.
3840 120 0 52 60.
3960 120 0 48 61.
4080 120 0 52 57.
4200 120 0 48 58.
4320 120 0 49 55.
4440 120 0 50 58.
4560 120 0 54 67.
4680 120 0 55 65.
4800 120 0 58 63.
4920 120 0 55 64.
5040 120 0 59 70.
5160 120 0 57 68.
5280 120 0 58 66.
5400 120 0 62 67.
5520 120 0 65 73.
5640 120 0 61 72.
5760 120 0 67 69.
5880 120 0 66 70.
6000 130 0 71 85.
7296 96 0 56 72.
7392 96 0 59 73.
7488 96 0 56 67.
7584 96 0 56 72.
7680 130 0 57 70.
8640 720 0 67 70.
8880 240 0 51 63.
9120 240 0 51 63.
9360 240 0 57 69.
9600 130 0 57 65.
10560 720 0 67 70.
10800 240 0 51 63.
11040 240 0 51 63.
11280 240 0 57 69.
11520 120 0 57 65.
11640 120 0 53 66.
11760 120 0 52 62.
11880 120 0 50 63.
12000 120 0 54 60.
12120 120 0 55 63.
12240 130 0 57 72.
14976 96 0 76 69.
15072 96 0 79 72.
15168 96 0 79 64.
15264 96 0 79 65.
15360 96 0 83 66.
15456 96 0 83 60.
15552 96 0 83 65.
15648 96 0 85 63.
15744 96 0 85 61.
15840 240 0 95 60.
16080 240 0 89 58.
16320 240 0 67 53.
16320 240 0 72 58.
16320 240 0 85 65.
16800 120 0 66 73.
16920 120 0 69 67.
17040 120 0 74 68.
17160 120 0 76 69.
17280 120 0 80 72.
17400 120 0 84 70.
17520 120 0 88 68.
17640 120 0 92 67.
17760 120 0 95 65.
17880 120 0 93 64.
18240 240 0 71 55.
18240 240 0 79 61.
18720 120 0 90 80.
18840 120 0 82 70.
18960 120 0 86 80.
19080 120 0 84 79.
19200 120 0 81 76.
19320 120 0 78 73.
19440 120 0 76 70.
19560 120 0 74 67.
19680 120 0 71 64.
19800 120 0 68 65.
20160 240 0 76 53.
20160 240 0 90 65.
20640 120 0 88 84.
20760 120 0 84 77.
20880 120 0 88 78.
21000 120 0 86 79.
21120 96 0 81 82.
21216 96 0 77 80.
21312 96 0 75 77.
21408 96 0 73 73.
21504 96 0 71 72.
21600 120 0 70 72.
21720 120 0 68 71.
22080 240 0 73 56.
22080 240 0 77 62.
22560 60 0 85 92.
22620 60 0 84 86.
22680 60 0 84 87.
22740 60 0 83 88.
22800 60 0 81 91.
22860 60 0 81 89.
22920 60 0 80 86.
22980 60 0 79 83.
23040 60 0 79 79.
23100 60 0 77 80.
23160 60 0 76 77.
23220 60 0 76 74.
23280 48 0 76 71.
23328 48 0 75 67.
23376 48 0 75 68.
23424 48 0 74 65.
23472 48 0 74 62.
23520 120 0 79 59.
23640 120 0 71 60.
23760 120 0 74 65.
23880 120 0 70 63.
24000 240 0 64 60.
24000 240 0 69 68.
24480 160 0 69 74.
24640 160 0 57 73.
24800 160 0 57 72.
24960 160 0 57 72.
25120 160 0 55 72.
25280 160 0 54 72.
25440 120 0 72 59.
25560 120 0 69 60.
25680 120 0 72 65.
25800 120 0 67 64.
25920 240 0 66 60.
25920 240 0 69 68.
1200 240 0 30 36.
1440 240 0 35 49.
3120 240 0 30 36.
3360 240 0 30 36.
5040 120 0 49 58.
5160 120 0 47 56.
5280 120 0 48 54.
5400 120 0 53 55.
5520 120 0 56 61.
5640 120 0 53 60.
5760 120 0 56 57.
5880 120 0 54 58.
6000 130 0 57 73.
7296 96 0 42 60.
7392 96 0 45 61.
7488 96 0 44 55.
7584 96 0 43 60.
7680 130 0 47 58.
8880 240 0 38 54.
9120 240 0 38 54.
10800 240 0 33 41.
11040 240 0 38 54.
12240 130 0 48 60.
14976 96 0 63 57.
15072 96 0 65 60.
15168 96 0 66 52.
15264 96 0 67 53.
15360 96 0 68 54.
15456 96 0 68 48.
15552 96 0 69 53.
15648 96 0 70 51.
15744 96 0 71 49.
15840 240 0 85 48.
16080 240 0 80 46.
16320 240 0 64 34.
16800 120 0 54 61.
18240 240 0 68 34.
18720 120 0 74 68.
20160 240 0 68 32.
20640 120 0 76 72.
22080 240 0 68 29.
22560 60 0 71 80.
23520 120 0 67 47.
23640 120 0 59 48.
23760 120 0 60 53.
24000 240 0 60 39.
24000 240 0 64 51.
24480 160 0 69 62.
24640 160 0 49 49.
24800 160 0 48 48.
24960 160 0 57 60.
25120 160 0 47 48.
25280 160 0 45 48.
25440 120 0 59 47.
25680 120 0 59 53.
25800 120 0 56 52.
25920 240 0 60 48.

