960 80 0 67 92.
1040 80 0 57 93.
1120 80 0 62 92.
1200 80 0 55 93.
1280 80 0 58 92.
1360 80 0 53 91.
1440 80 0 46 92.
1520 80 0 60 93.
1600 80 0 50 92.
1680 120 0 58 88.
1800 120 0 52 87.
1920 80 0 67 92.
2000 80 0 60 87.
2080 80 0 53 85.
2160 120 0 59 81.
2280 120 0 54 80.
2400 80 0 66 85.
2480 80 0 59 80.
2560 80 0 50 78.
2640 120 0 55 76.
2760 120 0 50 75.
2880 80 0 67 80.
2960 80 0 58 75.
3040 80 0 50 73.
3120 120 0 53 69.
3240 120 0 51 68.
3360 80 0 46 66.
3440 80 0 58 68.
3520 80 0 49 66.
3600 120 0 53 64.
3720 120 0 48 63.
3840 80 0 46 61.
3920 80 0 58 63.
4000 80 0 48 61.
4080 120 0 53 59.
4200 120 0 47 57.
6720 480 0 60 64.
7200 80 0 67 97.
7280 80 0 60 93.
7360 80 0 51 92.
7440 120 0 57 88.
7560 120 0 52 87.
7680 80 0 67 92.
7760 80 0 61 87.
7840 80 0 53 85.
7920 120 0 57 81.
8040 120 0 52 80.
8160 80 0 66 85.
8240 80 0 59 80.
8320 80 0 51 78.
8400 120 0 56 76.
8520 120 0 51 75.
8640 80 0 46 73.
8720 80 0 59 75.
8800 80 0 51 73.
8880 120 0 54 69.
9000 120 0 51 68.
9120 80 0 46 66.
9200 80 0 59 68.
9280 80 0 49 66.
9360 120 0 53 64.
9480 120 0 50 63.
9600 80 0 67 68.
9680 80 0 59 63.
9760 80 0 49 61.
9840 120 0 54 59.
9960 120 0 51 58.
10560 960 0 74 63.
12480 480 0 62 68.
12960 80 0 42 90.
13040 80 0 54 92.
13120 80 0 48 90.
13200 120 0 51 86.
13320 120 0 48 85.
13440 80 0 42 83.
13520 80 0 54 85.
13600 80 0 48 83.
13680 120 0 52 81.
13800 120 0 49 80.
13920 80 0 41 78.
14000 80 0 53 80.
14080 80 0 48 78.
14160 120 0 52 74.
14280 120 0 47 73.
14400 80 0 60 78.
14480 80 0 54 73.
14560 80 0 47 71.
14640 120 0 50 69.
14760 120 0 48 68.
1320 600 0 45 49.
1440 480 0 51 64.
2280 360 0 42 42.
2340 300 0 47 49.
2820 300 0 49 56.
2880 240 0 53 64.
3300 300 0 48 49.
3780 300 0 49 44.
4320 2400 0 59 56.
4800 480 0 55 51.
5280 480 0 62 32.
5280 480 0 52 49.
5760 340 0 48 51.
6120 120 0 50 52.
6240 480 0 47 60.
6240 960 0 56 44.
6720 420 0 52 32.
7140 540 0 47 56.
7200 480 0 51 64.
8100 300 0 50 49.
8580 300 0 50 56.
8640 240 0 53 64.
9060 300 0 47 49.
9540 300 0 47 44.
10080 960 0 63 56.
10560 960 0 59 51.
10920 60 0 60 38.
10980 60 0 60 39.
11040 60 0 64 40.
11040 480 0 54 55.
11100 60 0 61 39.
11160 60 0 65 40.
11220 60 0 68 39.
11280 60 0 72 40.
11340 60 0 75 39.
11400 60 0 80 38.
11460 60 0 83 39.
11520 240 0 74 44.
11520 340 0 88 59.
11880 120 0 64 58.
11880 120 0 64 51.
12000 480 0 70 51.
12000 480 0 83 63.
12480 360 0 61 56.
12840 600 0 34 42.
12960 240 0 45 57.
13380 300 0 42 54.
13440 240 0 47 62.
13800 360 0 32 42.
13860 300 0 41 49.
14340 300 0 42 54.
14400 240 0 47 62.
14820 300 0 41 49.
15840 1440 0 58 54.
16320 480 0 60 42.
17280 340 0 43 56.
17280 340 0 43 51.

