1 319 0 81 63.
120 220 0 96 78.
320 340 0 80 77.
640 320 0 67 69.
960 320 0 63 63.
1280 320 0 62 63.
1600 300 0 58 63.
1920 140 0 47 77.
5760 140 0 69 92.
11520 140 0 62 80.
17280 140 0 48 69.
19200 140 0 47 69.
21120 140 0 49 71.
23040 140 0 51 71.
24960 140 0 55 73.
26880 140 0 57 73.
28800 140 0 66 72.
30720 140 0 66 72.
32640 140 0 77 77.
38400 140 0 72 72.
42240 140 0 80 80.
46080 140 0 80 92.
48000 140 0 57 72.
49920 140 0 54 72.
51840 140 0 56 70.
53760 140 0 57 68.
55680 140 0 63 68.
56880 140 0 68 84.
120 200 0 70 29.
320 320 0 47 48.
320 320 0 71 60.
640 320 0 46 48.
640 320 0 70 60.
960 320 0 47 48.
960 320 0 72 60.
1280 320 0 48 48.
1280 320 0 74 60.
1600 300 0 46 48.
1600 300 0 70 60.
2160 120 0 28 53.
2640 240 0 48 41.
2880 240 0 68 46.
3120 120 0 32 53.
3600 240 0 56 41.
3840 240 0 77 46.
4080 120 0 34 53.
4560 240 0 59 41.
4800 240 0 81 46.
5040 120 0 41 53.
5520 240 0 55 41.
5760 240 0 71 46.
6000 120 0 38 53.
6480 240 0 50 41.
6720 240 0 64 46.
6960 120 0 40 61.
7440 240 0 47 41.
7680 240 0 60 46.
7920 120 0 33 63.
7920 120 0 27 51.
8400 240 0 51 34.
8640 240 0 70 46.
8880 120 0 35 54.
9360 240 0 47 34.
9600 240 0 66 46.
9840 120 0 31 54.
10320 240 0 44 34.
10560 240 0 60 46.
10800 120 0 29 54.
11280 240 0 51 34.
11520 240 0 70 46.
11760 120 0 33 54.
12240 240 0 67 34.
12480 240 0 81 46.
12720 120 0 35 54.
13200 240 0 70 46.
13440 240 0 87 45.
13680 120 0 43 54.
14160 240 0 55 33.
14400 240 0 71 45.
14640 120 0 37 54.
15120 240 0 48 44.
15360 240 0 65 46.
15600 120 0 34 53.
16080 240 0 46 46.
16320 240 0 58 49.
16560 120 0 30 58.
17040 240 0 39 49.
17280 240 0 49 51.
17520 120 0 24 57.
18000 240 0 42 51.
18240 240 0 58 49.
18480 120 0 22 58.
18960 240 0 48 49.
19200 240 0 59 51.
19440 120 0 26 57.
19920 240 0 43 51.
20160 240 0 61 49.
20400 120 0 29 58.
20880 240 0 43 49.
21120 240 0 50 53.
21360 120 0 28 59.
21840 240 0 47 53.
22080 240 0 64 51.
22320 120 0 31 60.
22800 240 0 42 51.
23040 240 0 50 53.
23280 120 0 34 68.
23760 240 0 45 53.
24240 120 0 31 60.
24720 240 0 53 51.
24960 240 0 65 53.
25200 120 0 28 61.
25680 240 0 48 53.
25920 240 0 65 54.
26160 120 0 33 60.
26640 240 0 47 54.
26880 240 0 60 53.
27120 120 0 32 61.
27600 240 0 54 53.
27840 240 0 70 52.
28080 120 0 35 61.
28560 240 0 58 52.
28800 240 0 76 51.
29040 120 0 36 57.
29520 240 0 65 51.
29760 240 0 78 49.
30000 120 0 36 58.
30720 240 0 91 41.
31200 480 0 68 57.
31200 480 0 68 51.
32640 240 0 84 46.
32880 120 0 43 49.
32880 120 0 51 53.
33360 240 0 53 29.
33600 240 0 68 34.
33840 120 0 42 49.
33840 120 0 50 53.
34320 240 0 61 29.
34560 240 0 73 34.
34800 120 0 44 49.
34800 120 0 52 53.
35280 240 0 62 29.
35520 240 0 79 34.
35760 120 0 51 49.
35760 120 0 60 53.
36240 240 0 56 29.
36480 240 0 70 34.
36720 120 0 50 49.
36720 120 0 59 53.
37200 240 0 52 29.
37440 240 0 67 34.
37440 240 0 83 46.
37680 120 0 63 61.
38160 240 0 52 29.
38400 240 0 67 34.
38400 240 0 79 46.
38640 120 0 46 54.
39120 240 0 53 29.
39360 240 0 70 34.
39600 120 0 61 63.
39600 120 0 42 51.
40080 240 0 53 29.
40320 240 0 69 33.
40560 120 0 61 63.
40560 120 0 42 51.
41040 240 0 48 27.
41280 240 0 61 33.
41520 120 0 57 63.
41520 120 0 39 51.
42000 240 0 56 27.
42240 240 0 68 33.
42480 120 0 61 63.
42480 120 0 42 51.
42960 240 0 57 27.
43200 240 0 74 33.
43440 120 0 66 63.
43440 120 0 46 51.
43920 240 0 62 27.
44160 240 0 76 32.
44400 120 0 52 51.
44400 120 0 62 60.
44880 240 0 56 27.
45120 240 0 68 32.
45360 120 0 48 51.
45360 120 0 57 60.
45840 240 0 67 32.
46080 240 0 86 44.
46320 120 0 62 65.
46800 240 0 61 32.
47040 240 0 69 44.
47280 120 0 45 53.
47760 240 0 50 32.
48000 240 0 58 44.
48240 120 0 44 60.
48720 240 0 50 32.
48960 240 0 60 44.
49200 120 0 29 52.
49680 240 0 53 32.
49920 240 0 58 44.
50160 120 0 44 60.
50640 240 0 50 44.
50880 240 0 60 49.
51120 120 0 29 52.
51600 240 0 53 43.
51840 240 0 58 42.
52080 120 0 44 64.
52560 240 0 50 30.
52800 240 0 60 42.
53040 120 0 45 62.
53520 240 0 53 41.
53760 240 0 58 40.
54000 120 0 44 62.
54480 240 0 50 28.
54720 240 0 60 40.
54960 120 0 45 60.
55440 240 0 45 28.
55680 240 0 48 29.

