1680 960 0 55 60.
1680 480 0 68 63.
1920 240 0 64 51.
2160 480 0 54 57.
3120 480 0 66 66.
3120 240 0 64 60.
3360 240 0 61 54.
3600 480 0 66 67.
4560 960 0 55 63.
4560 480 0 66 67.
4800 240 0 63 55.
5040 480 0 62 54.
6000 480 0 73 66.
6000 480 0 73 69.
6240 240 0 70 57.
6480 480 0 59 67.
6480 480 0 73 70.
7440 240 0 70 70.
7440 480 0 66 75.
7680 240 0 71 67.
7920 480 0 77 78.
7920 480 0 64 66.
8880 480 0 75 77.
8880 480 0 64 73.
9120 240 0 68 65.
9360 480 0 60 64.
9360 480 0 74 76.
10320 480 0 61 73.
10320 480 0 72 77.
10560 240 0 65 65.
10800 480 0 58 64.
10800 480 0 58 67.
11760 480 0 68 72.
11760 480 0 57 69.
13200 480 0 72 75.
13200 960 0 60 72.
13440 240 0 70 63.
13680 480 0 59 69.
14640 480 0 72 78.
14640 240 0 70 72.
14880 240 0 67 66.
15120 480 0 72 79.
16080 960 0 63 75.
16080 480 0 75 79.
16320 240 0 72 67.
16560 480 0 71 66.
17520 480 0 66 78.
17520 240 0 70 75.
17760 240 0 74 69.
18000 480 0 64 79.
18000 480 0 78 82.
18960 240 0 69 79.
19680 240 0 68 79.
19680 240 0 63 76.
20400 240 0 69 77.
21120 480 0 81 79.
21120 240 0 63 74.
21840 240 0 69 67.
22560 240 0 71 72.
22560 480 0 84 75.
23040 120 0 72 67.
23040 120 0 72 63.
23280 120 0 86 72.
23280 120 0 72 68.
24720 480 0 85 77.
24720 240 0 72 68.
25440 240 0 74 70.
25440 240 0 74 75.
26160 240 0 74 75.
26160 480 0 81 80.
26880 240 0 74 72.
26880 480 0 84 75.
27600 240 0 72 68.
27600 480 0 85 77.
28320 240 0 74 75.
28320 240 0 74 70.
29040 480 0 81 80.
29040 240 0 72 72.
29760 240 0 68 72.
29760 240 0 71 75.
30480 240 0 64 68.
30480 480 0 77 77.
31200 480 0 79 78.
31200 240 0 67 69.
31920 240 0 67 74.
31920 240 0 64 70.
32640 480 0 75 72.
32640 240 0 67 69.
33360 240 0 64 67.
33360 240 0 69 70.
34080 240 0 67 63.
34080 480 0 75 67.
34800 480 0 77 72.
34800 240 0 64 63.
35520 240 0 67 66.
35760 240 0 77 69.
36240 240 0 74 73.
36240 480 0 85 77.
36960 240 0 74 75.
36960 480 0 88 79.
37680 240 0 72 72.
37680 480 0 81 80.
38400 240 0 74 72.
38400 240 0 74 68.
39120 240 0 72 68.
39120 480 0 85 77.
39840 480 0 88 79.
720 240 0 62 34.
960 360 0 64 33.
1320 120 0 62 31.
1440 960 0 64 31.
2400 240 0 64 30.
2640 240 0 61 33.
2880 960 0 64 33.
3840 240 0 64 34.
4080 240 0 63 31.
4320 960 0 64 34.
5280 240 0 64 33.
5520 240 0 62 36.
5760 960 0 68 36.
6720 240 0 69 38.
6960 240 0 67 34.
7200 960 0 73 49.
8160 240 0 73 50.
8400 240 0 71 45.
8640 960 0 70 47.
9600 240 0 70 48.
9840 240 0 68 43.
10080 960 0 67 47.
11040 240 0 67 48.
11280 240 0 65 43.
11520 240 0 68 43.
11760 240 0 65 42.
12000 240 0 65 43.
12240 240 0 68 46.
12480 240 0 65 45.
12840 60 0 67 43.
12960 960 0 64 43.
13920 240 0 64 42.
14160 240 0 61 45.
14400 960 0 64 45.
15360 240 0 64 46.
15600 240 0 63 43.
15840 960 0 67 46.
16800 240 0 67 45.
17040 240 0 64 48.
17280 960 0 70 48.
18240 240 0 70 50.
18480 240 0 68 46.
18720 240 0 73 55.
18960 240 0 69 51.
19200 240 0 69 50.
19440 480 0 74 50.
19920 240 0 69 49.
20160 240 0 73 53.
20400 240 0 69 49.
20640 240 0 69 48.
20880 480 0 74 48.
21360 240 0 69 47.
21600 240 0 73 51.
21840 240 0 69 48.
22080 240 0 70 46.
22320 240 0 77 45.
22560 240 0 72 48.
22800 240 0 72 44.
23040 120 0 73 43.
23280 120 0 74 42.
23520 120 0 75 41.
23760 120 0 75 40.
24000 120 0 77 39.
24240 120 0 78 38.
24480 240 0 85 37.
24720 240 0 78 49.
24960 240 0 78 49.
25200 240 0 81 49.
25440 240 0 78 49.
25680 240 0 73 49.
25920 240 0 81 48.
26160 240 0 78 46.
26400 240 0 78 44.
26640 240 0 82 43.
26880 240 0 78 41.
27120 240 0 74 39.
27360 240 0 85 37.
27600 240 0 78 49.
27840 240 0 78 49.
28080 240 0 81 49.
28320 240 0 78 49.
28560 240 0 73 49.
28800 240 0 81 48.
29040 240 0 78 46.
29280 240 0 78 44.
29520 240 0 82 43.
29760 240 0 78 41.
30000 240 0 74 39.
30240 240 0 77 38.
30480 240 0 69 48.
30720 240 0 69 48.
30960 240 0 72 48.
31200 240 0 69 48.
31440 240 0 66 48.
31680 240 0 72 46.
31920 240 0 69 45.
32160 240 0 69 43.
32400 240 0 73 39.
32640 240 0 69 38.
32880 240 0 67 36.
33120 480 0 86 34.
33840 480 0 86 39.
34560 480 0 86 33.
35280 480 0 86 38.
36000 240 0 85 37.
36240 240 0 78 49.
36480 240 0 78 49.
36720 240 0 81 49.
36960 240 0 78 49.

