0 480 0 76 55.
0 480 0 91 63.
480 480 0 74 60.
480 480 0 87 63.
960 360 0 89 67.
960 360 0 89 63.
1320 120 0 79 65.
1440 480 0 69 55.
1440 480 0 69 51.
1920 480 0 76 56.
1920 480 0 76 51.
2400 480 0 89 65.
2400 480 0 76 53.
2880 360 0 89 60.
2880 480 0 68 49.
2880 480 0 75 55.
3240 120 0 82 58.
3360 480 0 72 48.
3360 480 0 72 51.
3840 480 0 86 62.
3840 480 0 72 50.
4320 480 0 87 60.
4320 480 0 73 58.
4320 480 0 87 64.
4800 360 0 90 67.
4800 480 0 72 56.
5160 120 0 80 65.
5280 480 0 90 63.
5280 480 0 76 55.
5760 480 0 92 62.
5760 480 0 76 54.
6240 480 0 76 59.
6240 480 0 93 67.
6720 480 0 81 66.
6720 480 0 70 60.
7200 480 0 68 59.
7200 480 0 80 67.
7680 480 0 42 63.
7680 480 0 50 67.
8160 480 0 50 75.
8160 480 0 42 63.
8640 480 0 42 62.
8640 480 0 50 74.
9000 120 0 46 66.
9120 480 0 50 67.
9120 480 0 42 62.
9600 480 0 50 72.
9600 480 0 50 67.
10080 480 0 51 62.
10080 480 0 43 60.
10560 360 0 44 62.
10560 360 0 52 67.
10920 120 0 41 60.
11040 480 0 52 62.
11040 480 0 52 67.
11520 480 0 55 67.
11520 480 0 46 60.
12000 480 0 46 56.
12000 480 0 55 68.
12480 480 0 50 55.
12480 360 0 59 67.
12840 120 0 51 65.
12960 480 0 55 63.
12960 480 0 55 60.
13440 480 0 54 60.
13440 480 0 45 56.
13920 480 0 44 56.
13920 480 0 44 53.
14400 480 0 54 59.
14400 360 0 54 63.
0 480 0 66 36.
480 480 0 64 29.
960 480 0 64 31.
1440 480 0 56 36.
1440 480 0 66 48.
1920 480 0 66 32.
2400 480 0 66 25.
2880 480 0 64 27.
3360 480 0 57 32.
3840 480 0 62 31.
4320 480 0 64 24.
4800 480 0 66 29.
5280 480 0 61 36.
5760 480 0 66 45.
5760 480 0 66 38.
6240 480 0 83 43.
6720 480 0 60 26.
7200 480 0 54 31.
7680 480 0 34 36.
8160 480 0 30 48.
8640 480 0 34 47.
9120 480 0 32 46.
9600 480 0 34 45.
10080 480 0 32 44.
10560 480 0 35 43.
11040 480 0 32 41.
11520 480 0 37 39.
12000 480 0 40 41.
12480 480 0 41 35.
12960 480 0 37 36.
13440 480 0 37 32.

