0 1440 0 52 77.
2400 480 0 59 75.
7560 60 0 49 75.
7640 60 0 54 75.
7680 480 0 55 74.
17520 240 0 63 86.
17760 240 0 48 76.
18000 240 0 46 75.
18240 240 0 55 82.
18480 240 0 52 77.
18720 240 0 48 72.
18960 240 0 58 78.
19200 240 0 45 69.
19440 240 0 55 74.
19680 240 0 54 75.
19920 240 0 41 66.
20400 240 0 55 74.
20640 240 0 43 64.
20880 240 0 52 69.
21120 240 0 50 70.
23040 1440 0 77 73.
24480 960 0 71 66.
25440 480 0 78 83.
25920 1440 0 71 73.
27360 1440 0 80 78.
28800 960 0 90 85.
29760 480 0 73 70.
30240 960 0 78 78.
31200 360 0 73 82.
31560 120 0 79 83.
31680 480 0 67 80.
32160 480 0 61 70.
34560 1440 0 51 82.
36000 960 0 39 70.
36960 480 0 44 83.
37440 1440 0 39 73.
38880 1440 0 38 66.
40320 960 0 43 82.
41280 480 0 49 82.
41760 960 0 44 78.
42720 360 0 40 82.
43080 120 0 38 71.
43200 480 0 46 83.
43680 480 0 38 78.
46560 240 0 46 67.
46800 240 0 48 69.
47040 240 0 41 62.
47280 240 0 45 60.
48000 240 0 49 67.
48240 240 0 51 69.
48480 240 0 44 62.
49440 240 0 41 66.
49680 240 0 41 65.
49920 240 0 46 63.
50160 240 0 50 62.
50880 240 0 43 66.
51120 240 0 57 71.
51360 240 0 62 72.
52320 240 0 58 71.
52560 240 0 46 67.
52800 240 0 65 74.
53760 240 0 62 72.
54000 240 0 48 68.
54240 240 0 68 75.
54480 240 0 66 78.
55200 240 0 72 78.
55680 240 0 70 78.
56160 240 0 88 87.
56640 240 0 87 87.
57120 240 0 78 78.
0 240 0 50 34.
480 240 0 40 55.
720 240 0 32 51.
960 240 0 35 50.
1200 240 0 35 48.
1440 240 0 50 46.
1680 240 0 36 62.
1920 240 0 44 55.
2160 240 0 37 51.
2400 240 0 40 50.
2640 240 0 40 46.
2880 240 0 50 39.
3360 240 0 32 54.
3600 240 0 31 53.
3840 240 0 35 51.
4080 240 0 36 50.
4320 240 0 50 48.
4560 240 0 32 55.
4800 240 0 44 57.
5040 240 0 37 53.
5280 240 0 40 51.
5520 240 0 41 48.
5760 240 0 50 41.
6000 240 0 33 58.
6240 240 0 34 57.
6480 240 0 31 56.
6720 240 0 40 63.
6960 240 0 37 58.
7200 240 0 50 41.
7440 240 0 32 54.
7680 240 0 45 62.
7920 240 0 31 52.
8160 240 0 31 51.
8400 240 0 36 53.
8640 240 0 50 46.
9120 240 0 41 55.
9360 240 0 28 51.
9600 240 0 32 50.
9840 240 0 28 48.
10080 240 0 50 46.
10320 240 0 36 62.
10560 240 0 41 55.
10800 240 0 28 51.
11040 240 0 32 50.
11280 240 0 29 48.
11520 240 0 50 43.
12000 240 0 42 64.
12240 240 0 33 60.
12480 240 0 36 58.
12720 240 0 37 57.
12960 240 0 50 46.
13440 240 0 40 60.
13680 240 0 32 56.
13920 240 0 35 55.
14160 240 0 38 53.
14400 240 0 50 39.
14880 240 0 40 57.
15120 240 0 32 53.
15360 240 0 35 51.
15600 240 0 36 50.
15840 240 0 50 48.
16080 240 0 40 63.
16320 240 0 32 54.
16560 240 0 32 53.
16800 240 0 35 51.
17040 240 0 35 48.
17280 240 0 50 41.
17520 240 0 40 65.
17760 240 0 48 67.
18000 240 0 46 69.
18240 240 0 35 62.
18480 240 0 41 65.
18720 240 0 38 60.
18960 240 0 46 66.
19200 240 0 36 57.
19440 240 0 34 56.
19680 240 0 43 63.
19920 240 0 32 54.
20160 240 0 50 46.
20400 240 0 43 62.
20640 240 0 34 52.
20880 240 0 32 51.
21120 240 0 32 50.
21360 240 0 37 53.
21600 240 0 50 46.
21840 240 0 44 62.
22080 240 0 41 55.
22320 240 0 30 51.
22560 240 0 29 50.
22800 240 0 32 46.
23040 240 0 64 34.
23280 240 0 49 58.
23520 240 0 44 54.
23760 240 0 48 63.
24000 240 0 46 54.
24240 240 0 42 49.
24480 240 0 44 54.
24720 240 0 41 58.
24960 240 0 53 61.
25200 240 0 48 58.
25440 240 0 46 54.
25680 240 0 42 58.
25920 240 0 44 54.
26160 240 0 41 49.
26400 240 0 53 61.
26640 240 0 48 63.
26880 240 0 46 54.
27120 240 0 42 49.
27360 240 0 53 61.
27600 240 0 49 63.
27840 240 0 53 61.
28080 240 0 48 58.
28320 240 0 46 54.
28560 240 0 42 58.
28800 240 0 44 54.
29040 240 0 41 49.
29280 240 0 53 61.
29520 240 0 40 58.
29760 240 0 46 54.
30000 240 0 42 49.
30240 240 0 44 54.
30480 240 0 49 63.
30720 240 0 53 61.
30960 240 0 48 58.
31200 240 0 55 61.
31440 240 0 40 58.
31680 240 0 43 54.
31920 240 0 37 49.
32160 240 0 39 54.
32400 240 0 34 58.
32640 240 0 36 54.
32880 240 0 42 58.
33120 240 0 36 54.
33360 240 0 33 58.
33600 240 0 44 61.
33840 240 0 39 58.
34080 240 0 37 54.
34320 240 0 34 58.
34560 240 0 25 54.
34800 240 0 23 58.
35040 240 0 29 66.
35280 240 0 27 63.
35520 240 0 26 54.
35760 240 0 24 58.
36000 240 0 29 54.
36240 240 0 27 63.
36480 240 0 25 54.
36720 240 0 23 58.
36960 240 0 30 66.
37200 240 0 28 63.
37440 240 0 27 64.
37680 240 0 23 58.
37920 240 0 29 66.
38160 240 0 27 63.
38400 240 0 26 54.
38640 240 0 24 58.
38880 240 0 29 54.
39120 240 0 27 63.
39360 240 0 25 54.
39600 240 0 23 58.
39840 240 0 30 66.
40080 240 0 28 63.
40320 240 0 27 64.
40560 240 0 23 58.
40800 240 0 29 66.
41040 240 0 27 63.
41280 240 0 26 54.
41520 240 0 24 58.
41760 240 0 29 66.
41760 240 0 25 54.
42000 240 0 23 58.
42240 240 0 29 64.
42480 240 0 27 61.
42720 240 0 26 54.
42960 240 0 24 58.
43200 240 0 25 54.
43440 240 0 23 58.
43680 240 0 29 66.
43920 240 0 27 63.
44160 240 0 26 54.
44400 240 0 24 58.
44640 240 0 31 66.
44640 240 0 27 54.
44880 240 0 26 58.
45120 240 0 35 64.
45360 240 0 34 61.
45600 240 0 32 54.
45840 240 0 31 58.
46080 240 0 50 29.
46560 240 0 40 55.
46800 240 0 32 51.
47040 240 0 36 50.

