0 360 0 55 77.
3840 360 0 60 75.
4200 120 0 53 68.
4320 960 0 64 78.
5280 240 0 49 68.
5760 720 0 59 77.
6480 240 0 55 75.
11520 360 0 60 75.
11880 120 0 53 68.
12000 960 0 64 78.
12960 240 0 49 68.
13440 720 0 59 77.
14160 240 0 55 75.
20520 40 0 57 71.
20560 20 0 57 70.
28200 40 0 58 73.
28240 20 0 58 72.
32040 40 0 62 73.
32080 20 0 62 72.
40320 360 0 50 66.
40680 120 0 63 77.
40800 960 0 55 70.
41760 480 0 59 77.
42240 240 0 49 68.
42720 240 0 38 66.
48000 360 0 50 66.
48360 120 0 63 77.
48480 960 0 55 70.
49440 480 0 52 72.
49920 960 0 44 66.
65520 240 0 45 56.
65760 240 0 46 56.
66000 240 0 47 56.
66240 240 0 48 56.
66480 240 0 49 56.
66720 240 0 50 56.
66960 240 0 51 56.
67200 240 0 51 56.
67440 240 0 49 56.
67680 240 0 49 56.
67920 240 0 49 56.
68160 240 0 61 68.
68400 240 0 60 68.
68640 240 0 58 68.
68880 240 0 58 68.
69120 240 0 55 56.
69360 240 0 51 56.
69600 240 0 51 56.
69840 240 0 51 56.
70080 240 0 66 68.
70320 240 0 61 68.
70560 240 0 61 68.
70800 240 0 61 68.
71040 240 0 74 68.
71280 240 0 68 68.
71520 240 0 68 68.
71760 240 0 68 68.
72000 240 0 69 68.
72240 240 0 68 68.
72480 240 0 68 68.
72720 240 0 68 68.
72960 240 0 79 68.
73200 240 0 74 68.
73440 240 0 77 68.
73680 240 0 78 68.
73920 240 0 79 68.
74160 240 0 78 68.
74400 240 0 79 68.
74640 240 0 80 68.
74880 960 0 92 68.
74880 240 0 88 71.
75120 240 0 83 71.
75360 240 0 83 71.
75600 240 0 79 71.
75840 960 0 92 68.
75840 240 0 88 71.
76080 240 0 83 71.
76320 240 0 83 71.
76560 240 0 79 71.
76800 960 0 92 68.
76800 240 0 88 71.
77040 240 0 83 71.
77280 240 0 83 71.
77520 240 0 79 71.
77760 960 0 92 68.
77760 240 0 88 71.
78000 240 0 83 71.
78240 240 0 83 71.
78480 240 0 83 71.
78720 960 0 92 68.
78720 240 0 88 71.
78960 240 0 83 71.
79200 240 0 83 71.
79440 240 0 79 71.
79680 960 0 92 67.
79680 240 0 88 71.
79920 240 0 83 71.
80160 240 0 83 71.
80400 240 0 79 71.
80640 240 0 74 68.
80640 240 0 88 71.
96240 240 0 45 56.
96480 240 0 46 56.
96720 240 0 47 56.
96960 240 0 48 56.
97200 240 0 49 56.
97440 240 0 50 56.
97680 240 0 51 56.
97920 240 0 51 56.
98160 240 0 49 56.
98400 240 0 49 56.
98640 240 0 49 56.
98880 240 0 61 68.
99120 240 0 60 68.
99360 240 0 58 68.
99600 240 0 58 68.
99840 240 0 55 56.
100080 240 0 51 56.
100320 240 0 51 56.
100560 240 0 51 56.
100800 240 0 66 68.
101040 240 0 61 68.
101280 240 0 61 68.
101520 240 0 61 68.
101760 240 0 74 68.
102000 240 0 68 68.
102240 240 0 68 68.
102480 240 0 68 68.
102720 240 0 69 68.
102960 240 0 68 68.
103200 240 0 68 68.
103440 240 0 68 68.
103680 240 0 79 68.
103920 240 0 74 68.
104160 240 0 77 68.
104400 240 0 78 68.
104640 240 0 79 68.
104880 240 0 78 68.
105120 240 0 79 68.
105360 240 0 80 68.
105600 960 0 92 68.
105600 240 0 88 71.
105840 240 0 83 71.
106080 240 0 83 71.
106320 240 0 79 71.
106560 960 0 92 68.
106560 240 0 88 71.
106800 240 0 83 71.
107040 240 0 83 71.
107280 240 0 79 71.
107520 960 0 92 68.
107520 240 0 88 71.
107760 240 0 83 71.
108000 240 0 83 71.
108240 240 0 79 71.
108480 960 0 92 68.
108480 240 0 88 71.
108720 240 0 83 71.
108960 240 0 83 71.
109200 240 0 83 71.
109440 960 0 92 68.
109440 240 0 88 71.
109680 240 0 83 71.
109920 240 0 83 71.
110160 240 0 79 71.
110400 960 0 92 67.
110400 240 0 88 71.
110640 240 0 83 71.
110880 240 0 83 71.
111120 240 0 79 71.
111360 240 0 74 68.
111360 240 0 88 71.
113280 960 0 47 60.
114240 960 0 50 61.
115200 1440 0 51 63.
115200 1440 0 61 75.
115440 240 0 46 68.
115680 240 0 46 68.
0 240 0 39 49.
480 960 0 19 61.
720 240 0 24 56.
960 240 0 26 56.
1200 240 0 22 56.
1440 240 0 31 65.
1680 240 0 27 56.
1920 1440 0 39 66.
2160 240 0 29 56.
2400 240 0 32 56.
2640 240 0 36 56.
3360 240 0 39 61.
3600 240 0 35 56.
4080 480 0 36 56.
6000 240 0 29 56.
6480 240 0 31 56.
6720 240 0 35 65.
6960 240 0 31 56.
7200 240 0 36 66.
7440 240 0 35 56.
7680 240 0 39 49.
8160 1440 0 20 61.
8400 240 0 24 56.
8640 240 0 27 56.
8880 240 0 24 56.
9120 240 0 36 56.
9600 1440 0 39 66.
9840 240 0 35 56.
10080 240 0 33 56.
10320 240 0 36 56.
11040 240 0 39 61.
11280 240 0 35 56.
11760 480 0 36 56.
13680 240 0 35 56.
14160 240 0 35 56.
14400 240 0 39 65.
14640 240 0 27 56.
14880 240 0 30 61.
15840 240 0 34 60.
16320 240 0 34 63.
16560 240 0 36 56.
16800 240 0 35 53.
16800 240 0 41 65.
17280 240 0 37 54.
17520 240 0 37 61.
17760 240 0 35 66.
18000 240 0 28 61.
18720 240 0 31 61.
19680 240 0 35 63.
19920 240 0 35 56.
20640 240 0 38 63.
20880 240 0 33 55.
21120 240 0 44 44.
21600 240 0 36 59.
22080 240 0 41 61.
22320 240 0 33 56.
22560 240 0 41 64.
22800 240 0 38 56.
23040 240 0 48 44.
23520 960 0 36 59.
24480 240 0 44 59.
24720 240 0 49 56.
24960 240 0 56 51.
25440 240 0 40 58.
25680 240 0 36 54.
25920 240 0 53 46.
26400 240 0 34 61.
27360 240 0 34 61.
28320 240 0 33 63.
28800 240 0 48 46.
29280 240 0 40 61.
29520 240 0 44 53.
29760 240 0 48 63.
30000 240 0 42 53.
30240 240 0 40 63.
30480 240 0 41 53.
30720 240 0 48 65.
30960 240 0 38 53.
31200 240 0 41 65.
31200 240 0 28 58.
31680 240 0 40 57.
31920 240 0 42 53.
32160 240 0 42 65.
32400 240 0 44 53.
32640 240 0 48 46.
33120 240 0 42 60.
33360 240 0 44 53.
33600 240 0 56 65.
33840 240 0 48 53.
34080 240 0 48 60.
34320 240 0 48 53.
34560 960 0 59 65.
34800 240 0 44 53.
35040 240 0 44 53.
35280 240 0 44 53.
35520 240 0 48 65.
35760 240 0 40 54.
36000 240 0 36 60.
36240 240 0 30 56.
36480 240 0 39 49.
36960 960 0 19 61.
37200 240 0 26 56.
37440 240 0 26 56.
37680 240 0 22 56.
37920 240 0 34 65.
38160 240 0 32 56.
38400 1440 0 39 66.
38640 240 0 29 56.
38880 240 0 32 56.
39120 240 0 36 56.
39840 240 0 39 61.
40080 240 0 33 56.
40560 480 0 36 56.
42480 240 0 35 56.
42960 240 0 31 56.
43200 240 0 39 65.
43440 240 0 30 56.
43680 240 0 36 66.
43920 240 0 35 56.
44160 240 0 39 49.
44640 1440 0 20 61.
44880 240 0 26 56.
45120 240 0 27 56.
45360 240 0 24 56.
45600 240 0 34 56.
46080 1440 0 39 66.
46320 240 0 35 56.
46560 240 0 33 56.
46800 240 0 36 56.
47520 240 0 39 61.
47760 240 0 35 56.
48240 480 0 36 56.
50160 240 0 29 56.
50400 240 0 33 56.
50640 240 0 30 56.
50880 240 0 34 56.
51840 480 0 35 44.
52320 480 0 26 39.
52800 480 0 29 40.
53280 480 0 27 39.
53760 480 0 33 39.
54240 480 0 29 40.
54720 480 0 35 42.
55200 480 0 31 40.
55680 480 0 38 40.
56160 480 0 38 44.
56640 480 0 41 49.
57120 480 0 38 44.
57600 2400 0 39 44.
60000 480 0 33 49.
60480 480 0 35 44.
60960 480 0 30 40.
61440 480 0 35 44.
61920 480 0 30 40.
62400 480 0 31 39.
62880 480 0 29 37.
63360 480 0 33 39.
63840 480 0 30 40.
64320 480 0 34 39.
64800 480 0 37 37.
65280 1920 0 40 44.
67200 480 0 52 37.
67680 480 0 51 39.
68160 480 0 56 40.
68640 480 0 52 39.
69120 480 0 57 39.
69600 480 0 56 40.
70080 480 0 60 42.
70560 480 0 57 40.
71040 480 0 59 40.
71520 480 0 61 44.
72000 480 0 66 49.
72480 360 0 61 44.
72840 120 0 82 32.
72960 1920 0 74 51.
74880 960 0 74 28.
75840 960 0 70 35.
76800 960 0 74 28.
77760 720 0 72 35.
78480 240 0 74 34.
78720 960 0 74 32.
79680 960 0 71 39.
80640 960 0 67 32.
82560 480 0 29 37.
83040 480 0 26 39.
83520 480 0 29 40.
84000 480 0 27 39.
84480 480 0 33 39.
84960 480 0 29 40.
85440 480 0 35 42.
85920 480 0 31 40.
86400 480 0 38 40.
86880 480 0 38 44.
87360 480 0 41 49.
87840 480 0 38 44.
88320 2400 0 39 44.
90720 480 0 33 49.
91200 480 0 35 44.
91680 480 0 30 40.
92160 480 0 35 44.
92640 480 0 30 40.
93120 480 0 31 39.
93600 480 0 29 37.
94080 480 0 33 39.

