3840 1690 0 55 64.
5530 235 0 41 59.
5765 1915 0 55 62.
7680 660 0 55 62.
8340 60 0 44 66.
8400 240 0 51 64.
8640 720 0 53 62.
9360 240 0 41 57.
9600 480 0 52 59.
10080 360 0 48 59.
10440 120 0 44 59.
10560 1920 0 46 59.
14400 720 0 62 71.
15125 240 0 53 66.
15365 1915 0 59 69.
17280 660 0 51 69.
17940 60 0 38 73.
18000 240 0 47 71.
18240 720 0 51 69.
18960 240 0 46 64.
19200 480 0 53 66.
19680 360 0 58 66.
20040 120 0 56 66.
20160 1920 0 63 66.
25440 3120 0 55 69.
28560 240 0 47 64.
28810 1910 0 49 65.
30720 660 0 46 65.
31380 60 0 37 69.
31440 240 0 42 67.
31680 720 0 46 65.
32400 240 0 42 60.
32640 480 0 46 62.
33120 360 0 44 62.
33480 120 0 42 62.
33600 1920 0 46 62.
36480 660 0 46 62.
37140 60 0 37 65.
37200 240 0 42 64.
1 239 0 40 47.
240 240 0 28 46.
480 240 0 34 40.
720 240 0 28 43.
960 240 0 34 40.
1200 240 0 28 46.
1440 240 0 34 40.
1680 240 0 27 43.
1920 240 0 34 40.
2160 240 0 27 46.
2400 240 0 31 40.
2640 240 0 26 43.
2880 240 0 30 40.
3120 240 0 25 46.
3360 240 0 28 40.
3600 240 0 22 43.
3840 240 0 27 40.
4080 240 0 23 46.
4320 240 0 27 40.
4560 240 0 23 43.
4800 240 0 27 40.
5040 240 0 23 46.
5280 240 0 27 40.
5520 240 0 22 43.
5760 240 0 27 38.
6000 240 0 23 46.
6240 240 0 27 38.
6480 240 0 23 43.
6720 240 0 27 38.
6960 240 0 23 46.
7200 240 0 27 38.
7440 240 0 22 43.
7680 240 0 27 38.
7920 240 0 23 44.
8160 240 0 27 38.
8400 240 0 23 43.
8640 240 0 27 38.
8880 240 0 23 44.
9120 240 0 27 38.
9360 240 0 22 42.
9600 240 0 27 31.
9840 240 0 22 52.
10080 240 0 25 43.
10320 240 0 19 51.
10560 240 0 23 43.
10800 240 0 18 52.
11040 240 0 23 43.
11280 240 0 18 51.
11520 240 0 24 43.
11760 240 0 20 52.
12000 240 0 25 43.
12240 240 0 22 51.
12480 240 0 26 43.
12720 240 0 23 52.
12960 240 0 27 43.
13200 240 0 22 51.
13440 240 0 27 47.
13680 240 0 23 53.
13920 240 0 27 47.
14160 240 0 23 50.
14400 240 0 27 47.
14640 240 0 23 53.
14880 240 0 27 47.
15120 240 0 22 50.
15360 240 0 27 45.
15600 240 0 23 53.
15840 240 0 27 45.
16080 240 0 23 50.
16320 240 0 27 45.
16560 240 0 23 53.
16800 240 0 27 45.
17040 240 0 22 50.
17280 240 0 27 45.
17520 240 0 23 51.
17760 240 0 27 45.
18000 240 0 23 50.
18240 240 0 28 45.
18480 240 0 23 51.
18720 240 0 27 45.
18960 240 0 22 49.
19200 240 0 27 45.
19440 240 0 25 50.
19680 240 0 31 45.
19920 240 0 28 49.
20160 240 0 36 45.
20400 240 0 30 50.
20640 240 0 36 45.
20880 240 0 29 49.
21120 240 0 36 45.
21360 240 0 30 50.

