960 480 0 49 70.
1440 160 0 48 70.
1600 160 0 37 58.
1760 160 0 37 67.
1920 160 0 52 75.
2080 160 0 39 63.
2240 160 0 40 70.
2400 160 0 56 79.
2560 160 0 41 67.
2720 160 0 44 75.
2880 160 0 63 82.
3040 160 0 49 70.
3200 160 0 50 79.
3360 160 0 68 87.
3520 160 0 52 75.
3680 160 0 55 82.
3840 160 0 71 91.
4000 160 0 54 79.
4160 160 0 57 82.
4320 160 0 75 89.
4480 160 0 58 74.
4640 160 0 56 80.
4800 160 0 72 87.
4960 160 0 56 75.
5120 160 0 55 80.
5280 160 0 68 84.
5440 160 0 51 72.
5600 160 0 49 80.
5760 160 0 70 84.
5920 160 0 51 72.
6080 160 0 46 79.
6240 160 0 62 82.
6400 160 0 43 70.
6560 160 0 43 75.
6720 160 0 60 79.
6880 160 0 43 67.
7040 160 0 41 70.
7200 160 0 53 75.
7360 160 0 38 63.
7520 160 0 38 69.
7680 160 0 54 74.
7840 160 0 44 62.
8000 160 0 48 69.
8160 160 0 64 75.
8320 160 0 51 63.
8480 160 0 55 69.
8640 160 0 70 79.
8800 160 0 55 67.
8960 160 0 53 70.
9120 160 0 65 77.
9280 160 0 49 65.
9440 160 0 47 70.
9600 160 0 63 74.
9760 160 0 42 62.
9920 160 0 41 65.
10080 160 0 53 75.
10240 160 0 38 63.
10400 160 0 38 69.
10560 160 0 54 74.
10720 160 0 44 62.
10880 160 0 47 69.
11040 160 0 59 75.
11200 160 0 50 63.
11360 160 0 54 69.
11520 160 0 67 79.
11680 160 0 49 67.
11840 160 0 48 72.
12000 160 0 60 77.
12160 160 0 43 65.
12320 160 0 42 68.
12480 160 0 58 72.
12640 160 0 42 60.
12800 160 0 41 65.
12960 160 0 53 70.
13120 160 0 38 58.
13280 160 0 37 67.
13440 160 0 52 75.
13600 160 0 39 63.
13760 160 0 40 70.
13920 160 0 56 79.
14080 160 0 41 67.
14240 160 0 44 75.
14400 160 0 69 82.
14560 160 0 49 70.
14720 160 0 50 79.
14880 160 0 74 87.
15040 160 0 52 75.
15200 160 0 55 82.
15360 160 0 77 91.
15520 160 0 63 79.
15680 160 0 68 82.
15840 160 0 81 89.
16000 160 0 64 74.
16160 160 0 61 80.
16320 160 0 75 87.
16480 160 0 56 75.
16640 160 0 55 80.
16800 160 0 67 84.
16960 160 0 51 72.
17120 160 0 49 80.
17280 160 0 70 84.
17440 160 0 42 72.
17600 160 0 43 79.
17760 160 0 62 82.
17920 160 0 43 70.
18080 160 0 43 75.
18240 160 0 60 79.
18400 160 0 43 67.
18560 160 0 41 75.
18720 160 0 57 78.
18880 160 0 38 66.
19040 160 0 37 75.
19200 160 0 53 77.
19360 160 0 39 65.
19520 160 0 40 75.
19680 160 0 59 78.
19840 160 0 41 66.
20000 160 0 44 75.
20160 160 0 63 79.
20320 160 0 42 67.
20480 160 0 42 74.
20640 160 0 67 81.
20800 160 0 47 69.
20960 160 0 52 74.
21120 160 0 70 82.
21280 160 0 51 70.
21440 160 0 55 74.
21600 160 0 75 84.
21760 160 0 55 72.
21920 160 0 55 77.
22080 160 0 72 86.
22240 160 0 54 74.
22400 160 0 48 77.
22560 160 0 67 81.
22720 160 0 48 69.
22880 160 0 50 77.
23040 160 0 68 84.
23200 160 0 52 72.
23360 160 0 48 77.
23520 160 0 67 82.
23680 160 0 43 70.
23840 160 0 42 77.
24000 160 0 65 77.
24160 160 0 42 65.
24320 160 0 41 70.
24480 160 0 59 77.
24640 160 0 47 65.
24800 160 0 41 71.
24960 160 0 54 75.
25120 160 0 41 63.
25280 160 0 43 70.
25440 160 0 64 77.
25600 160 0 44 61.
25760 160 0 47 68.
25920 160 0 70 80.
26080 160 0 53 61.
26240 160 0 52 70.
26400 160 0 67 78.
26560 160 0 43 61.
26720 160 0 42 70.
26880 160 0 62 73.
27040 160 0 42 61.
27200 160 0 41 70.
27360 160 0 53 77.
27520 160 0 38 61.
27680 160 0 38 71.
27840 160 0 54 75.
28000 160 0 41 61.
28160 160 0 43 70.
28320 160 0 59 77.
28480 160 0 49 61.
28640 160 0 47 68.
28800 160 0 69 80.
28960 160 0 51 61.
29120 160 0 50 70.
29280 160 0 67 78.
29440 160 0 43 61.
29600 160 0 42 70.
29760 160 0 62 73.
29920 160 0 42 61.
30080 160 0 41 70.
30240 160 0 58 76.
30400 160 0 38 64.
30560 160 0 38 70.
30720 160 0 63 82.
30880 160 0 44 64.
31040 160 0 45 73.
31200 160 0 68 85.
31360 160 0 48 70.
31520 160 0 51 76.
31680 160 0 76 86.
31840 160 0 53 70.
32000 160 0 52 77.
32160 160 0 72 87.
32320 160 0 43 70.
32480 160 0 43 79.
32640 160 0 66 83.
32800 160 0 53 68.
32960 160 0 54 74.
33120 160 0 71 84.
33280 160 0 55 69.
33440 160 0 52 75.
33600 160 0 70 86.
33760 160 0 51 69.
33920 160 0 47 77.
34080 160 0 62 81.
34240 160 0 42 69.
34400 160 0 43 72.
34560 160 0 70 84.
34720 160 0 48 65.
34880 160 0 47 75.
35040 160 0 65 82.
35200 160 0 43 65.
35360 160 0 42 74.
35520 160 0 59 77.
35680 160 0 42 65.
35840 160 0 41 70.
36000 160 0 57 77.
36160 160 0 38 65.
36320 160 0 38 71.
36480 160 0 59 75.
36640 160 0 45 63.
36800 160 0 47 70.
36960 160 0 66 77.
37120 160 0 53 61.
37280 160 0 56 68.
37440 160 0 71 80.
37600 160 0 53 61.
37760 160 0 52 70.
37920 160 0 66 78.
38080 160 0 49 61.
38240 160 0 46 70.
38400 160 0 59 73.
38560 160 0 42 61.
38720 160 0 41 70.
38880 160 0 56 77.
39040 160 0 38 61.
39200 160 0 38 71.
39360 160 0 56 75.
39520 160 0 43 61.
39680 160 0 47 70.
39840 160 0 66 77.
40000 160 0 49 61.
40160 160 0 54 68.
40320 160 0 72 80.
40480 160 0 53 61.
40640 160 0 52 70.
40800 160 0 68 78.
40960 160 0 43 61.
41120 160 0 42 70.
41280 160 0 63 77.
41440 160 0 42 61.
41600 160 0 41 70.
41760 160 0 60 76.
41920 160 0 43 61.
42080 160 0 43 70.
42240 160 0 67 79.
42400 160 0 44 64.
42560 160 0 46 73.
42720 160 0 63 78.
42880 160 0 46 63.
43040 160 0 49 72.
43200 160 0 72 81.
43360 160 0 47 66.
43520 160 0 46 75.
43680 160 0 71 80.
43840 160 0 48 65.
44000 160 0 49 74.
44160 160 0 77 83.
44320 160 0 51 68.
44480 160 0 53 77.
44640 160 0 74 82.
44800 160 0 58 67.
44960 160 0 63 76.
45120 160 0 88 85.
45280 160 0 66 70.
45440 160 0 68 79.
45600 160 0 84 84.
45760 160 0 68 69.
45920 160 0 66 78.
46080 160 0 94 87.
46240 160 0 69 72.
46400 160 0 70 81.
46560 160 0 88 86.
46720 160 0 63 71.
46880 160 0 64 80.
47040 240 0 104 89.
47520 160 0 48 70.
47680 160 0 37 58.
47840 160 0 37 67.
48000 160 0 52 75.
48160 160 0 39 63.
48320 160 0 40 70.
48480 160 0 56 79.
48640 160 0 41 67.
48800 160 0 44 75.
48960 160 0 66 82.
49120 160 0 49 70.
49280 160 0 50 79.
49440 160 0 74 87.
49600 160 0 52 75.
49760 160 0 55 82.
49920 160 0 73 91.
50080 160 0 60 79.
50240 160 0 65 82.
50400 160 0 79 89.
50560 160 0 58 74.
50720 160 0 52 80.
50880 160 0 76 87.
51040 160 0 56 75.
51200 160 0 51 80.
51360 160 0 70 84.
51520 160 0 51 72.
51680 160 0 49 80.
51840 160 0 70 84.
52000 160 0 42 72.
52160 160 0 43 79.
52320 160 0 62 82.
52480 160 0 43 70.
52640 160 0 43 75.
52800 160 0 60 79.
52960 160 0 43 67.
53120 160 0 41 70.
53280 160 0 53 75.
53440 160 0 38 63.
53600 160 0 38 69.
53760 160 0 54 74.
53920 160 0 41 62.
54080 160 0 43 69.
54240 160 0 64 75.
54400 160 0 51 63.
54560 160 0 57 69.
54720 160 0 71 79.
54880 160 0 51 67.
55040 160 0 51 70.
55200 160 0 67 77.
55360 160 0 43 65.
55520 160 0 42 70.
55680 160 0 63 74.
55840 160 0 42 62.
56000 160 0 41 65.
56160 160 0 53 75.
56320 160 0 38 63.
56480 160 0 38 69.
56640 160 0 54 74.
56800 160 0 41 62.
56960 160 0 43 69.
57120 160 0 65 75.
57280 160 0 51 63.
57440 160 0 58 69.
57600 160 0 71 79.
57760 160 0 54 67.
57920 160 0 51 72.
58080 160 0 60 77.
58240 160 0 43 65.
58400 160 0 42 68.
58560 160 0 58 72.
58720 160 0 42 60.
58880 160 0 41 65.
59040 160 0 53 70.
59200 160 0 38 58.
59360 160 0 37 67.
59520 160 0 51 75.
59680 160 0 38 63.
59840 160 0 40 70.
60000 160 0 54 79.
60160 160 0 40 67.
60320 160 0 43 75.
60480 160 0 65 82.
60640 160 0 47 70.
60800 160 0 47 79.
60960 160 0 70 87.
61120 160 0 49 75.
61280 160 0 51 82.
61440 160 0 73 91.
61600 160 0 51 79.
61760 160 0 53 82.
61920 160 0 81 90.
62080 160 0 57 75.
62240 160 0 59 81.
62400 160 0 77 89.
62560 160 0 57 74.
62720 160 0 58 80.
62880 160 0 76 88.
63040 160 0 52 73.
63200 160 0 51 79.
63360 160 0 84 87.
63520 160 0 53 72.
63680 160 0 53 78.
63840 160 0 75 86.
64000 160 0 52 71.
64160 160 0 48 77.
64320 160 0 70 85.
64480 160 0 52 73.
64640 160 0 51 79.
64800 160 0 74 84.
64960 160 0 50 72.
65120 160 0 49 77.
65280 160 0 79 86.
65440 160 0 56 72.
65600 160 0 58 77.
65760 160 0 86 87.
65920 160 0 61 72.
66080 160 0 65 77.
66240 160 0 89 89.
66400 160 0 62 77.
66560 160 0 63 84.
66720 160 0 80 91.
66880 160 0 50 79.
67040 160 0 51 84.
67200 160 0 75 89.
1440 160 0 36 39.
1600 160 0 28 55.
1760 160 0 28 46.
1920 160 0 33 39.
2080 160 0 29 55.
2240 160 0 30 46.
2400 160 0 36 39.
2560 160 0 32 58.
2720 160 0 32 46.
2880 160 0 41 39.
3040 160 0 33 63.
3200 160 0 34 55.
3360 160 0 42 46.
3520 160 0 35 67.
3680 160 0 37 58.
3840 160 0 47 51.
4000 160 0 39 70.
4160 160 0 45 58.
4320 160 0 55 51.
8640 160 0 50 46.
11520 160 0 49 46.
15840 160 0 54 51.
23040 160 0 50 46.
25920 160 0 49 42.
28800 160 0 50 42.
34560 160 0 50 46.
37440 160 0 47 42.
40320 160 0 47 42.
47520 160 0 36 39.
47680 160 0 28 55.
47840 160 0 28 46.
48000 160 0 33 39.
48160 160 0 29 55.
48320 160 0 30 46.
48480 160 0 36 39.
48640 160 0 32 58.
48800 160 0 32 46.
48960 160 0 42 39.
49120 160 0 33 63.
49280 160 0 34 55.
49440 160 0 42 46.
49600 160 0 35 67.
49760 160 0 37 58.
49920 160 0 47 51.
50080 160 0 39 70.
50240 160 0 41 58.
50400 160 0 54 51.
54720 160 0 50 46.
57600 160 0 51 46.
61920 160 0 55 45.

