960 480 0 52 64.
1440 370 0 58 73.
1920 480 0 32 62.
1920 480 0 38 71.
2400 480 0 22 62.
2400 480 0 27 71.
2880 940 0 18 62.
2880 940 0 21 71.
3840 480 0 45 74.
4320 370 0 44 72.
4680 600 0 43 73.
5280 480 0 31 81.
5760 940 0 31 81.
6720 480 0 48 73.
7200 370 0 40 61.
7560 2040 0 32 62.
7680 480 0 35 66.
8160 480 0 27 66.
8640 940 0 23 66.
9600 480 0 31 62.
10080 370 0 33 62.
10440 600 0 31 61.
11040 480 0 22 73.
11520 940 0 15 61.
12480 960 0 60 64.
12960 480 0 48 68.
13440 480 0 41 68.
13440 480 0 49 71.
13920 480 0 31 62.
13920 480 0 37 71.
14400 940 0 27 62.
14400 940 0 32 71.
15360 480 0 48 74.
15840 370 0 54 72.
16200 1080 0 48 73.
1440 480 0 31 40.
1920 480 0 34 64.
2400 480 0 27 64.
2880 940 0 24 64.
4320 480 0 32 45.
4800 480 0 30 57.
5280 480 0 30 64.
5760 940 0 30 64.
7200 480 0 30 40.
7680 480 0 31 59.
8160 480 0 24 59.
8640 940 0 22 59.
10080 480 0 30 33.
10560 480 0 33 64.
10560 480 0 28 52.
11040 480 0 22 57.
11520 940 0 15 57.
13440 480 0 26 52.
13920 480 0 29 64.
14400 940 0 27 64.
15840 480 0 39 45.
16320 480 0 35 64.

