1440 360 0 55 59.
1800 120 0 52 71.
1920 1440 0 62 71.
3370 480 0 58 72.
3850 1440 0 62 71.
5290 480 0 58 72.
5770 1430 0 62 71.
7200 480 0 59 72.
7680 1440 0 64 71.
9125 480 0 58 70.
9605 1440 0 62 69.
11045 480 0 63 71.
11525 1440 0 66 69.
12965 480 0 67 71.
13445 1440 0 67 69.
15240 120 0 57 69.
15370 1430 0 62 69.
16800 960 0 62 68.
17760 240 0 65 69.
18000 240 0 69 71.
18240 240 0 74 74.
18480 240 0 65 72.
18720 240 0 68 64.
18960 240 0 62 69.
19200 1440 0 62 66.
20640 480 0 57 69.
21120 1380 0 62 66.
22500 60 0 52 71.
22560 480 0 62 69.
23040 240 0 62 67.
23280 240 0 46 66.
23520 240 0 54 60.
23760 240 0 42 59.
24000 240 0 64 63.
24240 240 0 59 66.
24480 160 0 65 74.
24640 160 0 62 72.
24800 160 0 57 71.
24960 1440 0 62 71.
26410 480 0 68 72.
26890 1440 0 71 71.
28805 1435 0 76 71.
30240 480 0 77 72.
30720 360 0 84 71.
31080 120 0 78 70.
31200 240 0 85 70.
31440 60 0 70 71.
31500 60 0 73 70.
31560 60 0 76 69.
31620 60 0 79 70.
31680 480 0 88 79.
32160 360 0 91 78.
32520 120 0 77 76.
32640 240 0 89 76.
32880 240 0 86 75.
33120 240 0 92 84.
33360 240 0 85 75.
1920 240 0 21 55.
1920 240 0 31 64.
2160 240 0 18 55.
2160 240 0 27 64.
2400 240 0 18 55.
2400 240 0 27 64.
2640 240 0 18 55.
2640 240 0 27 64.
2880 240 0 18 55.
2880 240 0 27 64.
3120 240 0 18 55.
3120 240 0 27 64.
3360 240 0 19 59.
3600 240 0 19 59.
3840 240 0 31 64.
4080 240 0 22 57.
4320 240 0 27 64.
4560 240 0 18 54.
4800 240 0 18 54.
5040 240 0 22 57.
5280 240 0 19 57.
5520 240 0 19 57.
5760 240 0 21 53.
5760 240 0 31 63.
6000 240 0 27 63.
6240 240 0 22 57.
6480 240 0 22 57.
6720 240 0 27 62.
6960 240 0 27 62.
7200 240 0 24 62.
7440 240 0 19 56.
7680 240 0 21 52.
7680 240 0 31 62.
7920 240 0 27 62.
8160 240 0 27 62.
8400 240 0 22 56.
8640 240 0 27 62.
8640 240 0 18 52.
8880 240 0 22 55.
9120 240 0 16 52.
9360 240 0 19 55.
9600 240 0 21 52.
9600 240 0 25 55.
9840 240 0 18 52.
10080 240 0 18 52.
10320 240 0 28 60.
10560 240 0 20 52.
10800 240 0 22 52.
11040 240 0 19 52.
11280 240 0 25 54.
11520 240 0 34 54.
11520 240 0 27 52.
11760 240 0 35 60.
12000 240 0 35 60.
12240 240 0 34 60.
12480 240 0 32 60.
12720 240 0 25 54.
12960 240 0 20 54.
13200 240 0 26 60.
13440 240 0 29 54.
13440 240 0 37 60.
13680 240 0 26 54.
13920 240 0 32 60.
14160 240 0 20 50.
14400 240 0 20 50.
14640 240 0 26 54.
14880 240 0 26 60.
15120 240 0 17 50.
15360 240 0 25 53.
15360 240 0 31 60.
15600 240 0 22 53.
15840 240 0 22 53.
16080 240 0 27 60.
16320 240 0 22 53.
16560 240 0 22 53.
16800 240 0 24 59.
17040 240 0 24 59.
17280 240 0 29 59.
17520 240 0 28 59.
17760 240 0 32 57.
18000 240 0 27 48.
18240 240 0 35 52.
18480 240 0 32 57.
18720 240 0 20 48.
18960 240 0 20 48.
19200 240 0 29 52.
19200 240 0 24 47.
19440 240 0 22 47.
19680 240 0 22 47.
19920 240 0 27 51.
20160 240 0 27 57.
20400 240 0 27 52.
20640 240 0 23 52.
20880 240 0 23 52.
21120 240 0 24 47.
21120 240 0 29 57.
21360 240 0 27 51.
21600 240 0 27 51.
21840 240 0 27 51.
22080 240 0 27 52.
22320 240 0 27 52.
22560 240 0 23 52.
22800 240 0 23 52.
23040 480 0 24 47.
23040 480 0 29 57.
24960 240 0 21 55.
24960 240 0 31 64.
25200 240 0 18 55.
25200 240 0 27 64.
25440 240 0 18 55.
25440 240 0 29 64.
25680 240 0 19 55.
25680 240 0 29 64.
25920 240 0 19 55.
25920 240 0 31 64.
26160 240 0 20 55.
26160 240 0 32 64.
26400 240 0 24 59.
26640 240 0 26 59.
26880 240 0 35 64.
27120 240 0 25 57.
27360 240 0 33 64.
27600 240 0 22 54.
27840 240 0 22 53.
28080 240 0 29 57.
28320 240 0 27 57.
28560 240 0 30 57.
28800 240 0 30 53.
28800 240 0 45 63.
29040 240 0 40 63.
29280 240 0 34 56.
29520 240 0 36 56.
29760 240 0 44 62.
30000 240 0 45 62.
30240 240 0 40 62.
30480 240 0 31 56.

