1 360 0 55 78.
420 60 0 53 78.
480 60 0 57 80.
540 60 0 55 78.
600 60 0 52 76.
660 60 0 49 75.
720 60 0 39 64.
780 30 0 40 66.
810 30 0 36 70.
840 60 0 46 68.
900 60 0 42 66.
960 60 0 41 66.
1020 60 0 41 75.
1080 60 0 39 64.
1140 30 0 44 66.
1170 30 0 33 70.
1200 60 0 45 68.
1260 60 0 43 66.
1320 60 0 43 66.
1380 60 0 43 75.
1440 60 0 40 64.
1500 60 0 52 66.
1560 60 0 59 63.
1620 60 0 56 66.
1680 60 0 51 71.
1740 60 0 56 66.
1800 60 0 45 71.
1860 60 0 47 66.
1920 60 0 62 80.
1980 60 0 48 66.
2040 60 0 46 71.
2100 60 0 45 66.
2160 60 0 48 64.
2220 30 0 56 66.
2250 30 0 43 70.
2280 60 0 55 68.
2340 60 0 52 66.
2400 60 0 52 66.
2460 60 0 52 75.
2520 60 0 49 64.
2580 30 0 55 66.
2610 30 0 41 70.
2640 60 0 52 68.
2700 60 0 51 66.
2760 60 0 51 66.
2820 60 0 51 75.
2880 60 0 51 64.
2940 60 0 56 66.
3000 60 0 54 63.
3060 60 0 59 66.
3120 60 0 56 71.
3180 60 0 62 66.
3240 60 0 59 71.
3300 60 0 66 66.
3360 60 0 74 79.
3420 60 0 69 67.
3480 60 0 76 80.
3540 60 0 70 68.
3600 60 0 64 75.
3660 30 0 66 75.
3690 30 0 46 78.
3720 60 0 70 76.
3780 60 0 66 75.
3840 60 0 69 71.
3900 60 0 57 83.
3960 60 0 54 78.
4020 60 0 65 75.
4080 30 0 65 70.
4110 30 0 47 73.
4140 60 0 65 71.
4200 60 0 63 70.
4260 60 0 57 78.
4320 300 0 60 71.
4680 60 0 61 71.
5040 60 0 48 64.
5100 30 0 52 66.
5130 15 0 40 68.
5145 15 0 40 70.
5160 60 0 50 68.
5220 60 0 49 66.
5280 60 0 49 66.
5340 60 0 49 75.
5400 60 0 45 64.
5460 30 0 51 66.
5490 15 0 40 68.
5505 15 0 40 70.
5520 60 0 48 68.
5580 60 0 47 66.
5640 60 0 47 66.
720 60 0 33 58.
1080 60 0 36 58.
1140 60 0 33 54.
1200 60 0 33 49.
1260 60 0 33 42.
1320 60 0 33 49.
1380 60 0 33 54.
2160 60 0 40 58.
2220 60 0 37 54.
2280 60 0 40 49.
2340 60 0 36 42.
2400 60 0 36 49.
2460 60 0 36 54.
2520 60 0 40 58.
2580 60 0 34 54.
2640 60 0 38 49.
2700 60 0 35 42.
2760 60 0 38 49.
2820 60 0 32 54.
2880 60 0 41 47.
2940 60 0 37 54.
3000 60 0 45 47.
3060 60 0 36 54.
3120 60 0 48 51.
3180 60 0 39 59.
3600 60 0 54 44.
3660 60 0 47 51.
3720 60 0 54 63.
3780 60 0 47 56.
3840 60 0 52 63.
3900 60 0 35 59.
4320 60 0 53 40.
4380 60 0 38 59.
4440 60 0 36 47.
4500 60 0 35 56.
4560 60 0 37 59.
4620 60 0 42 52.
5040 60 0 38 58.
5100 60 0 31 54.
5160 60 0 36 49.
5220 60 0 30 42.
5280 60 0 34 49.
5340 60 0 34 54.

