160 80 0 49 60.
240 160 0 53 67.
400 80 0 43 69.
640 80 0 51 62.
720 160 0 59 67.
880 80 0 45 69.
1120 80 0 59 60.
1200 160 0 67 67.
1360 80 0 65 69.
1600 80 0 70 64.
1680 160 0 75 71.
1840 80 0 78 72.
2000 320 0 79 64.
2160 80 0 58 72.
2240 80 0 75 69.
2320 80 0 80 62.
2480 320 0 86 64.
2640 80 0 61 72.
2720 80 0 82 69.
2800 80 0 84 62.
2960 320 0 86 64.
3120 80 0 55 71.
3200 80 0 74 67.
3280 80 0 67 62.
3520 80 0 56 62.
3600 160 0 59 71.
3760 80 0 47 69.
4000 80 0 53 60.
4080 160 0 60 67.
4240 80 0 45 69.
4480 80 0 58 62.
4560 160 0 61 67.
4720 80 0 51 69.
4960 80 0 64 60.
5040 160 0 72 67.
5200 80 0 62 69.
5440 80 0 70 64.
5520 160 0 75 71.
5680 80 0 69 72.
5840 320 0 69 61.
6000 80 0 55 69.
6080 80 0 75 65.
6160 80 0 58 62.
6320 320 0 72 63.
6480 80 0 57 72.
6560 80 0 78 67.
6640 80 0 78 76.
6800 320 0 75 67.
6960 80 0 60 72.
7040 80 0 75 69.
7120 80 0 63 65.
7280 320 0 91 63.
7440 80 0 61 72.
7520 80 0 79 67.
7600 80 0 66 64.
7760 320 0 92 64.
7920 80 0 63 72.
8000 80 0 82 69.
8080 80 0 85 65.
8160 400 0 97 66.
8400 80 0 70 74.
8480 80 0 84 71.
8560 80 0 62 67.
8640 400 0 99 68.
8880 80 0 72 76.
8960 80 0 82 72.
9040 80 0 64 69.
9120 400 0 100 70.
9360 80 0 61 79.
9440 80 0 97 74.
9520 80 0 67 71.
9680 320 0 103 74.
9840 80 0 82 79.
9920 80 0 73 76.
10000 80 0 54 72.
10160 320 0 66 71.
10320 80 0 49 75.
10400 80 0 63 72.
1 79 0 46 36.
80 320 0 36 55.
400 80 0 27 57.
480 80 0 51 35.
560 80 0 38 43.
640 80 0 36 53.
960 80 0 53 36.
1040 80 0 47 43.
1120 80 0 47 52.
1520 80 0 55 52.
1600 80 0 56 55.
2400 80 0 91 42.
2880 80 0 97 43.
3360 80 0 58 31.
3440 80 0 42 43.
3520 80 0 38 53.
3920 80 0 37 43.
4000 80 0 39 52.
4320 80 0 53 35.
4400 80 0 42 43.
4480 80 0 44 53.
4800 80 0 63 36.
4880 80 0 50 43.
4960 80 0 63 52.
5280 80 0 79 40.
5360 80 0 66 52.
5440 80 0 56 55.
6240 80 0 89 43.
6720 80 0 91 45.

