1920 120 0 45 72.
2040 120 0 36 69.
2160 120 0 36 65.
2280 120 0 37 62.
2400 120 0 45 60.
2520 120 0 40 65.
2640 120 0 45 77.
2760 120 0 40 74.
2880 120 0 45 72.
3000 120 0 36 69.
3120 120 0 36 65.
3240 120 0 36 62.
3360 120 0 45 60.
3480 120 0 42 65.
3600 120 0 45 77.
3720 120 0 41 74.
3840 120 0 45 72.
3960 120 0 39 69.
4080 120 0 38 65.
4200 120 0 38 62.
4320 120 0 45 60.
4440 120 0 39 65.
4560 120 0 45 77.
4680 120 0 41 74.
4800 120 0 45 72.
4920 120 0 39 69.
5040 120 0 39 65.
5160 120 0 39 62.
5280 120 0 45 60.
5400 120 0 43 64.
5520 120 0 45 70.
5640 120 0 42 67.
5760 120 0 45 69.
5880 120 0 42 65.
6000 120 0 37 60.
6120 120 0 37 57.
6240 120 0 42 60.
6360 120 0 38 65.
6480 120 0 35 64.
6600 120 0 42 67.
6720 120 0 45 69.
6840 120 0 43 65.
6960 120 0 39 60.
7080 120 0 39 57.
7200 120 0 42 60.
7320 120 0 38 65.
7440 120 0 42 70.
7560 120 0 41 67.
7680 120 0 45 69.
7800 120 0 42 65.
7920 120 0 37 60.
8040 120 0 37 57.
8160 120 0 42 60.
8280 120 0 36 65.
8400 120 0 50 70.
8520 120 0 46 68.
8640 120 0 51 69.
8760 120 0 45 70.
8880 120 0 51 74.
9000 120 0 46 71.
9120 120 0 54 72.
9240 120 0 52 76.
9360 120 0 56 77.
9480 120 0 58 81.
9600 120 0 58 79.
9720 120 0 45 76.
9840 120 0 50 72.
9960 120 0 46 69.
10080 120 0 51 67.
10200 120 0 45 72.
10320 120 0 54 84.
10440 120 0 47 81.
10560 120 0 50 79.
10680 120 0 46 76.
10800 120 0 46 72.
10920 120 0 46 69.
11040 120 0 50 67.
11160 120 0 47 72.
11280 120 0 54 84.
11400 120 0 46 81.
11520 120 0 50 79.
11640 120 0 47 76.
11760 120 0 47 72.
11880 120 0 47 69.
12000 120 0 50 67.
12120 120 0 46 72.
12240 120 0 55 84.
12360 120 0 47 81.
12480 120 0 50 79.
12600 120 0 46 76.
12720 120 0 46 72.
12840 120 0 46 69.
12960 120 0 50 67.
13080 120 0 48 71.
13200 120 0 50 77.
13320 120 0 47 74.
13440 120 0 50 76.
13560 120 0 47 72.
13680 120 0 42 67.
13800 120 0 42 64.
13920 120 0 47 67.
14040 120 0 43 72.
14160 120 0 49 71.
14280 120 0 47 74.
14400 120 0 50 76.
14520 120 0 48 72.
14640 120 0 44 67.
14760 120 0 44 64.
14880 120 0 47 67.
15000 120 0 43 72.
15120 120 0 33 71.
15240 120 0 46 74.
15360 120 0 50 76.
15480 120 0 47 72.
15600 120 0 42 67.
15720 120 0 42 64.
15840 120 0 47 67.
15960 120 0 41 72.
16080 120 0 57 76.
16200 120 0 55 79.
16320 120 0 57 84.
16440 120 0 55 88.
16560 120 0 57 86.
16680 120 0 53 79.
16800 120 0 57 74.
16920 120 0 53 79.
17040 120 0 55 74.
17160 120 0 54 76.
17280 120 0 58 84.
17400 120 0 47 81.
17520 120 0 47 77.
17640 120 0 48 74.
17760 120 0 52 72.
17880 120 0 47 77.
18000 120 0 57 89.
18120 120 0 52 86.
18240 120 0 57 84.
18360 120 0 52 81.
18480 120 0 52 77.
18600 120 0 52 74.
18720 120 0 57 72.
18840 120 0 53 77.
18960 120 0 57 89.
19080 120 0 52 86.
19200 120 0 59 84.
19320 120 0 49 81.
19440 120 0 49 77.
19560 120 0 49 74.
19680 120 0 52 72.
19800 120 0 48 77.
19920 120 0 57 89.
20040 120 0 53 86.
20160 120 0 57 84.
20280 120 0 52 81.
20400 120 0 52 77.
20520 120 0 52 74.
20640 120 0 57 72.
20760 120 0 55 76.
20880 120 0 57 82.
21000 120 0 53 79.
21120 120 0 57 81.
21240 120 0 49 77.
21360 120 0 44 72.
21480 120 0 44 69.
21600 120 0 49 72.
21720 120 0 45 77.
21840 120 0 49 82.
21960 120 0 49 79.
22080 120 0 52 81.
22200 120 0 50 77.
22320 120 0 46 72.
22440 120 0 46 69.
22560 120 0 49 72.
22680 120 0 45 77.
22800 120 0 49 82.
22920 120 0 48 79.
23040 120 0 52 81.
23160 120 0 49 77.
23280 120 0 44 72.
23400 120 0 44 69.
23520 120 0 53 72.
23640 120 0 46 77.
23760 120 0 54 81.
23880 120 0 52 84.
24000 120 0 57 89.
24120 120 0 52 93.
24240 120 0 54 91.
24360 120 0 50 84.
24480 120 0 58 79.
24600 120 0 52 84.
24720 120 0 57 79.
24840 120 0 54 81.
24960 120 0 54 89.
25080 120 0 51 86.
25200 120 0 47 82.
25320 120 0 47 79.
25440 120 0 52 77.
25560 120 0 47 82.
25680 120 0 54 94.
25800 120 0 52 91.
25920 120 0 57 89.
26040 120 0 52 86.
26160 120 0 54 82.
26280 120 0 49 79.
26400 120 0 53 77.
26520 120 0 49 82.
26640 120 0 57 94.
26760 120 0 54 91.
26880 120 0 54 89.
27000 120 0 52 86.
27120 120 0 48 83.
27240 120 0 48 79.
27360 120 0 54 77.
27480 120 0 48 79.
27600 120 0 54 95.
27720 120 0 52 91.
27840 120 0 57 89.
27960 120 0 52 86.
28080 120 0 54 83.
28200 120 0 50 79.
28320 120 0 54 77.
28440 120 0 49 79.
28560 120 0 57 95.
1800 1080 0 34 41.
1920 960 0 49 57.
3840 480 0 53 36.
4200 60 0 37 47.
4260 60 0 37 48.
4800 960 0 41 48.
5760 240 0 53 41.
6480 240 0 46 55.
6720 240 0 54 41.
7440 240 0 45 55.
7680 240 0 53 41.
9540 1020 0 42 55.
11520 480 0 53 43.
11880 60 0 37 54.
11940 60 0 37 55.
12480 480 0 53 64.
13440 240 0 53 48.
14160 240 0 46 62.
14400 240 0 54 48.
15120 240 0 47 62.
15360 160 0 53 48.
17220 1020 0 42 60.
19200 480 0 53 48.
19560 60 0 37 59.
19620 60 0 37 60.
20160 480 0 53 69.
21120 240 0 53 53.
21840 240 0 46 67.
22080 240 0 54 53.
22800 240 0 47 67.
23040 160 0 53 53.
25120 160 0 23 65.

