2880 480 0 79 69.
3360 240 0 73 65.
3600 1440 0 70 62.
5040 240 0 72 65.
5280 360 0 77 69.
5640 120 0 78 74.
5760 1320 0 77 72.
7080 120 0 75 70.
7200 720 0 70 69.
8520 120 0 77 69.
8640 480 0 77 69.
9240 40 0 63 65.
9304 28 0 63 64.
9332 28 0 63 65.
9360 240 0 72 64.
9600 240 0 72 62.
10560 240 0 70 65.
10800 240 0 72 69.
11040 360 0 76 74.
11400 120 0 77 77.
11520 1320 0 79 76.
12840 120 0 79 74.
12960 360 0 79 69.
13320 60 0 57 69.
13380 60 0 57 71.
13440 60 0 58 72.
13500 60 0 58 71.
13560 60 0 59 72.
13620 60 0 59 71.
13680 60 0 60 72.
13740 60 0 60 71.
13800 60 0 61 72.
13860 60 0 61 71.
13920 60 0 62 72.
13980 60 0 62 71.
14040 60 0 63 72.
14100 60 0 63 71.
14160 60 0 63 72.
14220 60 0 63 71.
14280 60 0 64 69.
14340 60 0 64 71.
14400 720 0 79 72.
15120 480 0 78 70.
15600 240 0 73 69.
15840 60 0 60 67.
15900 60 0 61 69.
15960 60 0 61 67.
16020 60 0 62 69.
16080 60 0 63 67.
16140 60 0 63 69.
16200 60 0 63 67.
16260 60 0 64 69.
16320 60 0 64 67.
16380 60 0 65 69.
16440 60 0 66 65.
16500 60 0 67 67.
16560 480 0 78 69.
17160 120 0 78 65.
17280 1440 0 72 60.
18720 144 0 72 60.
18864 48 0 61 62.
18912 48 0 62 60.
18960 48 0 63 59.
19008 48 0 63 60.
19056 48 0 63 62.
19104 48 0 64 64.
19152 48 0 64 65.
19200 48 0 65 67.
19248 48 0 66 69.
19296 48 0 66 70.
19344 48 0 67 72.
19392 48 0 68 74.
19440 48 0 69 76.
19488 48 0 69 77.
19536 48 0 70 79.
19584 48 0 71 81.
19632 48 0 71 82.
19680 48 0 72 84.
19728 48 0 72 86.
19776 48 0 72 88.
19824 48 0 73 89.
19872 48 0 74 91.
19920 48 0 75 93.
19968 48 0 75 94.
20016 48 0 76 96.
20064 48 0 77 98.
20112 48 0 77 100.
20160 480 0 90 101.
21600 60 0 64 71.
21660 60 0 64 72.
21720 60 0 64 71.
21780 60 0 64 72.
21840 60 0 64 71.
21900 60 0 64 72.
21960 60 0 65 71.
22020 60 0 65 72.
22080 60 0 65 71.
22140 60 0 65 72.
22200 60 0 65 69.
22260 60 0 65 71.
22320 480 0 77 72.
22920 120 0 77 69.
23040 480 0 76 64.
23520 516 0 87 89.
24036 37 0 74 88.
24073 37 0 73 84.
24110 37 0 72 81.
24147 37 0 72 77.
24184 37 0 72 76.
24221 37 0 72 72.
24258 37 0 71 69.
24295 37 0 70 65.
24332 37 0 70 64.
24369 37 0 69 60.
24406 37 0 68 57.
24443 37 0 68 53.
24480 480 0 85 52.
24960 96 0 64 52.
25056 32 0 65 53.
25088 32 0 66 52.
25120 32 0 67 51.
25152 32 0 67 52.
25184 32 0 68 54.
25216 32 0 68 56.
25248 32 0 68 57.
25280 32 0 69 59.
25312 32 0 69 60.
25344 32 0 70 62.
25376 32 0 70 64.
25408 32 0 71 66.
25440 32 0 71 68.
25472 32 0 72 69.
25504 32 0 72 71.
25536 32 0 72 72.
25568 32 0 72 74.
25600 32 0 73 76.
25632 32 0 74 78.
25664 32 0 74 80.
25696 32 0 75 81.
25728 32 0 75 83.
25760 32 0 76 84.
25792 32 0 76 86.
25824 32 0 77 88.
25856 32 0 77 90.
25888 32 0 78 92.
25920 480 0 85 93.
28800 480 0 77 64.
29280 240 0 70 60.
29520 1440 0 67 57.
30960 240 0 72 60.
31200 360 0 77 64.
31560 120 0 78 69.
31680 1320 0 77 67.
33000 120 0 75 65.
33120 720 0 70 64.
34440 120 0 77 64.
34560 480 0 77 64.
35160 40 0 63 60.
35224 28 0 63 59.
35252 28 0 63 60.
35280 240 0 72 59.
35520 240 0 72 57.
36480 240 0 70 60.
36720 240 0 72 64.
36960 360 0 76 69.
37320 120 0 77 72.
37440 1320 0 79 71.
38760 120 0 79 69.
38880 360 0 79 64.
39240 60 0 57 64.
39300 60 0 57 66.
39360 60 0 58 67.
39420 60 0 58 66.
39480 60 0 59 67.
39540 60 0 59 66.
39600 60 0 60 67.
39660 60 0 60 66.
39720 60 0 61 67.
39780 60 0 61 66.
39840 60 0 62 67.
39900 60 0 62 66.
39960 60 0 63 67.
40020 60 0 63 66.
40080 60 0 63 67.
40140 60 0 63 66.
40200 60 0 64 64.
40260 60 0 64 66.
40320 720 0 79 67.
41040 480 0 78 65.
41520 240 0 77 64.
41760 60 0 60 62.
41820 60 0 61 64.
41880 60 0 61 62.
41940 60 0 62 64.
42000 60 0 63 62.
42060 60 0 63 64.
42120 60 0 63 62.
42180 60 0 64 64.
42240 60 0 64 62.
42300 60 0 65 64.
42360 60 0 66 60.
42420 60 0 67 62.
42480 480 0 78 64.
43080 120 0 78 60.
43200 1440 0 72 55.
44640 144 0 72 55.
44784 48 0 61 57.
44832 48 0 62 55.
44880 48 0 63 54.
44928 48 0 63 55.
44976 48 0 63 57.
45024 48 0 64 59.
45072 48 0 64 60.
45120 48 0 65 62.
45168 48 0 66 64.
45216 48 0 66 65.
45264 48 0 67 67.
45312 48 0 68 69.
45360 48 0 69 71.
45408 48 0 69 72.
45456 48 0 70 74.
45504 48 0 71 76.
45552 48 0 71 77.
45600 48 0 72 79.
45648 48 0 72 81.
45696 48 0 72 83.
45744 48 0 73 84.
45792 48 0 74 86.
45840 48 0 75 88.
45888 48 0 75 89.
45936 48 0 76 91.
45984 48 0 77 93.
46032 48 0 77 95.
46080 480 0 90 96.
47520 60 0 64 66.
47580 60 0 64 67.
47640 60 0 64 66.
47700 60 0 64 67.
47760 60 0 64 66.
47820 60 0 64 67.
47880 60 0 65 66.
47940 60 0 65 67.
48000 60 0 65 66.
48060 60 0 65 67.
48120 60 0 65 64.
48180 60 0 65 66.
48240 480 0 77 67.
48840 120 0 77 64.
48960 480 0 76 59.
49440 288 0 87 84.
49728 56 0 74 83.
49784 56 0 73 79.
49840 56 0 72 76.
49896 56 0 72 72.
49952 56 0 72 71.
50008 56 0 72 67.
50064 56 0 71 64.
50120 56 0 70 60.
50176 56 0 70 59.
50232 56 0 69 55.
50288 56 0 68 52.
50344 56 0 68 48.
50400 792 0 90 47.
51192 36 0 60 48.
51228 36 0 62 51.
51264 36 0 63 54.
51300 36 0 63 57.
51336 36 0 64 60.
51372 36 0 65 63.
51408 36 0 67 66.
51444 36 0 68 69.
51480 36 0 69 72.
51516 36 0 71 75.
51552 36 0 72 78.
51588 36 0 72 81.
51624 36 0 73 84.
51660 36 0 75 87.
51696 36 0 76 90.
51732 36 0 77 93.
51768 36 0 78 96.
51804 36 0 79 99.
51840 480 0 90 100.
52560 1200 0 79 67.
53760 160 0 78 67.
53920 40 0 72 67.
53960 40 0 72 70.
54000 480 0 80 68.
54600 120 0 78 67.
54720 480 0 77 67.
55200 240 0 80 63.
55440 1440 0 78 60.
56880 240 0 76 63.
57120 360 0 78 67.
57480 120 0 81 72.
57600 480 0 81 70.
58080 240 0 79 68.
58320 996 0 79 63.
59640 120 0 78 68.
59760 720 0 74 68.
60480 480 0 84 68.
60960 240 0 82 65.
61200 1200 0 82 61.
62400 240 0 77 65.
62640 240 0 79 68.
62880 360 0 81 73.
63240 120 0 82 77.
63360 480 0 79 75.
63840 240 0 77 73.
64080 720 0 72 68.
65280 240 0 54 65.
65520 240 0 56 68.
65760 360 0 58 73.
66120 120 0 61 77.
66240 480 0 60 75.
66720 240 0 59 73.
66960 960 0 52 69.
67920 240 0 60 69.
68160 240 0 58 69.
68400 240 0 62 69.
68640 240 0 55 65.
69000 120 0 62 67.
69120 1680 0 62 69.
70800 240 0 62 69.
71040 240 0 64 81.
71280 180 0 67 69.
71460 60 0 60 84.
71520 360 0 66 82.
71880 120 0 72 69.
72000 480 0 68 69.
72480 240 0 66 65.
72720 1160 0 66 74.
73920 240 0 70 65.
74160 240 0 72 81.
74400 360 0 75 86.
74760 120 0 79 89.
74880 480 0 81 88.
75360 240 0 76 86.
75600 240 0 80 67.
75840 360 0 83 86.
76200 120 0 84 89.
76320 480 0 84 76.
76800 240 0 82 86.
77040 240 0 78 80.
77280 240 0 81 74.
77520 240 0 83 89.
77760 80 0 72 98.
77840 80 0 72 100.
77920 80 0 72 96.
78000 80 0 71 98.
78080 80 0 71 97.
78160 80 0 71 93.
78240 80 0 70 95.
78320 80 0 70 91.
78400 80 0 70 93.
78480 80 0 69 92.
78560 80 0 69 88.
78640 80 0 69 87.
78720 80 0 68 89.
78800 80 0 68 85.
78880 80 0 68 84.
78960 80 0 67 83.
79040 80 0 67 85.
79120 80 0 67 84.
79200 80 0 66 80.
79280 80 0 66 82.
79360 80 0 66 78.
79440 80 0 65 80.
79520 80 0 65 79.
79600 80 0 65 75.
79680 80 0 64 77.
79760 80 0 64 73.
0 120 0 92 38.
120 480 0 56 45.
720 120 0 75 38.
840 480 0 53 45.
1440 120 0 63 38.
1560 480 0 51 45.
2160 120 0 61 38.
2280 480 0 52 45.
2880 120 0 55 38.
3000 480 0 48 45.
3600 120 0 54 38.
3840 120 0 45 53.
3960 120 0 38 38.
4080 240 0 53 57.
4560 120 0 46 53.
4680 120 0 40 38.
4800 240 0 53 57.
5280 120 0 47 53.
5400 120 0 42 38.
5520 240 0 56 57.
6000 120 0 49 53.
6120 120 0 44 38.
6240 240 0 54 57.
6720 120 0 49 53.
6840 120 0 43 38.
6960 240 0 54 57.
7200 120 0 54 38.
7440 120 0 48 53.
7560 120 0 43 38.
7680 240 0 51 57.
8160 120 0 48 53.
8280 120 0 42 38.
8400 240 0 51 57.
8640 120 0 57 38.
8880 120 0 47 53.
9000 120 0 42 38.
9120 240 0 54 57.
9600 120 0 45 53.
10080 120 0 55 38.
10200 480 0 45 45.
10800 120 0 54 38.
10920 480 0 46 45.
11520 120 0 55 38.
11760 120 0 47 53.
11880 120 0 41 38.
12000 240 0 53 57.
12480 120 0 46 53.
12600 120 0 43 38.
12720 240 0 53 57.
12960 120 0 55 38.
13200 120 0 47 53.
13320 120 0 44 38.
13440 240 0 53 57.
13920 120 0 47 53.
14040 120 0 42 38.
14160 240 0 53 55.
14640 120 0 48 53.
14760 120 0 44 36.
14880 240 0 56 57.
15360 120 0 49 53.
15480 120 0 45 36.
15600 240 0 55 57.
15840 120 0 59 36.
17280 120 0 63 36.
17400 120 0 50 46.
17520 120 0 50 53.
17640 120 0 45 36.
17760 240 0 63 55.
18000 120 0 63 36.
18120 120 0 48 46.
18240 120 0 48 53.
18360 120 0 42 36.
18480 240 0 63 55.
18720 120 0 61 36.
20160 120 0 64 41.
21600 120 0 64 41.
23040 120 0 64 40.
24480 120 0 64 40.
25920 120 0 67 33.
29520 120 0 54 33.
37440 120 0 55 33.
41760 120 0 59 31.
43200 120 0 60 31.
44640 120 0 61 31.
46080 120 0 64 36.
48960 120 0 64 35.
50400 120 0 64 35.
51840 120 0 64 40.
53280 120 0 61 39.
54720 120 0 64 36.
57600 120 0 63 36.
59760 120 0 64 36.
60480 120 0 64 37.
66240 120 0 43 37.

