1 479 0 35 66.
1 239 0 44 71.
240 240 0 40 71.
480 480 0 35 66.
960 240 0 44 71.
1440 480 0 35 62.
1440 480 0 35 66.
1680 240 0 42 71.
1920 480 0 35 62.
1920 240 0 44 71.
2160 240 0 41 71.
2400 480 0 34 66.
2400 240 0 42 71.
2640 240 0 40 71.
2880 480 0 35 66.
2880 240 0 44 71.
3120 240 0 44 71.
3360 240 0 46 74.
3840 480 0 36 71.
4320 240 0 44 74.
4320 480 0 35 71.
4560 240 0 44 74.
4800 480 0 35 71.
4800 240 0 44 74.
5040 240 0 39 74.
5280 480 0 33 71.
5280 240 0 41 74.
5520 240 0 40 74.
5760 480 0 35 71.
5760 240 0 44 74.
6000 240 0 46 74.
6240 240 0 50 74.
6720 480 0 39 71.
7200 480 0 38 68.
7200 480 0 38 71.
7440 240 0 41 74.
7680 480 0 36 68.
7680 480 0 36 71.
7920 240 0 39 73.
8160 240 0 39 70.
8160 480 0 37 67.
8400 240 0 45 71.
8640 720 0 59 76.
8640 240 0 50 70.
8880 240 0 50 71.
9120 240 0 51 70.
9360 240 0 57 73.
9360 240 0 68 78.
9600 240 0 52 66.
9600 240 0 52 71.
9720 80 0 57 74.
9810 30 0 53 74.
9840 120 0 63 73.
10080 240 0 50 61.
10080 240 0 60 70.
10320 240 0 52 68.
10320 240 0 52 62.
10560 240 0 56 71.
10560 240 0 67 74.
10800 240 0 50 61.
10800 240 0 50 70.
11520 480 0 35 66.
11520 240 0 44 71.
11760 240 0 40 71.
12000 240 0 44 71.
12480 240 0 44 71.
12960 480 0 35 66.
12960 240 0 44 71.
13200 240 0 42 71.
13440 480 0 35 66.
13440 240 0 44 71.
13680 240 0 41 71.
13920 480 0 34 66.
13920 240 0 42 71.
14160 240 0 40 71.
14400 480 0 41 67.
14400 240 0 52 71.
14640 240 0 52 71.
14880 240 0 55 71.
15360 240 0 60 71.
15840 480 0 49 67.
16320 480 0 49 67.
16320 240 0 62 72.
16560 240 0 55 72.
16800 480 0 46 67.
16800 240 0 58 72.
17040 240 0 57 72.
17280 480 0 45 64.
17280 480 0 45 67.
17520 240 0 57 72.
17760 240 0 60 72.
18240 240 0 57 72.
18240 480 0 45 67.
18480 240 0 57 72.
18720 480 0 46 67.
19200 480 0 40 67.
19680 240 0 48 71.
20160 480 0 36 67.
20160 480 0 36 61.
20400 240 0 44 70.
20640 240 0 46 70.
20640 480 0 36 66.
20880 240 0 46 70.
21120 480 0 36 66.
21120 240 0 46 71.
21360 240 0 40 71.
21600 240 0 46 71.
21600 480 0 36 67.
21840 240 0 44 71.
22080 240 0 46 70.
22080 480 0 36 67.
22320 240 0 46 70.
22560 480 0 33 62.
22560 240 0 46 71.
22800 240 0 40 71.
23040 480 0 33 62.
1 119 0 48 47.
120 120 0 41 50.
240 120 0 46 54.
360 120 0 52 59.
480 480 0 58 62.
960 360 0 57 61.
1440 720 0 56 59.
2880 120 0 48 47.
4320 720 0 56 62.
5760 120 0 57 43.
7200 480 0 62 66.
8640 200 0 62 61.
10080 240 0 61 52.
11520 120 0 48 47.
11640 120 0 41 50.
11760 120 0 46 54.
11880 120 0 52 59.
12000 480 0 58 62.
12480 360 0 57 61.
12960 720 0 56 59.
14400 120 0 64 43.
15840 720 0 71 64.
17280 120 0 72 36.
18240 120 0 74 36.
20160 720 0 61 52.

