1 120 0 70 63.
120 60 0 59 64.
240 180 0 59 59.
480 180 0 59 59.
480 120 0 70 65.
600 60 0 59 66.
720 180 0 59 59.
720 120 0 70 66.
840 60 0 59 67.
960 180 0 59 59.
960 120 0 70 67.
1080 60 0 59 68.
1200 180 0 59 59.
1200 120 0 70 68.
1320 60 0 59 69.
1440 180 0 60 63.
1680 180 0 61 63.
1920 180 0 62 63.
1920 120 0 74 71.
2040 60 0 63 72.
2160 180 0 64 68.
2160 120 0 76 72.
2280 60 0 65 73.
2400 180 0 65 63.
2400 120 0 77 73.
2520 60 0 66 74.
2640 180 0 66 63.
2640 120 0 79 74.
2760 60 0 68 75.
2880 180 0 68 63.
2880 120 0 81 75.
3000 60 0 77 76.
3120 180 0 69 70.
3360 180 0 70 63.
3360 120 0 84 75.
3480 60 0 84 73.
3600 180 0 69 63.
3600 120 0 82 73.
3720 60 0 79 71.
3840 180 0 70 63.
3840 120 0 83 71.
3960 60 0 79 73.
4080 180 0 72 63.
4080 120 0 85 73.
4200 60 0 86 75.
4320 180 0 73 64.
4320 120 0 87 75.
4440 60 0 86 73.
4560 180 0 71 64.
4560 120 0 84 73.
4680 60 0 83 71.
4800 180 0 68 61.
4800 120 0 81 71.
4920 60 0 80 70.
5040 240 0 84 61.
5280 120 0 77 71.
5520 120 0 73 70.
5760 180 0 59 59.
6000 180 0 59 59.
6240 180 0 59 59.
6240 120 0 70 65.
6360 60 0 59 66.
6480 180 0 59 59.
6480 120 0 70 66.
6600 60 0 59 67.
6720 180 0 59 59.
6720 120 0 70 67.
6840 60 0 59 68.
6960 180 0 59 59.
6960 120 0 70 68.
7080 60 0 59 69.
7200 180 0 60 59.
7200 120 0 71 69.
7320 60 0 61 70.
7440 180 0 61 59.
7440 120 0 72 70.
7560 60 0 62 71.
7680 180 0 62 59.
7680 120 0 74 71.
7800 60 0 64 72.
7920 180 0 65 65.
8160 180 0 66 65.
8400 180 0 68 65.
8520 60 0 76 74.
8640 180 0 76 66.
8640 120 0 90 75.
8760 60 0 85 76.
8880 180 0 75 66.
8880 120 0 89 76.
9000 60 0 87 75.
9120 180 0 76 66.
9120 120 0 90 75.
9240 60 0 88 78.
9360 180 0 76 66.
9360 120 0 90 78.
9480 60 0 85 73.
9600 180 0 75 66.
9600 120 0 89 73.
9720 60 0 87 75.
9840 180 0 76 66.
9840 120 0 90 75.
9960 60 0 88 76.
10080 180 0 68 66.
10080 120 0 81 76.
10200 60 0 75 75.
10320 180 0 66 66.
10320 120 0 78 75.
10440 60 0 75 80.
10560 180 0 64 66.
10800 180 0 63 66.
10800 120 0 74 78.
10920 60 0 69 73.
11040 180 0 60 64.
11040 120 0 71 73.
11160 60 0 68 75.
11280 180 0 59 64.
11280 120 0 70 75.
11400 60 0 67 76.
11520 180 0 60 63.
11520 120 0 72 76.
11640 60 0 68 75.
11760 180 0 61 63.
12000 180 0 64 64.
12240 180 0 66 63.
12480 180 0 67 63.
12720 180 0 69 64.
12960 180 0 72 63.
13200 180 0 72 64.
13440 180 0 76 63.
13680 180 0 77 64.
13920 180 0 78 62.
14160 180 0 81 64.
14400 1440 0 92 71.
14400 120 0 92 67.
14520 120 0 87 66.
14640 120 0 92 66.
14760 120 0 85 64.
14880 240 0 92 66.
15120 120 0 87 67.
15240 120 0 82 66.
15360 120 0 87 66.
15480 120 0 80 64.
15600 240 0 87 66.
15840 120 0 61 62.
15840 120 0 72 71.
15960 60 0 72 72.
16080 180 0 61 68.
16080 120 0 72 72.
16200 60 0 72 71.
16320 180 0 61 68.
16320 120 0 72 71.
16440 60 0 72 72.
16560 720 0 87 69.
16560 120 0 87 65.
16680 120 0 82 64.
16800 120 0 87 64.
16920 120 0 80 62.
17040 240 0 87 64.
17280 1440 0 84 69.
17280 120 0 82 65.
17400 120 0 77 64.
17520 120 0 82 64.
17640 120 0 76 62.
17760 240 0 82 64.
18000 120 0 82 65.
18120 120 0 77 64.
18240 120 0 82 64.
18360 120 0 76 62.
18480 240 0 82 64.
18720 120 0 61 60.
18720 120 0 72 69.
18840 60 0 72 71.
18960 180 0 61 66.
18960 120 0 72 71.
19080 60 0 72 69.
19200 180 0 61 66.
19200 120 0 72 69.
19320 60 0 72 71.
19440 720 0 78 67.
19440 120 0 78 64.
19560 120 0 73 62.
19680 120 0 78 62.
19800 120 0 72 60.
19920 240 0 78 62.
20160 180 0 47 64.
20400 180 0 48 64.
20640 180 0 50 64.
20880 180 0 53 64.
21120 180 0 54 64.
21120 120 0 65 74.
21240 60 0 66 76.
21360 180 0 56 64.
21360 120 0 67 76.
21480 60 0 57 63.
21600 180 0 47 64.
21840 180 0 48 64.
22080 180 0 50 64.
22320 180 0 53 64.
22560 180 0 54 64.
22560 120 0 65 74.
22680 60 0 66 76.
22800 180 0 56 69.
22920 60 0 68 75.
23040 120 0 56 67.
23040 120 0 67 79.
23280 180 0 56 69.
23280 120 0 67 79.
23400 60 0 64 78.
23520 180 0 56 67.
23520 120 0 67 78.
23640 60 0 65 79.
23760 180 0 58 69.
23760 120 0 70 79.
23880 60 0 69 78.
24000 180 0 62 67.
24000 120 0 74 78.
24120 60 0 72 79.
24240 120 0 64 67.
24240 120 0 64 76.
24360 60 0 62 77.
24360 60 0 62 68.
24480 120 0 64 68.
24480 120 0 64 77.
24600 60 0 62 78.
24600 60 0 62 69.
24720 120 0 65 69.
24720 120 0 65 78.
24840 60 0 63 77.
24840 60 0 63 68.
24960 120 0 67 68.
24960 120 0 67 77.
25080 60 0 65 78.
25080 60 0 65 69.
25200 120 0 68 69.
25200 120 0 68 78.
25320 60 0 66 77.
25320 60 0 66 68.
25440 120 0 70 68.
25440 120 0 70 77.
25560 60 0 68 78.
25560 60 0 68 69.
25680 120 0 71 69.
25680 120 0 71 78.
25800 60 0 82 82.
25920 240 0 73 70.
25920 240 0 88 82.
26160 180 0 70 70.
26160 120 0 70 78.
26280 60 0 65 77.
26400 180 0 63 70.
26400 120 0 63 77.
26520 60 0 58 75.
26640 240 0 73 77.
26640 240 0 73 80.
26880 120 0 70 77.
26880 180 0 83 82.
27000 60 0 77 78.
27120 180 0 63 70.
27120 120 0 63 75.
27240 60 0 58 74.
27360 120 0 65 75.
27360 120 0 65 78.
27600 120 0 63 70.
27720 60 0 68 77.
27840 120 0 54 68.
27960 60 0 49 67.
28080 120 0 61 67.
28320 120 0 57 67.
28560 180 0 58 71.
28560 180 0 58 67.
28680 60 0 45 63.
28800 180 0 59 59.
29040 180 0 59 59.
29280 180 0 59 59.
29280 120 0 70 65.
29400 60 0 59 66.
29520 180 0 59 59.
29520 120 0 70 66.
29640 60 0 59 67.
29760 180 0 59 59.
29760 120 0 70 67.
29880 60 0 59 68.
30000 180 0 59 59.
30000 120 0 70 68.
30120 60 0 59 69.
30240 180 0 60 63.
30480 180 0 61 63.
30720 180 0 62 63.
30720 120 0 74 71.
30840 60 0 63 72.
30960 180 0 64 68.
1 179 0 66 56.
1 179 0 56 44.
240 60 0 41 32.
480 60 0 41 39.
720 180 0 49 51.
720 180 0 59 56.
960 60 0 49 44.
1200 60 0 41 39.
1440 180 0 59 59.
1440 180 0 49 56.
1680 60 0 51 44.
1920 60 0 44 39.
2160 180 0 63 59.
2160 180 0 53 56.
2400 60 0 54 44.
2640 60 0 55 51.
2880 60 0 47 51.
3120 60 0 48 43.
3120 60 0 57 51.
3360 60 0 50 51.
3600 60 0 47 44.
3840 60 0 57 59.
4080 60 0 50 44.
4320 60 0 60 56.
4560 60 0 49 37.
4800 60 0 47 49.
5040 60 0 45 51.
5280 60 0 45 39.
5520 60 0 43 51.
5760 180 0 49 44.
5760 180 0 59 56.
6000 60 0 49 44.
6240 60 0 41 39.
6480 180 0 49 44.
6480 180 0 59 56.
6720 60 0 41 32.
6960 60 0 41 39.
7200 180 0 49 43.
7200 180 0 59 55.
7440 60 0 43 31.
7680 60 0 44 40.
7920 180 0 55 55.
7920 180 0 64 59.
8160 60 0 55 43.
8400 60 0 48 43.
8640 60 0 61 54.
8880 60 0 50 54.
9120 60 0 61 54.
9120 60 0 51 42.
9360 60 0 51 54.
9600 60 0 50 42.
9600 60 0 60 54.
9840 60 0 51 54.
10080 60 0 45 42.
10320 60 0 44 54.
10560 60 0 43 42.
10800 60 0 50 64.
10800 60 0 42 54.
11040 60 0 40 42.
11280 60 0 47 61.
11520 60 0 40 47.
11760 60 0 40 47.
11760 60 0 48 59.
12000 60 0 43 47.
12240 60 0 53 59.
12240 60 0 45 54.
12480 60 0 45 54.
12720 60 0 46 47.
12960 60 0 48 47.
13200 60 0 48 52.
13200 60 0 57 59.
13440 60 0 51 47.
13440 60 0 61 59.
13680 60 0 52 52.
13920 60 0 63 59.
13920 60 0 53 54.
14160 60 0 54 52.
14160 60 0 64 59.
14400 240 0 60 47.
14400 240 0 72 59.
14640 60 0 66 47.
14880 480 0 56 47.
15120 240 0 57 54.
15360 60 0 62 47.
15600 240 0 62 54.
15840 120 0 54 52.
16080 120 0 54 40.
16320 120 0 64 59.
16560 240 0 57 45.
16560 240 0 68 57.
16800 60 0 62 45.
17040 240 0 62 52.
17280 240 0 54 52.
17520 60 0 50 33.
17760 240 0 58 52.
18000 240 0 54 52.
18240 60 0 58 45.
18480 120 0 50 45.
18720 120 0 64 57.
18720 120 0 54 50.
18960 120 0 54 38.
19200 120 0 64 57.
19200 120 0 54 50.
19440 240 0 51 43.
19440 240 0 61 55.
19680 60 0 55 43.
19920 120 0 47 43.
20160 60 0 40 48.
20400 60 0 45 60.
20400 60 0 38 55.
20640 60 0 39 48.
20640 60 0 47 60.
20880 60 0 45 48.
20880 60 0 54 60.
21120 60 0 42 48.
21360 60 0 52 59.
21360 60 0 44 54.
21600 60 0 40 52.
21840 60 0 38 55.
21840 60 0 38 48.
22080 60 0 47 60.
22080 60 0 39 55.
22320 60 0 45 48.
22320 60 0 54 60.
22560 60 0 42 48.
22800 60 0 52 59.
23040 120 0 51 59.
23280 180 0 49 59.
23520 180 0 41 52.
23760 180 0 43 47.
23760 180 0 51 59.
24000 180 0 45 52.
24240 180 0 56 59.
24480 180 0 56 59.
24720 180 0 47 59.
24720 180 0 47 53.
24960 180 0 49 59.
25200 180 0 50 59.
25440 180 0 61 63.
25680 180 0 52 35.
25920 240 0 56 34.
26160 180 0 49 54.
26160 180 0 58 63.
26400 180 0 52 66.
26640 240 0 66 58.
26880 180 0 49 53.
27120 180 0 44 58.
27120 180 0 44 65.
27360 120 0 59 51.
27600 600 0 44 51.
28320 180 0 40 39.
28560 240 0 38 51.
28800 180 0 45 44.
29040 60 0 49 44.
29280 60 0 41 39.
29520 180 0 59 56.
29520 180 0 49 51.
29760 60 0 49 44.
30000 60 0 49 51.
30240 180 0 49 51.
30240 180 0 59 59.
30480 60 0 51 44.

