60 60 0 53 73.
120 60 0 61 68.
180 60 0 51 71.
240 60 0 55 69.
300 60 0 46 66.
420 60 0 48 74.
540 60 0 50 73.
600 60 0 63 68.
660 60 0 53 71.
720 60 0 57 69.
780 60 0 44 68.
900 60 0 53 78.
1020 60 0 53 78.
1080 60 0 64 70.
1140 60 0 52 73.
1200 60 0 58 71.
1260 60 0 46 68.
1380 60 0 50 77.
1500 60 0 45 81.
1560 60 0 60 72.
1620 60 0 45 74.
1680 60 0 52 73.
1740 60 0 44 71.
1860 60 0 48 80.
1980 60 0 56 73.
2040 60 0 65 68.
2100 60 0 44 71.
2160 60 0 56 69.
2220 60 0 45 66.
2340 60 0 48 74.
2460 60 0 53 73.
2520 60 0 65 68.
2580 60 0 52 71.
2640 60 0 59 69.
2700 60 0 52 68.
2820 60 0 52 78.
2940 60 0 60 78.
3000 60 0 69 70.
3060 60 0 48 73.
3120 60 0 62 71.
3180 60 0 46 68.
3300 60 0 55 77.
3420 60 0 55 81.
3480 60 0 65 72.
3540 60 0 53 74.
3600 60 0 60 73.
3660 60 0 46 71.
3780 60 0 52 80.
3900 60 0 55 85.
3960 60 0 63 80.
4020 60 0 53 83.
4080 60 0 62 81.
4140 60 0 53 78.
4260 60 0 57 87.
4380 60 0 51 85.
4440 60 0 60 77.
4500 60 0 52 80.
4560 60 0 59 78.
4620 60 0 48 74.
4740 60 0 55 84.
4860 60 0 46 83.
4920 60 0 60 78.
4980 60 0 47 81.
5040 60 0 56 79.
5100 60 0 47 76.
5220 60 0 55 85.
5340 60 0 45 83.
5400 60 0 51 75.
5460 60 0 45 78.
5520 60 0 52 76.
5580 60 0 47 73.
5700 60 0 50 82.
5820 60 0 51 81.
5880 60 0 60 74.
5940 60 0 44 77.
6000 60 0 51 75.
6060 60 0 44 72.
6180 60 0 48 83.
6300 60 0 45 81.
6360 60 0 50 73.
6420 60 0 42 76.
6480 60 0 48 74.
6540 60 0 42 71.
6660 60 0 47 80.
6780 60 0 42 78.
6840 60 0 48 70.
6900 60 0 42 73.
6960 60 0 47 71.
7020 60 0 38 68.
7140 60 0 45 77.
7260 60 0 37 74.
7320 60 0 47 67.
7380 60 0 37 69.
7440 60 0 46 68.
7500 60 0 36 65.
7620 60 0 42 73.
7740 60 0 54 73.
7800 60 0 62 68.
7860 60 0 46 71.
7920 60 0 53 69.
7980 60 0 37 66.
8100 60 0 40 74.
8220 60 0 46 73.
8280 60 0 57 68.
8340 60 0 38 71.
8400 60 0 47 69.
8460 60 0 38 68.
8580 60 0 46 78.
8700 60 0 55 78.
8760 60 0 64 70.
8820 60 0 44 73.
8880 60 0 51 71.
8940 60 0 42 68.
9060 60 0 48 77.
9180 60 0 49 81.
9240 60 0 56 72.
9300 60 0 44 74.
9360 60 0 48 73.
9420 60 0 38 71.
9540 60 0 45 80.
9660 60 0 52 73.
9720 60 0 59 68.
9780 60 0 37 71.
9840 60 0 53 69.
9900 60 0 40 66.
10020 60 0 45 74.
10140 60 0 42 73.
10200 60 0 48 68.
10260 60 0 42 71.
10320 60 0 48 69.
10380 60 0 42 68.
10500 60 0 48 81.
10620 60 0 50 81.
10680 60 0 59 73.
10740 60 0 46 76.
10800 60 0 51 74.
10860 60 0 42 71.
10980 60 0 48 80.
11100 60 0 46 85.
11160 60 0 55 75.
11220 60 0 47 78.
11280 60 0 55 76.
11340 60 0 47 74.
11460 60 0 51 83.
11580 60 0 56 88.
11640 60 0 62 83.
11700 60 0 47 86.
11760 60 0 55 84.
11820 60 0 47 81.
11940 60 0 51 90.
12060 60 0 51 88.
12120 60 0 57 80.
12180 60 0 44 83.
12240 60 0 52 81.
12300 60 0 46 78.
12420 60 0 50 87.
12540 60 0 44 86.
12600 60 0 53 79.
12660 60 0 48 82.
12720 60 0 50 80.
12780 60 0 47 77.
12900 60 0 47 88.
13020 60 0 42 86.
13080 60 0 47 78.
13140 60 0 42 81.
13200 60 0 47 79.
13260 60 0 40 76.
13380 60 0 45 85.
13500 60 0 44 84.
13560 60 0 52 77.
13620 60 0 42 80.
13680 60 0 48 78.
13740 60 0 40 75.
13860 60 0 40 86.
13920 60 0 48 72.
13980 60 0 42 84.
14040 60 0 47 76.
14100 60 0 40 79.
14160 60 0 47 77.
14220 60 0 40 74.
14280 60 0 47 71.
14340 60 0 40 83.
14460 60 0 37 83.
14520 60 0 46 75.
14580 60 0 36 78.
14640 60 0 45 76.
14700 60 0 37 73.
14820 60 0 42 82.
14940 60 0 37 82.
15000 60 0 44 75.
15060 60 0 37 78.
15120 60 0 44 76.
15180 60 0 37 73.
15300 60 0 42 82.
15420 60 0 54 83.
15480 60 0 59 76.
15540 60 0 38 79.
15600 60 0 54 77.
15660 60 0 44 74.
15780 60 0 44 81.
15900 60 0 46 81.
15960 60 0 56 73.
16020 60 0 37 76.
16080 60 0 50 74.
16140 60 0 44 71.
16260 60 0 44 80.
16380 60 0 38 80.
16440 60 0 50 73.
16500 60 0 38 75.
16560 60 0 45 74.
16620 60 0 40 71.
16740 60 0 46 79.
16860 60 0 42 79.
16920 60 0 46 74.
16980 60 0 42 76.
17040 60 0 47 75.
17100 60 0 46 74.
17220 60 0 46 84.
17340 60 0 53 84.
17400 60 0 61 78.
17460 60 0 42 80.
17520 60 0 48 79.
17580 60 0 44 75.
17700 60 0 48 83.
17820 60 0 51 83.
17880 60 0 62 75.
17940 60 0 45 78.
18000 60 0 52 76.
18060 60 0 45 73.
18180 60 0 50 82.
18300 60 0 46 82.
18360 60 0 55 75.
18420 60 0 48 77.
18480 60 0 55 76.
18540 60 0 47 73.
18660 60 0 51 81.
18780 60 0 47 81.
18840 60 0 59 76.
18900 60 0 50 79.
18960 60 0 56 77.
19020 60 0 48 76.
19140 60 0 52 86.
19260 60 0 58 86.
19320 60 0 68 76.
19380 60 0 47 79.
19440 60 0 56 77.
19500 60 0 47 75.
19620 60 0 55 84.
19740 60 0 55 84.
19800 60 0 66 76.
19860 60 0 50 79.
19920 60 0 56 77.
19980 60 0 47 74.
20100 60 0 55 82.
20220 60 0 50 82.
20280 60 0 60 73.
20340 60 0 48 75.
20400 60 0 57 74.
20460 60 0 46 72.
20580 60 0 55 81.
20700 60 0 50 81.
20760 60 0 59 73.
20820 60 0 50 75.
20880 60 0 60 74.
20940 60 0 50 71.
21060 60 0 57 79.
21180 60 0 51 79.
21240 60 0 68 69.
21300 60 0 51 72.
21360 60 0 60 70.
21420 60 0 51 68.
21540 60 0 59 77.
21660 60 0 50 76.
21720 60 0 67 69.
21780 60 0 52 72.
21840 60 0 61 70.
21900 60 0 52 68.
22020 60 0 60 77.
22140 60 0 55 77.
22200 60 0 62 69.
22260 60 0 52 71.
22320 60 0 63 70.
22380 60 0 52 68.
22500 60 0 61 77.
22620 60 0 56 78.
22680 60 0 64 74.
22740 60 0 57 77.
22800 60 0 64 75.
22860 60 0 55 70.
22980 60 0 62 78.
23100 60 0 62 78.
23160 60 0 79 67.
23220 60 0 66 70.
23280 60 0 73 68.
23340 60 0 71 66.
23460 60 0 64 76.
23580 60 0 59 76.
23640 60 0 66 67.
23700 60 0 61 70.
23760 60 0 70 68.
23820 60 0 62 64.
23940 60 0 64 68.
24060 60 0 61 71.
24120 60 0 66 65.
24180 60 0 63 68.
24240 60 0 71 66.
24300 60 0 62 63.
24420 60 0 66 71.
24540 60 0 62 70.
24600 60 0 69 64.
24660 60 0 61 68.
24720 60 0 71 66.
24780 60 0 63 63.
24900 60 0 69 71.
25020 60 0 66 72.
25080 60 0 73 65.
25140 60 0 70 68.
25200 60 0 78 66.
25260 60 0 77 64.
25380 60 0 70 72.
25500 60 0 64 73.
25560 60 0 73 65.
25620 60 0 64 68.
25680 60 0 72 66.
25740 60 0 63 64.
25860 60 0 71 74.
25980 60 0 69 74.
26040 60 0 77 65.
26100 60 0 71 68.
26160 60 0 77 66.
26220 60 0 69 64.
26340 60 0 72 74.
26460 60 0 69 75.
26520 60 0 77 70.
26580 60 0 71 73.
26640 60 0 77 71.
26700 60 0 72 66.
26820 60 0 73 75.
26940 60 0 66 75.
27000 60 0 73 68.
27060 60 0 70 73.
27120 60 0 77 71.
27180 60 0 66 68.
27300 60 0 70 75.
27420 60 0 66 74.
27480 60 0 75 68.
27540 60 0 71 73.
27600 60 0 77 71.
27660 60 0 71 68.
27780 60 0 72 75.
27900 60 0 72 77.
27960 60 0 80 70.
28020 60 0 70 75.
28080 60 0 77 74.
28140 60 0 71 70.
28260 60 0 75 77.
28380 60 0 69 78.
28440 60 0 73 70.
28500 60 0 66 75.
28560 60 0 72 74.
28620 60 0 66 70.
28740 60 0 71 77.
28860 60 0 71 75.
28920 60 0 80 68.
28980 60 0 64 73.
29040 60 0 71 71.
29100 60 0 63 68.
29220 60 0 70 75.
29340 60 0 64 74.
29400 60 0 71 68.
29460 60 0 63 73.
29520 60 0 71 71.
29580 60 0 66 68.
29700 60 0 71 75.
29820 60 0 69 77.
29880 60 0 73 70.
29940 60 0 66 75.
30000 60 0 75 74.
30060 60 0 69 70.
30180 60 0 72 77.
30300 60 0 57 82.
30360 60 0 64 76.
30420 60 0 60 78.
30480 60 0 57 77.
30540 60 0 52 74.
30660 60 0 45 82.
30780 60 0 38 75.
30840 60 0 47 68.
30900 60 0 40 73.
30960 60 0 47 71.
31020 60 0 40 68.
31140 60 0 44 75.
31260 60 0 40 74.
31320 60 0 48 68.
31380 60 0 40 73.
31440 60 0 46 71.
31500 60 0 37 68.
31620 60 0 44 75.
31740 60 0 38 77.
31800 60 0 45 70.
31860 60 0 38 75.
31920 60 0 47 74.
31980 60 0 38 70.
32100 60 0 44 77.
32220 60 0 38 78.
32280 60 0 47 70.
32340 60 0 38 75.
32400 60 0 46 74.
32460 60 0 38 70.
32580 60 0 44 77.
32700 60 0 40 75.
32760 60 0 46 68.
32820 60 0 40 73.
32880 60 0 47 71.
32940 60 0 40 68.
33060 60 0 46 75.
33180 60 0 40 74.
33240 60 0 46 68.
33300 60 0 40 73.
33360 60 0 48 71.
33420 60 0 40 68.
33540 60 0 47 75.
33660 60 0 44 77.
33720 60 0 48 70.
33780 60 0 45 75.
33840 60 0 50 74.
33900 60 0 45 70.
34020 60 0 48 77.
34140 60 0 44 77.
34200 60 0 51 72.
34260 60 0 45 74.
34320 60 0 51 73.
34380 60 0 45 71.
34500 60 0 46 73.
34620 60 0 47 73.
34680 60 0 57 68.
34740 60 0 50 71.
34800 60 0 59 69.
34860 60 0 50 66.
34980 60 0 55 74.
35100 60 0 47 73.
35160 60 0 56 68.
35220 60 0 48 71.
35280 60 0 57 69.
35340 60 0 47 68.
35460 60 0 56 78.
35580 60 0 48 78.
35640 60 0 60 70.
35700 60 0 48 73.
35760 60 0 61 71.
35820 60 0 51 68.
35940 60 0 59 77.
36060 60 0 51 81.
36120 60 0 63 72.
36180 60 0 55 74.
36240 60 0 63 73.
36300 60 0 60 71.
36420 60 0 60 80.
36540 60 0 52 73.
36600 60 0 60 68.
36660 60 0 51 71.
36720 60 0 61 69.
36780 60 0 51 66.
36900 60 0 60 74.
37020 60 0 55 73.
37080 60 0 63 68.
37140 60 0 52 71.
37200 60 0 63 69.
37260 60 0 52 68.
37380 60 0 62 81.
37500 60 0 56 81.
37560 60 0 64 73.
37620 60 0 52 76.
37680 60 0 64 74.
37740 60 0 55 71.
37860 60 0 62 80.
37980 60 0 56 85.
38040 60 0 66 75.
38100 60 0 59 78.
38160 60 0 69 76.
38220 60 0 59 74.
38340 60 0 69 83.
38460 60 0 61 83.
38520 60 0 70 75.
38580 60 0 60 78.
38640 60 0 70 76.
38700 60 0 60 73.
38820 60 0 71 82.
38940 60 0 62 86.
39000 60 0 71 77.
39060 60 0 63 79.
39120 60 0 71 78.
39180 60 0 63 76.
39300 60 0 72 85.
39420 60 0 63 85.
39480 60 0 73 77.
39540 60 0 66 80.
39600 60 0 73 78.
39660 60 0 63 75.
39780 60 0 73 84.
39900 60 0 64 89.
39960 60 0 75 80.
40020 60 0 69 83.
40080 60 0 75 81.
40140 60 0 69 80.
40260 60 0 77 90.
40380 60 0 70 92.
40440 60 0 81 86.
40500 60 0 71 89.
40560 60 0 78 87.
40620 60 0 72 84.
0 360 0 77 61.
360 120 0 59 62.
480 360 0 73 61.
840 120 0 74 66.
960 360 0 89 66.
1320 120 0 62 65.
1440 360 0 82 69.
1800 120 0 52 68.
1920 360 0 80 61.
2280 120 0 52 62.
2400 360 0 75 61.
2760 120 0 73 66.
2880 360 0 83 66.
3240 120 0 73 65.
3360 360 0 83 69.
3720 120 0 55 68.
3840 360 0 83 73.
4200 120 0 62 75.
4320 360 0 80 73.
4680 120 0 60 72.
4800 360 0 77 71.
5160 120 0 57 73.
5280 360 0 73 71.
5640 120 0 57 70.
5760 360 0 75 69.
0 80 0 44 57.
80 80 0 37 49.
160 80 0 39 54.
240 240 0 34 42.
7680 80 0 56 57.
7760 80 0 44 49.
7840 80 0 50 54.
7920 240 0 38 42.
9600 80 0 58 57.
9680 80 0 40 49.
9760 80 0 50 54.
9840 240 0 40 42.
11520 80 0 58 72.
11600 80 0 46 66.
11680 80 0 50 69.
11760 240 0 42 60.
13440 80 0 52 68.
13520 80 0 46 63.
13600 80 0 51 66.
13680 240 0 42 56.
15360 80 0 52 65.
15440 80 0 40 58.
15520 80 0 49 62.
15600 240 0 39 53.
17280 80 0 56 67.
17360 80 0 46 60.
17440 80 0 50 63.
17520 240 0 40 53.
19200 80 0 61 65.
19280 80 0 51 57.
19360 80 0 57 63.
19440 240 0 48 53.
21120 80 0 62 58.
21200 80 0 56 50.
21280 80 0 63 56.
21360 240 0 53 46.
23040 80 0 65 56.
23120 80 0 56 44.
23200 80 0 64 49.
23280 240 0 56 40.

