0 240 0 41 60.
3120 240 0 42 61.
3360 240 0 44 61.
3600 240 0 45 61.
3840 240 0 43 61.
4080 240 0 42 61.
4560 240 0 26 60.
4800 240 0 26 60.
5040 240 0 30 60.
5280 240 0 31 66.
5520 240 0 31 66.
6000 240 0 45 68.
6240 240 0 49 68.
6480 240 0 52 68.
6720 240 0 47 68.
6960 240 0 47 68.
7440 240 0 42 63.
7680 240 0 42 63.
8160 240 0 50 73.
8400 240 0 48 73.
9120 240 0 49 63.
9360 240 0 52 70.
9600 240 0 47 70.
9840 240 0 47 70.
10320 240 0 37 63.
10560 240 0 37 63.
11040 240 0 42 68.
11280 240 0 40 68.
11760 240 0 49 61.
12000 240 0 41 61.
12480 240 0 39 60.
12720 240 0 35 60.
13200 240 0 40 58.
13440 240 0 39 58.
13680 240 0 40 58.
13920 240 0 38 58.
14160 240 0 38 58.
14400 240 0 64 61.
14640 240 0 52 61.
14880 240 0 54 67.
15120 240 0 55 67.
15360 240 0 53 61.
15600 240 0 52 61.
16080 240 0 37 60.
16320 240 0 37 60.
16560 240 0 43 60.
16800 240 0 44 66.
17040 240 0 44 66.
17520 240 0 55 68.
17760 240 0 59 73.
18000 240 0 80 82.
18240 240 0 75 80.
18480 240 0 57 73.
18960 240 0 65 70.
19200 240 0 65 70.
19680 240 0 54 65.
19920 240 0 52 65.
20640 240 0 51 63.
20880 240 0 80 79.
21120 240 0 75 77.
21360 240 0 75 73.
21840 240 0 49 63.
22080 240 0 49 63.
22560 240 0 56 68.
22800 240 0 53 68.
23520 240 0 68 68.
24000 240 0 42 61.
24240 240 0 33 61.
24720 240 0 46 60.
24960 240 0 45 60.
25200 240 0 46 60.
25440 240 0 44 60.
25680 240 0 44 60.
26160 240 0 31 56.
26400 240 0 31 56.
26640 240 0 31 56.
26880 240 0 31 56.
27120 240 0 58 64.
27600 240 0 40 61.
27840 240 0 42 61.
28080 240 0 44 61.
28320 240 0 47 61.
28560 240 0 49 61.
29040 240 0 51 68.
29280 240 0 33 60.
29280 240 0 42 68.
29520 240 0 70 72.
29760 240 0 49 60.
30000 240 0 39 60.
30480 240 0 44 64.
30720 240 0 45 64.
30960 240 0 47 64.
31200 240 0 52 64.
31440 240 0 54 64.
31920 240 0 53 71.
32160 240 0 53 71.
32400 240 0 53 71.
32640 240 0 53 71.
33360 240 0 56 74.
33600 240 0 73 80.
34080 240 0 47 67.
34320 240 0 73 75.
34800 240 0 47 72.
35040 240 0 43 66.
35520 240 0 43 65.
35760 240 0 62 73.
36240 240 0 63 75.
36480 240 0 63 76.
36960 240 0 43 68.
37200 240 0 52 71.
37680 240 0 33 64.
37920 240 0 34 64.
38160 240 0 35 64.
38400 240 0 36 64.
38640 240 0 37 64.
39120 240 0 46 72.
39360 240 0 57 75.
39600 240 0 64 78.
39840 240 0 45 72.
40080 240 0 59 72.
40560 240 0 39 71.
40800 240 0 40 71.
41040 240 0 42 71.
41280 240 0 44 71.
41520 240 0 45 71.
42000 240 0 46 72.
42240 240 0 57 75.
42480 240 0 50 66.
42720 240 0 58 76.
42960 240 0 45 64.
43440 240 0 33 64.
43680 240 0 34 64.
43920 240 0 35 64.
44160 240 0 36 64.
44400 240 0 37 64.
44640 240 0 35 64.
44880 240 0 33 64.
45120 240 0 35 64.
45360 480 0 64 75.
45600 240 0 51 71.
45840 240 0 67 75.
46080 1440 0 71 75.
46320 240 0 48 71.
46560 240 0 50 71.
46800 240 0 53 71.
47040 240 0 56 71.
47280 240 0 59 71.
47520 1440 0 78 74.
47760 240 0 60 71.
47760 240 0 51 62.
48000 240 0 53 62.
48000 240 0 63 71.
48240 240 0 67 68.
48240 240 0 56 62.
48480 240 0 59 62.
48480 240 0 69 71.
48720 240 0 73 71.
48720 240 0 61 62.
48960 240 0 74 61.
49200 240 0 59 61.
49440 240 0 80 72.
49680 240 0 63 67.
49920 240 0 79 65.
50160 240 0 78 67.
50640 240 0 50 66.
50880 240 0 50 66.
51120 240 0 49 60.
51360 240 0 42 60.
51600 240 0 42 60.
52080 240 0 82 73.
52320 240 0 86 79.
52560 240 0 71 73.
52800 240 0 65 73.
53040 240 0 65 73.
53520 240 0 74 70.
53760 240 0 74 70.
54240 240 0 62 65.
54480 240 0 59 65.
55200 240 0 58 63.
55440 240 0 89 79.
55680 240 0 86 77.
55920 240 0 38 63.
56400 240 0 56 63.
56640 240 0 56 63.
57120 240 0 64 68.
57360 240 0 61 68.
57840 240 0 54 61.
58080 240 0 45 67.
58320 240 0 69 73.
58560 240 0 43 60.
58800 240 0 61 68.
59280 240 0 37 58.
59520 240 0 36 58.
59760 240 0 37 58.
60000 240 0 35 58.
60240 240 0 35 58.
60720 240 0 40 66.
60960 240 0 40 66.
61200 240 0 31 59.
61440 240 0 31 58.
61680 240 0 27 59.
62160 240 0 39 68.
62400 240 0 40 68.
62640 480 0 60 71.
62880 240 0 44 68.
63600 240 0 36 66.
63840 240 0 47 71.
64080 240 0 63 75.
64320 240 0 67 76.
64560 240 0 67 78.
65040 240 0 40 68.
65280 240 0 41 68.
65520 240 0 42 68.
65760 240 0 53 76.
65760 240 0 45 68.
66000 240 0 46 68.
66000 240 0 55 76.
66720 240 0 31 68.
66840 60 0 40 73.
66900 60 0 40 75.
66960 240 0 31 61.
67200 240 0 31 60.
67440 240 0 58 73.
67920 240 0 33 61.
68160 240 0 34 61.
68400 240 0 38 70.
68640 240 0 44 70.
68880 240 0 45 70.
69360 240 0 47 73.
69600 240 0 47 71.
69840 240 0 36 65.
70080 240 0 47 71.
70080 240 0 47 66.
70320 240 0 47 71.
70320 240 0 38 68.
70800 240 0 50 70.
71040 240 0 46 70.
71280 240 0 62 78.
71280 240 0 52 70.
71520 240 0 56 70.
71520 240 0 66 78.
71760 240 0 59 73.
71760 240 0 59 70.
72240 240 0 48 69.
72240 240 0 48 71.
72480 240 0 48 71.
72480 240 0 58 78.
72960 240 0 57 76.
73200 240 0 57 76.
73680 240 0 44 68.
73920 240 0 44 68.
74400 240 0 52 75.
74640 240 0 52 75.
75120 240 0 42 67.
75360 240 0 42 67.
75840 240 0 48 74.
76080 240 0 48 73.
76320 240 0 56 72.
76560 240 0 49 69.
76560 240 0 58 72.
76800 240 0 51 66.
76800 240 0 51 69.
77040 240 0 52 69.
77040 240 0 62 74.
77280 240 0 64 74.
77280 240 0 54 69.
77520 240 0 56 69.
77520 240 0 66 75.
78000 240 0 39 67.
78240 240 0 45 67.
78480 240 0 48 67.
78720 240 0 66 80.
78960 240 0 49 67.
79440 240 0 62 77.
79680 240 0 64 76.
79920 240 0 57 68.
80160 240 0 60 79.
80400 240 0 51 68.
80880 240 0 35 63.
81120 240 0 36 63.
81360 240 0 37 63.
81600 240 0 38 63.
81840 240 0 39 63.
82080 240 0 45 63.
0 240 0 20 51.
0 240 0 34 63.
240 240 0 21 51.
240 240 0 35 63.
480 240 0 22 51.
480 240 0 36 63.
720 240 0 22 51.
720 240 0 36 63.
960 240 0 24 51.
960 240 0 39 63.
1200 240 0 25 51.
1200 240 0 40 63.
1440 240 0 26 51.
1440 240 0 42 63.
1680 240 0 27 51.
1680 240 0 45 63.
1920 240 0 29 51.
1920 240 0 47 63.
2160 240 0 29 51.
2160 240 0 47 63.
2400 240 0 27 51.
2400 240 0 44 63.
2640 240 0 25 51.
2640 240 0 40 63.
2880 240 0 46 39.
3120 240 0 32 58.
3360 240 0 34 58.
3600 240 0 36 58.
3840 240 0 34 58.
4080 240 0 34 58.
4320 240 0 47 44.
4560 240 0 30 63.
4800 240 0 29 63.
5040 240 0 34 63.
5280 240 0 22 56.
5520 240 0 22 56.
5760 240 0 47 49.
6000 240 0 28 61.
6240 240 0 28 61.
6480 240 0 30 61.
6720 240 0 28 61.
6960 240 0 28 61.
7440 240 0 24 61.
7680 240 0 25 61.
8160 240 0 22 61.
8400 240 0 22 61.
8640 240 0 47 51.
8880 240 0 28 61.
9120 240 0 28 61.
9360 240 0 30 61.
9600 240 0 28 61.
9840 240 0 28 61.
10320 240 0 21 60.
10560 240 0 22 60.
11040 240 0 18 58.
11280 240 0 18 58.
11520 720 0 47 51.
11760 240 0 25 58.
12000 240 0 25 58.
12480 240 0 28 56.
12720 240 0 25 56.
13200 240 0 30 63.
13440 240 0 28 63.
13680 240 0 30 63.
13920 240 0 28 63.
14160 240 0 28 63.
14640 240 0 39 58.
14880 240 0 42 58.
15120 240 0 44 58.
15360 240 0 42 58.
15600 240 0 42 58.
15840 240 0 66 44.
16080 240 0 32 56.
16320 240 0 32 56.
16560 240 0 36 56.
16800 240 0 32 56.
17040 240 0 32 56.
17520 240 0 20 56.
17520 240 0 41 65.
17760 240 0 20 56.
17760 240 0 41 65.
18000 240 0 22 56.
18000 240 0 45 65.
18240 240 0 20 56.
18240 240 0 41 65.
18480 240 0 20 56.
18480 240 0 41 65.
18960 240 0 27 61.
19200 240 0 28 61.
19680 240 0 25 61.
19920 240 0 25 61.
20160 240 0 69 51.
20400 240 0 34 61.
20640 240 0 34 61.
20880 240 0 27 58.
20880 240 0 45 67.
21120 240 0 25 58.
21120 240 0 41 67.
21360 240 0 34 61.
21840 240 0 24 60.
22080 240 0 25 60.
22560 240 0 24 58.
22800 240 0 24 58.
23040 240 0 57 51.
23280 240 0 30 58.
23520 240 0 30 58.
24000 240 0 30 58.
24240 240 0 24 58.
24720 240 0 16 51.
24960 240 0 15 51.
25200 240 0 16 51.
25440 240 0 15 51.
25680 240 0 15 51.
25920 240 0 34 40.
26160 240 0 25 59.
26400 240 0 25 59.
26640 240 0 25 59.
26880 240 0 25 59.
27120 240 0 27 59.
27600 240 0 29 57.
27840 240 0 31 57.
28080 240 0 34 57.
28320 240 0 35 57.
28560 240 0 28 55.
29040 240 0 31 63.
29280 240 0 31 63.
29520 240 0 31 63.
29760 240 0 29 63.
30000 240 0 23 56.
30480 240 0 31 61.
30720 240 0 34 61.
30960 240 0 37 61.
31200 240 0 39 61.
31440 240 0 31 58.
31920 240 0 33 66.
32160 240 0 29 59.
32160 240 0 39 69.
32400 240 0 33 63.
32400 240 0 33 66.
32640 240 0 33 61.
32640 240 0 33 66.
32880 240 0 29 63.
32880 240 0 26 59.
33120 240 0 52 52.
33360 240 0 35 64.
33600 240 0 33 64.
34080 240 0 32 63.
34320 240 0 38 70.
34800 240 0 27 62.
35040 240 0 28 62.
35520 240 0 24 61.
35760 240 0 28 68.
36240 240 0 27 60.
36480 240 0 27 60.
36960 240 0 27 64.
37200 240 0 32 69.
37680 240 0 21 59.
37920 240 0 22 59.
38160 240 0 24 59.
38400 240 0 24 59.
38640 240 0 18 56.
39120 240 0 25 60.
39360 240 0 26 60.
39600 240 0 25 60.
39840 240 0 27 60.
40080 240 0 24 57.
40560 240 0 21 59.
40800 240 0 22 59.
41040 240 0 24 59.
41280 240 0 24 59.
41520 240 0 18 56.
42000 240 0 25 60.
42240 240 0 26 60.
42480 240 0 25 60.
42720 240 0 27 60.
42960 240 0 24 57.
43440 240 0 21 59.
43680 240 0 22 59.
43920 240 0 24 59.
44160 240 0 24 59.
44400 240 0 18 56.
44640 240 0 24 59.
44880 240 0 21 59.
45120 240 0 22 59.
45360 240 0 27 59.
45600 240 0 28 59.
45840 240 0 23 56.
46080 240 0 21 56.
46080 240 0 35 68.
46320 240 0 26 59.
46560 240 0 27 59.
46800 240 0 30 59.
47040 240 0 31 59.
47280 240 0 24 56.
47520 240 0 42 56.
47520 240 0 50 68.
47760 240 0 48 53.
48000 240 0 53 50.
48240 240 0 58 47.
48480 240 0 63 44.
48720 240 0 69 41.
48960 240 0 86 39.
49200 240 0 32 51.
49200 240 0 45 63.
49440 240 0 34 51.
49440 240 0 48 63.
49680 240 0 37 51.
49680 240 0 50 63.
49920 240 0 34 51.
49920 240 0 48 63.
50160 240 0 34 51.
50160 240 0 48 63.
50400 240 0 71 32.
50400 240 0 77 44.
50640 240 0 36 51.
50640 240 0 49 63.
50880 240 0 36 51.
50880 240 0 48 63.
51120 240 0 41 51.
51120 240 0 57 63.
51360 240 0 41 56.
51600 240 0 41 56.
51840 240 0 82 37.
52080 240 0 23 53.
52080 240 0 38 61.
52320 240 0 23 53.
52320 240 0 38 61.
52560 240 0 25 53.
52560 240 0 42 61.
52800 240 0 23 53.
52800 240 0 38 61.
53040 240 0 23 53.
53040 240 0 38 61.
53280 240 0 60 27.
53520 240 0 22 55.
53520 240 0 37 67.
53760 240 0 23 55.
53760 240 0 38 67.
54000 240 0 55 29.
54240 240 0 23 53.
54240 240 0 32 61.
54480 240 0 23 53.
54480 240 0 32 61.
54720 240 0 64 27.
54720 240 0 71 39.
54960 240 0 28 55.
54960 240 0 38 61.
55200 240 0 28 55.
55200 240 0 38 61.
55440 240 0 42 63.
55440 240 0 35 58.
55440 240 0 51 67.
55680 240 0 38 63.
55680 240 0 32 58.
55680 240 0 46 67.
55920 240 0 28 55.
55920 240 0 38 61.
56160 240 0 63 29.
56400 240 0 27 53.
56400 240 0 37 65.
56640 240 0 28 53.
56640 240 0 38 65.
56880 240 0 59 34.
57120 240 0 27 53.
57120 240 0 36 65.
57360 240 0 27 53.
57360 240 0 36 65.
57600 240 0 65 39.
57600 240 0 65 51.
57840 240 0 27 53.
57840 240 0 37 65.
58080 240 0 27 51.
58080 240 0 37 63.
58560 240 0 31 56.
58800 240 0 27 56.
59280 240 0 26 63.
59520 240 0 25 63.
59760 240 0 26 63.
60000 240 0 25 63.
60240 240 0 25 63.
60480 240 0 34 39.
60720 240 0 25 57.
60960 240 0 25 57.
61200 240 0 25 57.
61440 240 0 25 57.
61680 240 0 19 51.
62160 240 0 24 56.
62400 240 0 25 56.
62640 240 0 27 56.
62880 240 0 27 56.
63120 240 0 21 52.
63360 240 0 39 47.
63600 240 0 26 59.
63600 240 0 35 69.
63840 240 0 26 59.
63840 240 0 35 69.
64080 240 0 29 63.
64320 240 0 29 61.
64560 240 0 23 59.
64800 240 0 50 52.
65040 240 0 21 59.
65040 240 0 35 71.
65280 240 0 23 59.
65280 240 0 36 71.
65520 240 0 24 59.
65520 240 0 39 71.
65760 240 0 49 51.
66000 240 0 46 38.
66240 240 0 60 49.
66480 240 0 22 53.
66480 240 0 30 65.
66720 240 0 22 53.
66720 240 0 30 65.
66960 240 0 22 53.
66960 240 0 30 65.
67200 240 0 25 59.
67440 240 0 19 53.
67920 240 0 24 58.
68160 240 0 25 58.
68400 240 0 27 58.
68640 240 0 27 58.
68880 240 0 21 54.
69120 240 0 39 49.
69360 240 0 29 61.
69360 240 0 29 59.
69600 240 0 29 61.
69600 240 0 29 59.
69840 240 0 29 61.
69840 240 0 29 59.
70080 240 0 29 61.
70080 240 0 29 59.
70320 240 0 31 61.
70320 240 0 23 56.
70560 240 0 45 42.
70800 240 0 29 61.
71040 240 0 31 61.
71280 240 0 50 54.
71520 240 0 45 41.
71760 240 0 56 52.
72000 240 0 63 39.
72240 240 0 34 59.
72480 240 0 34 59.
72720 240 0 59 52.
72960 240 0 34 64.
73200 240 0 34 64.
73680 240 0 28 58.
73920 240 0 28 58.
74400 240 0 27 63.
74640 240 0 27 63.
75120 240 0 30 57.
75360 240 0 30 57.
75840 240 0 28 62.
76080 240 0 28 62.
76320 240 0 43 62.
76560 240 0 42 50.
76800 240 0 38 37.
77040 240 0 39 36.
77280 240 0 42 36.
77520 240 0 44 35.
77760 240 0 48 34.
77760 240 0 48 46.
78000 240 0 27 58.
78000 240 0 37 70.
78240 240 0 28 58.
78240 240 0 38 70.
78480 240 0 35 64.
78720 240 0 34 64.
78960 240 0 35 70.
79440 240 0 30 65.
79680 240 0 30 65.
79920 240 0 33 65.
80160 240 0 27 65.
80400 240 0 33 70.
80880 240 0 22 58.
81120 240 0 23 58.
81360 240 0 25 58.
81600 240 0 25 58.
81840 240 0 19 55.
82320 240 0 25 59.
82560 240 0 26 59.
82800 240 0 25 59.
83040 240 0 27 59.
83280 240 0 24 56.
83760 240 0 22 58.
84000 240 0 23 58.
84240 240 0 25 58.
84480 240 0 25 58.
84720 240 0 19 55.
85200 240 0 25 59.
85440 240 0 26 59.
85680 240 0 25 59.
85920 240 0 27 59.
86160 240 0 24 56.

