1 480 0 41 58.
560 80 0 31 58.
640 80 0 33 61.
720 120 0 37 65.
1200 80 0 29 57.
1280 80 0 31 58.
1360 80 0 32 61.
1440 120 0 37 65.
2880 120 0 100 58.
3600 1440 0 92 90.
3600 1440 0 92 94.
5040 360 0 61 75.
5040 360 0 61 87.
5400 120 0 68 84.
5400 120 0 68 89.
5520 240 0 71 90.
5520 240 0 71 84.
5760 240 0 68 85.
5760 240 0 68 89.
6240 80 0 27 57.
6320 80 0 29 58.
6400 80 0 30 61.
6480 120 0 35 65.
6960 80 0 27 57.
7040 80 0 29 58.
7120 80 0 30 61.
7200 120 0 35 65.
8640 120 0 100 56.
9360 1440 0 90 92.
9360 1440 0 90 80.
10800 360 0 60 84.
10800 360 0 60 87.
11160 120 0 65 84.
11160 120 0 65 77.
11280 240 0 70 84.
11280 240 0 70 78.
11520 240 0 67 77.
11520 240 0 67 89.
12240 480 0 81 77.
12960 480 0 81 57.
17760 80 0 27 57.
17840 80 0 29 58.
17920 80 0 30 61.
18000 120 0 34 65.
18480 80 0 29 57.
18560 80 0 30 58.
18640 80 0 31 61.
18720 120 0 36 65.
20160 120 0 100 58.
20880 1080 0 92 90.
20880 1080 0 92 82.
21960 120 0 58 87.
21960 120 0 58 75.
22080 240 0 58 84.
22080 240 0 58 87.
22320 360 0 61 75.
22320 360 0 61 87.
22680 120 0 68 89.
22680 120 0 68 77.
22800 240 0 71 84.
22800 240 0 71 78.
23040 240 0 68 85.
23040 240 0 68 77.
23520 80 0 29 57.
23600 80 0 30 58.
23680 80 0 32 61.
23760 120 0 37 65.
24240 80 0 29 57.
24320 80 0 30 58.
24400 80 0 32 61.
24480 120 0 37 65.
25920 120 0 100 48.
26640 1440 0 90 84.
26640 1440 0 90 96.
28080 360 0 60 88.
28080 360 0 60 91.
28440 120 0 65 80.
28440 120 0 65 92.
28560 240 0 70 88.
28560 240 0 70 94.
28800 240 0 67 80.
28800 240 0 67 89.
29520 480 0 81 80.
29520 480 0 81 68.
30240 480 0 81 68.
30240 480 0 81 60.
34560 960 0 97 101.
35520 120 0 68 99.
35640 120 0 62 97.
35760 120 0 65 92.
35880 120 0 59 89.
36000 120 0 62 87.
36120 120 0 57 85.
36240 120 0 58 80.
36360 120 0 53 77.
36480 120 0 55 75.
36600 120 0 51 73.
36720 240 0 52 68.
37440 120 0 55 72.
37560 120 0 52 73.
37680 120 0 50 75.
37800 120 0 47 77.
37920 120 0 45 78.
38160 120 0 40 81.
38880 120 0 50 81.
39000 120 0 49 80.
39120 120 0 47 79.
39240 120 0 46 78.
39360 120 0 44 77.
39480 120 0 42 76.
39600 120 0 41 75.
40320 960 0 97 101.
41280 120 0 68 99.
41400 120 0 60 97.
41520 120 0 65 92.
41640 120 0 58 89.
41760 120 0 62 87.
41880 120 0 57 85.
42000 120 0 58 80.
42120 120 0 53 77.
42240 120 0 55 75.
42360 120 0 49 73.
42480 240 0 52 68.
43200 120 0 42 72.
43320 120 0 41 73.
43440 120 0 41 75.
43560 120 0 40 77.
43680 120 0 39 78.
43920 120 0 37 81.
44640 120 0 42 81.
44760 120 0 41 80.
44880 120 0 40 79.
45000 120 0 39 78.
45120 120 0 37 77.
45240 120 0 36 76.
45360 240 0 35 75.
46080 1440 0 38 71.
46080 960 0 59 77.
47040 360 0 53 75.
47400 120 0 52 73.
47520 720 0 45 73.
48240 1200 0 56 78.
48960 1440 0 50 71.
49440 240 0 52 77.
49680 240 0 51 77.
49920 240 0 50 75.
50160 240 0 49 73.
50400 720 0 44 73.
51120 720 0 44 73.
51780 60 0 44 67.
51840 480 0 68 82.
52320 240 0 57 75.
52560 240 0 57 75.
52800 60 0 51 77.
52860 60 0 51 79.
52920 240 0 56 77.
53160 120 0 56 75.
53280 720 0 59 75.
54000 960 0 64 80.
54720 1440 0 55 73.
54960 240 0 60 79.
55200 240 0 59 77.
55440 240 0 60 79.
55680 360 0 59 77.
56040 120 0 56 75.
56160 720 0 56 84.
56880 480 0 64 84.
57360 240 0 63 84.
69180 660 0 57 80.
69600 480 0 63 72.
69840 240 0 63 84.
70080 360 0 63 82.
70440 120 0 63 80.
70560 1440 0 63 80.
71280 720 0 75 73.
72000 480 0 75 73.
72480 240 0 78 72.
72720 360 0 75 72.
73080 120 0 71 82.
73200 240 0 63 80.
73440 720 0 80 77.
74160 480 0 77 80.
74640 240 0 74 80.
74880 720 0 82 80.
75600 240 0 67 75.
75840 360 0 65 78.
76200 120 0 64 78.
76320 720 0 62 80.
77040 240 0 64 78.
77280 240 0 68 77.
77520 240 0 72 77.
77760 480 0 77 71.
78240 240 0 75 70.
78480 1200 0 78 77.
79680 240 0 76 77.
79920 240 0 81 77.
80160 240 0 78 77.
80400 240 0 78 77.
80640 480 0 81 78.
81120 240 0 82 78.
81360 1080 0 96 90.
82440 120 0 80 78.
82560 240 0 80 78.
82800 360 0 93 78.
83160 120 0 89 80.
83280 240 0 92 78.
83520 120 0 104 77.
84960 240 0 96 92.
86400 240 0 97 89.
87840 240 0 96 92.
89280 240 0 97 89.
92880 720 0 101 85.
95520 80 0 29 57.
95600 80 0 31 58.
95680 80 0 33 61.
95760 120 0 38 65.
96240 80 0 29 57.
96320 80 0 31 58.
96400 80 0 32 61.
96480 120 0 38 65.
97920 120 0 100 58.
98640 1440 0 92 94.
98640 1440 0 92 82.
100080 360 0 61 75.
100080 360 0 61 87.
100440 120 0 68 77.
100440 120 0 68 89.
100560 240 0 71 78.
100560 240 0 71 90.
100800 240 0 68 85.
103680 120 0 100 56.
104400 1440 0 90 92.
104400 1440 0 90 80.
105840 144 0 60 84.
105984 144 0 60 76.
106128 144 0 65 84.
106272 144 0 72 84.
106416 144 0 70 84.
106560 240 0 67 85.
107280 480 0 81 77.
108000 480 0 81 65.
112800 80 0 27 57.
112880 80 0 29 58.
112960 80 0 30 61.
113040 120 0 35 65.
113520 80 0 29 57.
113600 80 0 30 58.
113680 80 0 31 61.
113760 120 0 35 65.
115200 120 0 100 58.
115920 1080 0 92 82.
115920 1080 0 92 94.
117000 120 0 58 87.
117000 120 0 58 75.
117120 240 0 58 87.
117120 240 0 58 75.
117360 360 0 61 75.
117360 360 0 61 87.
117720 120 0 68 84.
117720 120 0 68 77.
117840 240 0 71 84.
117840 240 0 71 90.
118080 240 0 68 85.
118080 240 0 68 89.
118560 80 0 29 57.
118640 80 0 30 58.
118720 80 0 32 61.
118800 120 0 37 65.
119280 80 0 29 57.
119360 80 0 30 58.
119440 80 0 32 61.
119520 120 0 37 65.
120960 120 0 100 48.
121680 1440 0 90 84.
121680 1440 0 90 96.
123120 180 0 73 91.
123120 180 0 73 85.
123300 180 0 71 84.
123300 180 0 71 96.
123480 180 0 67 89.
123480 180 0 67 84.
123660 180 0 68 91.
123660 180 0 68 79.
123840 240 0 73 92.
123840 240 0 73 80.
124560 480 0 81 72.
124560 480 0 81 68.
125280 480 0 81 60.
125280 480 0 81 56.
127440 720 0 94 41.
128160 80 0 59 38.
128240 80 0 60 39.
128320 80 0 61 41.
128400 80 0 62 41.
128480 80 0 63 39.
128560 80 0 65 41.
128640 75 0 66 39.
128715 75 0 67 41.
128790 70 0 68 39.
128860 70 0 69 41.
128930 70 0 70 39.
129000 70 0 71 41.
129070 60 0 72 39.
129130 60 0 73 41.
129190 60 0 73 39.
129250 60 0 74 41.
129310 60 0 75 39.
129370 60 0 76 41.
129430 85 0 86 38.
129515 85 0 86 39.
129600 960 0 97 101.
133073 120 0 42 80.
138833 120 0 38 80.
141120 960 0 59 77.
142080 360 0 53 75.
142440 120 0 52 73.
142560 720 0 45 73.
143280 1200 0 56 78.
144000 1440 0 50 71.
144480 240 0 52 77.
144720 240 0 51 77.
144960 240 0 50 75.
145200 240 0 49 73.
145440 720 0 44 73.
146160 720 0 44 73.
146820 60 0 44 67.
146880 480 0 68 82.
147360 240 0 57 75.
147600 240 0 57 75.
147840 60 0 51 77.
147900 60 0 51 79.
147960 240 0 56 77.
148200 120 0 56 75.
148320 720 0 59 75.
149040 960 0 64 80.
149760 1440 0 55 73.
150000 240 0 60 79.
150240 240 0 59 77.
150480 240 0 60 79.
150720 360 0 59 77.
151080 120 0 56 75.
151200 720 0 56 84.
151920 480 0 64 84.
152400 240 0 63 84.
164220 660 0 57 80.
164640 480 0 63 72.
164880 240 0 63 84.
165120 360 0 63 82.
165480 120 0 63 80.
165600 1440 0 63 80.
166320 720 0 75 73.
167040 720 0 60 80.
167040 360 0 75 85.
167400 120 0 71 72.
167520 240 0 78 84.
167760 360 0 60 78.
167760 360 0 75 84.
168120 120 0 71 82.
168240 240 0 63 68.
168480 720 0 80 77.
169200 480 0 77 80.
169680 240 0 78 80.
169920 720 0 82 80.
170640 240 0 67 75.
170880 360 0 65 78.
171240 120 0 64 78.
171360 720 0 62 80.
172080 240 0 64 78.
172320 240 0 68 77.
172560 240 0 72 77.
172800 480 0 77 71.
173280 240 0 75 70.
173520 1200 0 78 77.
174720 240 0 76 77.
174960 240 0 81 77.
175200 240 0 78 77.
175440 240 0 78 77.
175680 480 0 81 78.
176160 240 0 82 78.
176400 1080 0 95 90.
177480 120 0 80 78.
177600 240 0 80 78.
177840 360 0 93 78.
178200 120 0 89 80.
178320 240 0 92 78.
178560 120 0 101 77.
180000 240 0 96 92.
181440 240 0 97 89.
182880 240 0 96 92.
184320 240 0 97 89.
187920 720 0 101 85.
190080 720 0 52 52.
190080 720 0 52 64.
190800 720 0 44 54.
190800 2160 0 44 66.
192960 720 0 52 52.
192960 720 0 52 64.
193680 720 0 44 54.
193680 2160 0 44 66.
195840 1200 0 44 56.
195840 1440 0 44 64.
196560 480 0 37 59.
197280 1440 0 30 61.
198720 600 0 53 73.
199320 60 0 45 71.
199380 60 0 45 73.
199440 360 0 50 71.
199800 120 0 47 69.
199920 240 0 50 71.
200160 360 0 53 73.
200520 120 0 50 74.
200640 120 0 48 73.
200760 60 0 43 71.
200820 60 0 43 73.
200880 360 0 52 71.
201240 120 0 48 69.
201360 240 0 47 71.
201600 120 0 39 73.
201720 120 0 29 61.
201840 120 0 29 73.
201960 120 0 29 68.
202080 120 0 29 73.
202200 120 0 29 68.
202320 120 0 29 80.
202440 120 0 29 73.
202560 120 0 29 80.
202680 120 0 29 73.
202800 120 0 29 85.
202920 120 0 29 80.
203040 120 0 29 85.
203160 120 0 29 80.
203280 120 0 29 92.
203400 120 0 29 85.
203520 120 0 29 92.
203640 120 0 29 85.
203760 120 0 39 97.
204480 720 0 52 52.
204480 720 0 52 64.
205200 2160 0 44 66.
207360 720 0 52 52.
207360 720 0 52 64.
208080 2160 0 44 66.
209040 240 0 57 59.
209280 240 0 57 61.
209520 240 0 60 64.
209760 360 0 56 62.
210120 50 0 56 61.
210180 60 0 50 61.
210960 1200 0 44 56.
210960 1440 0 44 64.
211680 480 0 37 59.
212400 1440 0 30 61.
214560 1560 0 42 73.
216120 120 0 42 75.
216240 120 0 43 78.
216360 120 0 41 76.
216480 120 0 39 73.
216600 120 0 39 69.
216720 30 0 35 68.
216780 60 0 35 68.
216840 480 0 43 80.
217320 60 0 37 78.
217380 60 0 37 80.
217440 360 0 43 78.
217800 120 0 39 76.
217920 240 0 39 78.
218160 360 0 42 80.
218520 120 0 40 81.
218640 120 0 40 80.
218760 60 0 37 78.
218820 60 0 37 80.
218880 360 0 44 78.
219240 120 0 33 76.
219360 240 0 31 78.
219600 1080 0 31 80.
220680 120 0 25 68.
220800 120 0 25 80.
220920 120 0 25 75.
221040 120 0 25 80.
221160 120 0 25 75.
221280 120 0 21 87.
221400 120 0 21 80.
221520 120 0 21 87.
221640 120 0 21 80.
221760 120 0 28 92.
222000 240 0 44 80.
222240 240 0 44 78.
222480 960 0 45 76.
224160 120 0 36 67.
224280 120 0 32 68.
224400 80 0 36 71.
224480 80 0 36 69.
224560 80 0 32 68.
224640 960 0 44 68.
226800 240 0 47 73.
227040 120 0 37 72.
227160 120 0 37 73.
227280 80 0 37 76.
227360 80 0 37 74.
227440 80 0 34 73.
227520 960 0 41 73.
229920 120 0 27 72.
230040 120 0 28 73.
230160 80 0 30 76.
230240 80 0 30 74.
230320 80 0 27 73.
230400 960 0 38 73.
234000 240 0 50 80.
234240 120 0 32 67.
234360 120 0 30 68.
234480 80 0 32 71.
234560 80 0 32 69.
234640 80 0 30 68.
234720 960 0 37 68.
237120 120 0 41 67.
237240 120 0 39 68.
237360 80 0 41 71.
237440 80 0 41 69.
237520 80 0 38 68.
237600 960 0 52 68.
238560 120 0 38 70.
238680 120 0 36 71.
238800 80 0 38 75.
238880 80 0 38 73.
238960 80 0 35 71.
239040 720 0 41 71.
239760 120 0 35 68.
239880 120 0 37 71.
240000 120 0 40 76.
240120 120 0 42 80.
240240 120 0 44 78.
240360 120 0 42 76.
240480 120 0 38 80.
240600 120 0 40 83.
240720 120 0 43 88.
240840 120 0 46 92.
240960 120 0 50 90.
241080 120 0 47 88.
241200 120 0 44 83.
241320 120 0 43 80.
241440 120 0 42 78.
241560 120 0 41 76.
241680 120 0 40 71.
241800 120 0 39 68.
241920 120 0 38 66.
242040 120 0 37 64.
242160 120 0 36 59.
242280 120 0 39 68.
242400 120 0 38 66.
242520 120 0 37 64.
242640 120 0 36 61.
242760 120 0 34 64.
242880 120 0 37 66.
243000 120 0 39 69.
243120 120 0 41 73.
243240 120 0 43 76.
243360 120 0 46 78.
243480 120 0 48 81.
243600 120 0 50 85.
243720 120 0 51 88.
243840 120 0 49 90.
243960 120 0 47 93.
244080 120 0 50 92.
244200 120 0 49 90.
244320 120 0 49 87.
244440 120 0 48 81.
244560 120 0 47 80.
244680 120 0 46 78.
244800 120 0 45 75.
244920 120 0 44 71.
245040 120 0 45 75.
245160 120 0 42 73.
245280 120 0 39 71.
245400 120 0 37 69.
245520 120 0 35 68.
245640 120 0 37 71.
245760 120 0 40 76.
245880 120 0 42 80.
246000 120 0 44 78.
246120 120 0 42 76.
246240 120 0 38 80.
246360 120 0 40 83.
246480 120 0 43 88.
246600 120 0 46 92.
246720 120 0 50 90.
246840 120 0 47 88.
246960 120 0 44 83.
247080 120 0 43 80.
247200 120 0 42 78.
247320 120 0 41 76.
247440 120 0 40 71.
247560 120 0 39 68.
247680 120 0 38 66.
247800 120 0 37 64.
247920 120 0 36 59.
248040 120 0 39 68.
248160 120 0 38 66.
248280 120 0 37 64.
248400 120 0 36 61.
248520 120 0 34 64.
248640 120 0 37 66.
248760 120 0 39 69.
248880 120 0 41 73.
249000 120 0 43 76.
249120 120 0 46 78.
249240 120 0 48 81.
249360 120 0 50 85.
249480 120 0 51 88.
249600 120 0 49 90.
249720 120 0 47 93.
249840 120 0 47 92.
249960 120 0 48 90.
250080 120 0 49 87.
250200 120 0 50 81.
250320 120 0 51 80.
250440 120 0 52 78.
250560 120 0 53 75.
250680 120 0 52 71.
250800 120 0 51 75.
250920 120 0 51 73.
251040 120 0 53 71.
251160 120 0 57 69.
251280 120 0 56 68.
251400 120 0 59 71.
251520 120 0 61 76.
251640 120 0 63 80.
251760 120 0 65 78.
251880 120 0 63 76.
252000 120 0 61 80.
252120 120 0 61 83.
252240 120 0 64 88.
252360 120 0 66 92.
252480 120 0 69 90.
252600 120 0 65 88.
252720 120 0 62 84.
252840 120 0 61 81.
252960 120 0 60 78.
253080 120 0 60 76.
253200 120 0 59 72.
253320 120 0 58 69.
253440 120 0 57 66.
253560 120 0 56 64.
253680 120 0 55 60.
253800 120 0 54 59.
253920 120 0 53 57.
254040 120 0 52 56.
254160 120 0 52 56.
254280 120 0 51 59.
254400 120 0 52 64.
254520 120 0 53 68.
254640 120 0 54 66.
254760 120 0 52 64.
254880 120 0 49 68.
255000 120 0 51 71.
255120 120 0 54 76.
255240 120 0 57 80.
255360 120 0 59 78.
255480 120 0 57 76.
255600 120 0 59 72.
255720 120 0 61 69.
255840 120 0 62 66.
255960 120 0 64 64.
256080 120 0 66 60.
256200 120 0 67 57.
256320 120 0 69 54.
256440 120 0 71 52.
256560 120 0 73 48.
256680 120 0 74 45.
256800 120 0 76 42.
256920 120 0 78 40.
257280 120 0 73 47.
257400 120 0 68 52.
257520 120 0 68 57.
257640 120 0 68 56.
257760 120 0 73 59.
257880 120 0 67 64.
258000 120 0 67 69.
258120 120 0 68 68.
258240 120 0 72 71.
258360 120 0 73 76.
258480 120 0 76 81.
258600 120 0 71 80.
258720 120 0 71 83.
258840 120 0 71 88.
258960 120 0 71 93.
259080 120 0 71 92.
259200 120 0 77 88.
259320 120 0 71 83.
259440 120 0 71 81.
259560 120 0 71 80.
259680 120 0 71 76.
259800 120 0 71 71.
259920 120 0 71 69.
260040 120 0 72 68.
260160 120 0 73 64.
260280 120 0 75 59.
260400 120 0 77 57.
260520 120 0 78 56.
260640 120 0 80 52.
260760 120 0 81 47.
260880 120 0 82 45.
261000 120 0 84 44.
261120 120 0 86 40.
261240 120 0 88 35.
262800 720 0 65 52.
262800 720 0 65 64.
263520 720 0 55 54.
263520 2160 0 55 66.
265680 720 0 65 52.
265680 720 0 65 64.
266400 2880 0 55 54.
266400 2160 0 55 66.
267360 240 0 67 59.
267600 240 0 67 61.
267840 240 0 72 64.
268080 360 0 66 62.
268440 50 0 57 61.
268500 60 0 54 61.
269040 240 0 57 62.
269280 1200 0 52 56.
269280 1440 0 52 64.
270000 480 0 43 59.
270720 1440 0 35 61.
272160 600 0 53 73.
272760 60 0 45 71.
272820 60 0 45 73.
272880 360 0 50 71.
273240 120 0 47 69.
273360 240 0 50 71.
273600 360 0 53 73.
273960 120 0 50 74.
274080 120 0 48 73.
274200 60 0 43 71.
274260 60 0 43 73.
274320 360 0 52 71.
274680 120 0 48 69.
274800 240 0 47 71.
275040 120 0 39 73.
275160 120 0 29 61.
275280 120 0 29 73.
275400 120 0 29 68.
275520 120 0 29 73.
275640 120 0 29 68.
275760 120 0 29 80.
275880 120 0 29 73.
276000 120 0 29 80.
276120 120 0 29 73.
276240 120 0 29 85.
276360 120 0 29 80.
276480 120 0 29 85.
276600 120 0 29 80.
276720 120 0 29 92.
276840 120 0 29 85.
276960 120 0 29 92.
277080 120 0 29 85.
277200 120 0 39 97.
277920 720 0 44 52.
277920 720 0 44 64.
278640 2160 0 37 66.
280800 720 0 44 52.
280800 720 0 44 64.
281520 2160 0 37 66.
282480 240 0 48 59.
282720 240 0 48 61.
282960 240 0 51 64.
283200 240 0 47 62.
283440 170 0 47 61.
283620 60 0 40 61.
283680 600 0 42 61.
283800 120 0 33 68.
283920 120 0 39 71.
284040 120 0 38 69.
284160 120 0 36 66.
284400 1200 0 37 56.
284400 1440 0 37 64.
285120 480 0 31 59.
285840 1440 0 25 61.
288000 1560 0 42 73.
289560 120 0 42 75.
289680 120 0 43 78.
289800 120 0 41 76.
289920 120 0 39 73.
290040 120 0 39 69.
290160 30 0 35 68.
290220 60 0 35 68.
290280 480 0 43 80.
290760 60 0 37 78.
290820 60 0 37 80.
290880 360 0 43 78.
291240 120 0 39 76.
291360 240 0 39 78.
291600 360 0 42 80.
291960 120 0 40 81.
292080 120 0 40 80.
292200 60 0 37 78.
292260 60 0 37 80.
292320 360 0 44 78.
292680 120 0 33 76.
292800 240 0 31 78.
293040 1080 0 31 80.
294120 120 0 25 68.
294240 120 0 25 80.
294360 120 0 25 75.
294480 120 0 25 80.
294600 120 0 25 75.
294720 120 0 21 87.
294840 120 0 21 80.
294960 120 0 21 87.
295080 120 0 21 80.
295200 120 0 28 92.
295440 240 0 44 80.
295680 240 0 44 78.
295920 960 0 45 76.
297600 120 0 36 67.
297720 120 0 33 68.
297840 80 0 36 71.
297920 80 0 36 69.
298000 80 0 33 68.
298080 960 0 44 68.
300240 240 0 47 73.
300480 120 0 37 72.
300600 120 0 35 73.
300720 80 0 37 76.
300800 80 0 37 74.
300880 80 0 35 73.
300960 960 0 41 73.
303360 120 0 27 72.
303480 120 0 27 73.
303600 80 0 30 76.
303680 80 0 30 74.
303760 80 0 29 73.
303840 960 0 38 73.
307440 240 0 50 80.
307680 120 0 32 67.
307800 120 0 30 68.
307920 80 0 32 71.
308000 80 0 32 69.
308080 80 0 30 68.
308160 960 0 37 68.
310560 120 0 41 67.
310680 120 0 38 68.
310800 80 0 41 71.
310880 80 0 41 69.
310960 80 0 38 68.
311040 960 0 52 68.
312000 120 0 38 70.
312120 120 0 36 71.
312240 80 0 38 75.
312320 80 0 38 73.
312400 80 0 35 71.
312480 720 0 41 71.
313200 120 0 35 68.
313320 120 0 37 71.
313440 120 0 40 76.
313560 120 0 42 80.
313680 120 0 44 78.
313800 120 0 42 76.
313920 120 0 38 80.
314040 120 0 40 83.
314160 120 0 43 88.
314280 120 0 46 92.
314400 120 0 50 90.
314520 120 0 47 88.
314640 120 0 44 83.
314760 120 0 43 80.
314880 120 0 42 78.
315000 120 0 41 76.
315120 120 0 40 71.
315240 120 0 39 68.
315360 120 0 38 66.
315480 120 0 37 64.
315600 120 0 36 59.
315720 120 0 39 68.
315840 120 0 38 66.
315960 120 0 37 64.
316080 120 0 36 61.
316200 120 0 34 64.
316320 120 0 37 66.
316440 120 0 39 69.
316560 120 0 41 73.
316680 120 0 43 76.
316800 120 0 46 78.
316920 120 0 48 81.
317040 120 0 50 85.
317160 120 0 51 88.
317280 120 0 49 90.
317400 120 0 47 93.
317520 120 0 50 92.
317640 120 0 49 90.
317760 120 0 49 87.
317880 120 0 48 81.
318000 120 0 47 80.
318120 120 0 46 78.
318240 120 0 45 75.
318360 120 0 44 71.
318480 120 0 45 75.
318600 120 0 42 73.
318720 120 0 39 71.
318840 120 0 37 69.
318960 120 0 35 68.
319080 120 0 37 71.
319200 120 0 40 76.
319320 120 0 42 80.
319440 120 0 44 78.
319560 120 0 42 76.
319680 120 0 38 80.
319800 120 0 40 83.
319920 120 0 43 88.
320040 120 0 46 92.
320160 120 0 50 90.
320280 120 0 47 88.
320400 120 0 44 83.
320520 120 0 43 80.
320640 120 0 42 78.
320760 120 0 41 76.
320880 120 0 40 71.
321000 120 0 39 68.
321120 120 0 38 66.
321240 120 0 37 64.
321360 120 0 36 59.
321480 120 0 39 68.
321600 120 0 38 66.
321720 120 0 37 64.
321840 120 0 36 61.
321960 120 0 34 64.
322080 120 0 37 66.
322200 120 0 39 69.
322320 120 0 41 73.
322440 120 0 43 76.
322560 120 0 46 78.
322680 120 0 48 81.
322800 120 0 50 85.
322920 120 0 51 88.
323040 120 0 49 90.
323160 120 0 47 93.
323280 120 0 47 92.
323400 120 0 48 90.
323520 120 0 49 87.
323640 120 0 50 81.
323760 120 0 51 80.
323880 120 0 52 78.
324000 120 0 53 75.
324120 120 0 52 71.
324240 120 0 51 75.
324360 120 0 51 73.
324480 120 0 53 71.
324600 120 0 57 69.
324720 120 0 56 68.
324840 120 0 59 71.
324960 120 0 61 76.
325080 120 0 63 80.
325200 120 0 65 78.
325320 120 0 63 76.
325440 120 0 61 80.
325560 120 0 61 83.
325680 120 0 64 88.
325800 120 0 66 92.
325920 120 0 69 90.
326040 120 0 65 88.
326160 120 0 62 84.
326280 120 0 61 81.
326400 120 0 60 78.
326520 120 0 60 76.
326640 120 0 59 72.
326760 120 0 58 69.
326880 120 0 57 66.
327000 120 0 56 64.
327120 120 0 55 60.
327240 120 0 54 59.
327360 120 0 53 57.
327480 120 0 52 56.
327600 120 0 52 56.
327720 120 0 51 59.
327840 120 0 52 64.
327960 120 0 53 68.
328080 120 0 54 66.
328200 120 0 52 64.
328320 120 0 49 68.
328440 120 0 51 71.
328560 120 0 54 76.
328680 120 0 57 80.
328800 120 0 59 78.
328920 120 0 57 76.
329040 120 0 59 72.
329160 120 0 61 69.
329280 120 0 62 66.
329400 120 0 64 64.
329520 120 0 66 60.
329640 120 0 67 57.
329760 120 0 69 54.
329880 120 0 71 52.
330000 120 0 73 48.
330120 120 0 74 45.
330240 120 0 76 42.
330360 120 0 78 40.
330720 120 0 73 47.
330840 120 0 68 52.
330960 120 0 68 57.
331080 120 0 68 56.
331200 120 0 73 59.
331320 120 0 67 64.
331440 120 0 67 69.
331560 120 0 68 68.
331680 120 0 72 71.
331800 120 0 73 76.
331920 120 0 76 81.
332040 120 0 71 80.
332160 120 0 71 83.
332280 120 0 71 88.
332400 120 0 71 93.
332520 120 0 71 92.
332640 120 0 77 88.
332760 120 0 71 83.
332880 120 0 71 81.
333000 120 0 71 80.
333120 120 0 71 76.
333240 120 0 71 71.
333360 120 0 71 69.
333480 120 0 72 68.
333600 120 0 73 64.
333720 120 0 75 59.
333840 120 0 77 57.
333960 120 0 78 56.
334080 120 0 80 52.
334200 120 0 81 47.
334320 120 0 82 45.
334440 120 0 84 44.
334560 120 0 86 40.
334680 120 0 88 35.
336480 120 0 73 47.
336600 120 0 68 53.
336720 120 0 68 57.
336840 120 0 68 56.
336960 120 0 73 59.
337080 120 0 67 65.
337200 120 0 67 69.
337320 120 0 68 68.
337440 120 0 72 71.
337560 120 0 73 77.
337680 120 0 76 81.
337800 120 0 71 80.
337920 120 0 71 83.
338040 120 0 71 89.
338160 120 0 71 93.
338280 120 0 71 92.
338400 120 0 77 89.
338520 120 0 71 83.
338640 120 0 71 81.
338760 120 0 71 80.
338880 120 0 71 77.
339000 120 0 71 71.
339120 120 0 71 69.
339240 120 0 72 68.
339360 120 0 73 65.
339480 120 0 75 59.
339600 120 0 77 57.
339720 120 0 78 56.
339840 120 0 80 53.
339960 120 0 81 47.
340080 120 0 82 45.
340200 120 0 84 44.
340320 120 0 86 41.
340440 120 0 88 35.
342240 120 0 66 70.
342360 120 0 67 68.
342480 120 0 68 71.
342600 120 0 69 77.
342720 120 0 71 82.
342840 120 0 72 80.
342960 120 0 73 83.
343080 120 0 74 89.
343200 120 0 75 94.
343320 120 0 77 92.
343440 120 0 80 82.
343560 120 0 74 88.
343680 120 0 77 92.
343800 120 0 81 91.
343920 120 0 80 88.
344040 120 0 78 82.
344160 120 0 76 80.
344280 120 0 76 79.
344400 120 0 76 76.
344520 120 0 76 70.
344640 120 0 74 68.
344760 120 0 73 67.
344880 120 0 73 57.
345000 120 0 73 63.
345120 120 0 74 68.
345240 120 0 75 66.
345360 120 0 76 69.
345480 120 0 76 75.
345600 120 0 77 80.
345720 120 0 76 78.
345840 120 0 79 81.
345960 120 0 81 87.
346080 120 0 84 92.
346200 120 0 86 90.
346320 120 0 88 80.
346440 120 0 87 85.
346560 120 0 87 90.
346680 120 0 85 89.
346800 120 0 83 85.
346920 120 0 82 80.
347040 120 0 80 78.
347160 120 0 78 77.
347280 120 0 76 73.
347400 120 0 74 68.
347520 120 0 72 66.
347640 120 0 71 65.
347760 120 0 71 60.
347880 120 0 71 66.
348000 120 0 71 71.
348120 120 0 71 69.
348240 120 0 71 72.
348360 120 0 71 78.
348480 120 0 69 83.
348600 120 0 71 81.
348720 120 0 73 84.
348840 120 0 75 90.
348960 120 0 76 95.
349080 120 0 78 93.
349200 120 0 80 83.
349320 120 0 82 89.
349440 120 0 82 93.
349560 120 0 80 92.
349680 120 0 79 89.
349800 120 0 78 83.
349920 120 0 77 81.
350040 120 0 76 80.
350160 120 0 75 77.
350280 120 0 74 71.
350400 120 0 73 69.
350520 120 0 72 68.
350640 120 0 71 58.
350760 120 0 71 64.
350880 120 0 71 69.
351000 120 0 71 67.
351120 120 0 71 70.
351240 120 0 71 76.
351360 120 0 69 81.
351480 120 0 71 79.
351600 120 0 73 82.
351720 120 0 75 88.
351840 120 0 76 93.
351960 120 0 78 91.
352080 120 0 80 81.
352200 120 0 82 86.
352320 120 0 82 91.
352440 120 0 80 90.
352560 120 0 79 86.
352680 120 0 78 81.
352800 120 0 76 79.
352920 120 0 75 78.
353040 120 0 73 74.
353160 120 0 71 69.
353280 120 0 70 67.
353400 120 0 68 66.
353520 240 0 66 62.
353520 240 0 66 74.
353760 120 0 58 73.
353880 120 0 55 74.
354000 80 0 58 77.
354080 80 0 58 75.
354160 80 0 55 74.
354240 960 0 67 74.
354480 480 0 66 78.
354720 240 0 64 84.
354960 240 0 70 82.
355200 120 0 59 73.
355320 120 0 55 74.
355440 80 0 59 77.
355520 80 0 59 75.
355600 80 0 55 74.
355680 960 0 69 74.
355920 240 0 65 82.
356160 240 0 62 81.
356400 240 0 69 79.
356640 120 0 59 73.
356760 120 0 55 74.
356880 80 0 59 77.
356960 80 0 59 75.
357040 80 0 55 74.
357120 960 0 70 74.
357360 480 0 65 78.
357600 240 0 65 84.
357840 240 0 69 82.
358080 120 0 58 66.
358200 120 0 53 67.
358320 80 0 58 70.
358400 80 0 58 68.
358480 80 0 55 67.
358560 960 0 70 67.
358800 480 0 63 74.
359040 240 0 63 77.
359280 240 0 71 75.
359520 120 0 57 78.
359640 120 0 57 79.
359760 80 0 57 82.
359840 80 0 57 80.
359920 80 0 54 79.
360000 960 0 71 79.
360240 480 0 63 83.
360480 240 0 63 89.
360720 240 0 71 87.
360960 120 0 59 78.
361080 120 0 56 79.
361200 80 0 59 82.
361280 80 0 59 80.
361360 80 0 55 79.
361440 720 0 70 79.
361680 240 0 64 87.
361920 240 0 64 86.
362160 240 0 70 79.
362160 240 0 70 84.
362400 120 0 59 66.
362520 120 0 55 67.
362640 80 0 59 70.
362720 80 0 59 68.
362800 80 0 56 67.
362880 960 0 71 67.
363120 480 0 56 71.
363360 240 0 55 77.
363600 240 0 60 75.
363840 120 0 53 62.
363960 120 0 53 63.
364080 80 0 53 67.
364160 80 0 53 65.
364240 80 0 50 63.
364320 960 0 61 63.
364560 480 0 58 67.
364800 240 0 56 73.
365040 240 0 63 71.
365280 120 0 54 74.
365400 120 0 51 75.
365520 80 0 54 78.
365600 80 0 54 76.
365680 80 0 51 75.
365760 960 0 62 75.
366000 480 0 58 82.
366240 240 0 59 85.
366480 240 0 67 83.
366720 120 0 59 74.
366840 120 0 56 75.
366960 80 0 59 78.
367040 80 0 59 76.
367120 80 0 55 75.
367200 720 0 68 75.
367440 240 0 63 83.
367680 240 0 63 82.
367920 240 0 69 75.
367920 240 0 69 80.
368160 120 0 60 74.
368280 120 0 56 75.
368400 80 0 60 78.
368480 80 0 60 76.
368560 80 0 56 75.
368640 960 0 74 75.
368880 480 0 65 82.
369120 240 0 65 85.
369360 240 0 76 83.
369600 120 0 66 74.
369720 120 0 61 75.
369840 80 0 66 78.
369920 80 0 66 76.
370000 80 0 61 75.
370080 720 0 82 75.
370320 240 0 73 83.
370560 240 0 73 82.
370800 240 0 87 76.
370800 240 0 87 80.
371460 60 0 70 80.
371520 240 0 95 92.
371760 120 0 81 90.
371880 120 0 76 88.
372000 120 0 79 83.
372120 120 0 72 80.
372240 120 0 76 78.
372360 120 0 71 76.
372480 120 0 74 71.
372600 120 0 68 68.
372720 120 0 71 66.
372840 120 0 66 64.
372960 240 0 69 59.
373680 120 0 55 75.
373800 120 0 52 76.
373920 120 0 50 78.
374040 120 0 44 80.
374160 120 0 45 81.
374280 120 0 42 83.
374400 240 0 40 84.
375120 120 0 50 84.
375240 120 0 46 83.
375360 120 0 47 81.
375480 120 0 43 80.
375600 120 0 44 78.
375720 120 0 42 76.
375840 240 0 41 75.
376500 60 0 81 80.
376560 960 0 115 92.
377520 120 0 81 90.
377640 120 0 73 88.
377760 120 0 79 83.
377880 120 0 73 80.
378000 120 0 76 78.
378120 120 0 70 76.
378240 120 0 74 71.
378360 120 0 69 68.
378480 120 0 71 66.
378600 120 0 70 64.
378720 240 0 69 59.
379440 120 0 57 77.
379560 120 0 55 78.
379680 120 0 53 80.
379800 120 0 52 81.
379920 120 0 50 83.
380040 120 0 48 85.
380160 240 0 46 86.
380880 120 0 56 86.
381000 120 0 54 85.
381120 120 0 53 83.
381240 120 0 52 81.
381360 120 0 51 80.
381480 120 0 50 78.
381600 240 0 48 77.
382320 120 0 66 79.
382440 120 0 65 80.
382560 120 0 64 82.
382680 120 0 63 83.
382800 120 0 62 85.
382920 120 0 61 87.
383040 240 0 60 88.
383760 120 0 65 88.
383880 120 0 64 87.
384000 120 0 62 85.
384120 120 0 61 83.
384240 120 0 59 82.
384360 120 0 58 80.
384480 240 0 56 79.
385200 120 0 71 81.
385320 120 0 72 82.
385440 120 0 73 84.
385560 120 0 75 85.
385680 120 0 76 87.
1 480 0 41 46.
560 80 0 28 46.
640 80 0 29 49.
720 120 0 33 53.
1200 80 0 26 45.
1280 80 0 27 46.
1360 80 0 29 49.
1440 120 0 32 53.
2880 120 0 95 34.
3600 1440 0 85 58.
3600 1440 0 85 63.
3600 1440 0 85 70.
5040 360 0 56 58.
5040 360 0 56 63.
5040 360 0 56 70.
5400 120 0 61 58.
5400 120 0 61 63.
5400 120 0 61 70.
5520 240 0 66 58.
5520 240 0 66 63.
5520 240 0 66 70.
5760 240 0 62 61.
5760 240 0 62 70.
8640 120 0 95 32.
9360 1440 0 89 73.
9360 1440 0 85 56.
10800 360 0 58 56.
10800 360 0 58 66.
11160 120 0 63 56.
11160 120 0 63 66.
11280 240 0 68 56.
11280 240 0 68 66.
11520 240 0 65 68.
11520 240 0 65 65.
12240 480 0 77 65.
12240 480 0 77 53.
12960 480 0 77 41.
12960 480 0 77 53.
13680 1680 0 94 41.
15360 180 0 97 42.
17760 80 0 27 45.
17840 80 0 28 46.
17920 80 0 29 49.
18000 120 0 33 53.
18480 80 0 27 45.
18560 80 0 28 46.
18640 80 0 29 49.
18720 120 0 33 53.
20160 120 0 95 46.
20880 1080 0 85 63.
20880 1080 0 85 60.
20880 1080 0 85 66.
21960 120 0 56 58.
21960 120 0 56 63.
21960 120 0 56 70.
22080 240 0 56 58.
22080 240 0 56 63.
22080 240 0 56 70.
22320 360 0 56 63.
22320 360 0 56 60.
22320 360 0 56 70.
22680 120 0 61 60.
22680 120 0 61 58.
22680 120 0 61 70.
22800 240 0 66 63.
22800 240 0 66 58.
22800 240 0 66 70.
23040 240 0 62 65.
23040 240 0 62 61.
23520 80 0 27 45.
23600 80 0 29 46.
23680 80 0 30 49.
23760 120 0 34 53.
24240 80 0 24 45.
24320 80 0 26 46.
24400 80 0 27 49.
24480 120 0 32 53.
25920 120 0 95 24.
26640 1440 0 89 68.
26640 1440 0 89 65.
28080 360 0 58 60.
28080 360 0 58 64.
28440 120 0 63 64.
28440 120 0 63 72.
28560 240 0 68 70.
28560 240 0 68 64.
28800 240 0 65 72.
28800 240 0 65 68.
29520 480 0 77 53.
29520 480 0 77 60.
30240 480 0 77 53.
30240 480 0 77 41.
30960 1680 0 94 40.
32640 180 0 97 41.
34560 120 0 88 25.
35040 240 0 45 44.
35280 240 0 53 61.
35760 240 0 42 44.
36000 240 0 47 53.
37440 120 0 52 32.
38160 240 0 38 66.
38160 240 0 38 60.
38400 240 0 35 56.
38400 240 0 35 66.
38640 120 0 31 66.
38640 120 0 31 60.
39600 240 0 35 57.
39600 240 0 35 66.
39840 240 0 32 66.
39840 240 0 32 56.
40080 120 0 28 66.
40080 120 0 28 56.
40320 120 0 88 25.
40800 240 0 45 44.
41040 240 0 53 61.
41520 240 0 42 44.
41760 240 0 47 53.
43200 720 0 20 65.
43200 720 0 20 75.
43920 120 0 32 60.
44040 120 0 32 61.
44160 120 0 32 63.
44280 120 0 32 65.
44400 120 0 32 66.
44520 120 0 32 68.
44640 120 0 32 69.
45360 120 0 30 57.
45480 120 0 29 56.
45600 120 0 28 55.
45720 120 0 27 54.
45840 120 0 26 53.
45960 120 0 25 51.
46080 120 0 30 49.
46800 120 0 28 49.
46920 120 0 28 59.
47040 120 0 30 61.
47160 120 0 31 65.
47280 120 0 30 61.
47400 120 0 29 59.
47520 120 0 28 54.
47640 120 0 28 59.
47760 120 0 31 61.
47880 120 0 34 66.
48000 120 0 31 61.
48120 120 0 29 59.
48240 120 0 30 49.
48360 120 0 28 58.
48480 120 0 30 61.
48600 120 0 33 66.
48720 120 0 31 61.
48840 120 0 30 58.
48960 120 0 30 56.
49080 120 0 28 59.
49200 120 0 30 61.
49320 120 0 33 68.
49440 120 0 31 61.
49560 120 0 29 59.
49680 120 0 30 49.
49800 120 0 28 59.
49920 120 0 30 61.
50040 120 0 31 65.
50160 120 0 30 61.
50280 120 0 29 59.
51120 120 0 33 52.
51240 120 0 36 58.
51360 120 0 39 61.
51480 120 0 37 68.
51600 120 0 34 61.
51720 120 0 31 58.
51840 120 0 36 51.
51960 120 0 38 58.
52080 120 0 41 61.
52200 120 0 45 67.
52320 120 0 42 61.
52440 120 0 39 58.
52560 120 0 39 55.
52680 120 0 38 61.
52800 120 0 41 63.
52920 120 0 46 70.
53040 120 0 42 63.
53160 120 0 39 61.
53280 120 0 38 56.
53400 120 0 38 61.
53520 120 0 42 63.
53640 120 0 45 68.
53760 120 0 41 63.
54000 120 0 38 51.
54120 120 0 37 60.
54240 120 0 40 63.
54360 120 0 44 68.
54480 120 0 41 63.
54600 120 0 39 60.
54720 120 0 39 58.
54840 120 0 37 61.
54960 120 0 40 63.
55080 120 0 42 70.
55200 120 0 41 63.
55320 120 0 39 61.
55440 120 0 38 51.
55560 120 0 36 61.
55680 120 0 38 63.
55800 120 0 40 67.
55920 120 0 40 63.
56040 120 0 37 61.
56160 120 0 38 56.
56280 120 0 40 60.
56400 120 0 44 63.
56520 120 0 45 68.
56640 120 0 44 63.
56760 120 0 42 60.
56880 720 0 40 55.
57600 720 0 36 54.
58320 720 0 38 54.
59040 720 0 33 53.
59760 120 0 35 53.
59880 120 0 38 56.
60000 120 0 41 61.
60120 120 0 42 68.
60240 120 0 40 61.
60480 120 0 35 51.
60600 120 0 38 56.
60720 120 0 41 60.
60840 120 0 41 66.
60960 120 0 39 60.
61200 120 0 35 51.
61320 120 0 34 56.
61440 120 0 37 60.
61560 120 0 39 66.
61680 120 0 36 60.
61800 120 0 31 56.
61920 120 0 32 50.
62040 120 0 31 56.
62160 120 0 35 59.
62280 120 0 37 65.
62400 120 0 36 59.
62520 120 0 34 56.
62640 120 0 33 50.
62760 120 0 30 56.
62880 120 0 35 58.
63000 120 0 37 65.
63120 120 0 36 58.
63240 120 0 34 56.
63360 120 0 35 51.
63480 120 0 35 54.
63600 120 0 38 58.
63720 120 0 39 63.
63840 120 0 38 58.
63960 120 0 36 54.
64080 120 0 32 42.
64200 120 0 31 54.
64320 120 0 36 58.
64440 120 0 38 63.
64560 120 0 36 58.
64680 120 0 34 54.
64800 120 0 34 44.
64920 120 0 36 53.
65040 120 0 37 56.
65160 120 0 39 61.
65280 120 0 37 56.
65400 120 0 35 53.
65520 120 0 36 44.
65640 120 0 34 53.
65760 120 0 35 56.
65880 120 0 38 61.
66000 120 0 37 56.
66120 120 0 36 53.
66240 120 0 36 44.
66360 120 0 34 54.
66480 120 0 36 56.
66600 120 0 36 60.
66720 120 0 35 56.
66840 120 0 34 54.
66960 120 0 34 44.
67080 120 0 31 54.
67200 120 0 35 56.
67320 120 0 37 60.
67440 120 0 35 56.
67560 120 0 33 54.
67680 120 0 34 49.
67800 120 0 33 56.
67920 120 0 36 61.
68040 120 0 37 65.
68160 120 0 36 61.
68280 120 0 35 58.
68400 240 0 37 56.
68640 120 0 39 65.
68760 120 0 40 68.
68880 120 0 39 65.
69120 720 0 42 54.
69840 720 0 51 54.
70560 720 0 37 53.
71280 120 0 39 53.
71400 120 0 41 56.
71520 120 0 45 61.
71640 120 0 46 68.
71760 120 0 44 61.
71880 120 0 40 56.
72000 120 0 39 51.
72120 120 0 41 56.
72240 120 0 45 60.
72360 120 0 45 66.
72480 120 0 42 60.
72600 120 0 39 56.
72720 120 0 37 51.
72840 120 0 37 56.
72960 120 0 40 60.
73080 120 0 42 66.
73200 120 0 39 60.
73320 120 0 34 56.
73440 120 0 39 50.
73560 120 0 37 56.
73680 120 0 41 59.
73800 120 0 44 65.
73920 120 0 42 59.
74040 120 0 40 56.
74160 120 0 35 50.
74280 120 0 36 56.
74400 120 0 41 58.
74520 120 0 44 65.
74640 120 0 42 58.
74760 120 0 40 56.
74880 120 0 35 51.
75000 120 0 38 54.
75120 120 0 41 58.
75240 120 0 42 63.
75360 120 0 41 58.
75480 120 0 39 54.
75600 120 0 34 42.
75720 120 0 34 54.
75840 120 0 39 58.
75960 120 0 41 63.
76080 120 0 39 58.
76200 120 0 37 54.
76320 120 0 36 44.
76440 120 0 39 53.
76560 120 0 40 56.
76680 120 0 42 61.
76800 120 0 40 56.
76920 120 0 38 53.
77040 120 0 35 44.
77160 120 0 35 53.
77280 120 0 37 56.
77400 120 0 39 61.
77520 120 0 37 56.
77640 120 0 35 53.
77760 120 0 35 44.
77880 120 0 37 53.
78000 120 0 39 56.
78120 120 0 41 62.
78240 120 0 39 56.
78360 120 0 36 53.
78480 120 0 37 44.
78600 120 0 39 53.
78720 120 0 43 56.
78840 120 0 48 62.
78960 120 0 45 56.
79080 120 0 41 53.
79200 120 0 39 44.
79320 120 0 40 53.
79440 120 0 43 56.
79560 120 0 45 62.
79680 120 0 42 56.
79800 120 0 36 53.
79920 120 0 39 44.
80040 120 0 40 53.
80160 120 0 43 56.
80280 120 0 47 62.
80400 120 0 44 56.
80520 120 0 40 53.
80640 120 0 41 44.
80760 120 0 43 51.
80880 120 0 47 54.
81000 120 0 50 63.
81120 120 0 46 54.
81240 120 0 43 51.
81360 120 0 67 44.
81480 120 0 50 51.
81600 120 0 55 54.
81720 120 0 58 63.
81840 120 0 55 54.
82080 120 0 62 44.
82200 120 0 50 51.
82320 120 0 55 54.
82440 120 0 58 60.
82560 120 0 55 54.
82680 120 0 51 51.
82800 120 0 67 44.
82920 120 0 57 51.
83040 120 0 61 54.
83160 120 0 65 60.
83280 120 0 62 54.
83400 120 0 59 51.
83520 120 0 71 37.
84000 120 0 70 44.
84120 120 0 75 53.
84240 240 0 83 61.
84960 120 0 87 32.
85440 120 0 68 44.
85560 120 0 74 51.
85680 240 0 84 60.
86400 120 0 87 37.
86880 120 0 70 44.
87000 120 0 75 53.
87120 240 0 83 61.
87840 120 0 87 32.
88320 120 0 68 44.
88440 120 0 74 51.
88560 240 0 84 60.
89280 240 0 87 25.
89760 120 0 68 44.
89880 120 0 74 53.
90000 240 0 84 61.
92160 120 0 102 25.
92880 720 0 102 61.
95520 80 0 27 45.
95600 80 0 28 46.
95680 80 0 29 49.
95760 120 0 34 53.
96240 80 0 26 45.
96320 80 0 27 46.
96400 80 0 29 49.
96480 120 0 34 53.
97920 120 0 95 34.
98640 1440 0 85 58.
98640 1440 0 85 63.
98640 1440 0 85 70.
100080 360 0 56 58.
100080 360 0 56 63.
100080 360 0 56 70.
100440 120 0 61 58.
100440 120 0 61 63.
100440 120 0 61 70.
100560 240 0 66 58.
100560 240 0 66 63.
100560 240 0 66 70.
100800 240 0 62 61.
100800 240 0 62 70.
103680 120 0 95 32.
104400 1440 0 89 56.
104400 1440 0 89 73.
105840 144 0 52 63.
105840 144 0 52 68.
105984 144 0 52 63.
105984 144 0 52 68.
106128 144 0 54 66.
106128 144 0 54 56.
106272 144 0 61 66.
106272 144 0 61 56.
106416 144 0 58 66.
106416 144 0 58 56.
106560 240 0 58 61.
107280 480 0 77 65.
107280 480 0 77 53.
108000 480 0 77 41.
108000 480 0 77 53.
108720 1680 0 94 41.
110400 180 0 97 42.
112800 80 0 27 45.
112880 80 0 28 46.
112960 80 0 29 49.
113040 120 0 34 53.
113520 80 0 27 45.
113600 80 0 28 46.
113680 80 0 29 49.
113760 120 0 34 53.
115200 120 0 95 46.
115920 1080 0 85 63.
115920 1080 0 85 60.
115920 1080 0 85 66.
117000 120 0 56 58.
117000 120 0 56 63.
117000 120 0 56 70.
117120 240 0 56 58.
117120 240 0 56 63.
117120 240 0 56 70.
117360 360 0 56 63.
117360 360 0 56 60.
117360 360 0 56 70.
117720 120 0 61 60.
117720 120 0 61 58.
117720 120 0 61 70.
117840 240 0 66 63.
117840 240 0 66 58.
117840 240 0 66 70.
118080 240 0 62 65.
118080 240 0 62 61.
118560 80 0 27 45.
118640 80 0 29 46.
118720 80 0 30 49.
118800 120 0 35 53.
119280 80 0 24 45.
119360 80 0 26 46.
119440 80 0 27 49.
119520 120 0 34 53.
120960 120 0 95 24.
121680 1440 0 89 68.
121680 1440 0 89 65.
123120 180 0 69 60.
123120 180 0 69 64.
123300 180 0 63 60.
123300 180 0 63 70.
123480 180 0 61 64.
123480 180 0 61 72.
123660 180 0 62 72.
123660 180 0 62 60.
123840 240 0 68 72.
123840 240 0 68 68.
124560 480 0 77 53.
124560 480 0 77 60.
125280 480 0 77 53.
125280 480 0 77 41.
126000 1440 0 94 40.
129600 120 0 88 25.
130080 240 0 45 44.
130320 240 0 53 61.
130800 240 0 42 44.
131040 240 0 47 53.
132480 120 0 52 32.
133200 240 0 38 66.
133200 240 0 38 60.
133440 240 0 35 56.
133440 240 0 35 66.
133680 120 0 31 66.
133680 120 0 31 60.
134640 240 0 35 57.
134640 240 0 35 66.
134880 240 0 32 66.
134880 240 0 32 56.
135120 120 0 28 66.
135120 120 0 28 56.
135360 120 0 88 25.
135840 240 0 45 44.
136080 240 0 53 61.
136560 240 0 42 44.
136800 240 0 47 53.
138240 720 0 25 65.
138240 720 0 25 75.
138960 120 0 32 60.
139080 120 0 32 61.
139200 120 0 32 63.
139320 120 0 32 65.
139440 120 0 32 66.
139560 120 0 32 68.
139680 120 0 32 69.
140400 120 0 30 57.
140520 120 0 29 56.
140640 120 0 28 55.
140760 120 0 27 54.
140880 120 0 26 53.
141000 120 0 25 51.
141120 120 0 27 49.
141720 120 0 30 56.
141840 120 0 29 49.
141960 120 0 28 59.
142080 120 0 30 61.
142200 120 0 31 65.
142320 120 0 30 61.
142440 120 0 29 59.
142560 120 0 28 54.
142680 120 0 28 59.
142800 120 0 31 61.
142920 120 0 34 66.
143040 120 0 31 61.
143160 120 0 29 59.
143280 120 0 29 49.
143400 120 0 28 58.
143520 120 0 30 61.
143640 120 0 33 66.
143760 120 0 31 61.
143880 120 0 30 58.
144000 120 0 28 56.
144120 120 0 28 59.
144240 120 0 30 61.
144360 120 0 33 68.
144480 120 0 31 61.
144600 120 0 29 59.
144720 120 0 29 49.
144840 120 0 28 59.
144960 120 0 30 61.
145080 120 0 31 65.
145200 120 0 30 61.
145320 120 0 29 59.
145440 120 0 29 54.
145560 120 0 30 58.
145680 120 0 34 61.
145800 120 0 35 66.
145920 120 0 34 61.
146040 120 0 33 58.
146160 120 0 35 52.
146280 120 0 36 58.
146400 120 0 39 61.
146520 120 0 37 68.
146640 120 0 34 61.
146760 120 0 31 58.
146880 120 0 36 51.
147000 120 0 38 58.
147120 120 0 41 61.
147240 120 0 45 67.
147360 120 0 42 61.
147480 120 0 39 58.
147600 120 0 36 55.
147720 120 0 38 61.
147840 120 0 41 63.
147960 120 0 46 70.
148080 120 0 42 63.
148200 120 0 39 61.
148320 120 0 37 56.
148440 120 0 38 61.
148560 120 0 42 63.
148680 120 0 45 68.
148800 120 0 41 63.
148920 120 0 38 61.
149040 120 0 36 51.
149160 120 0 37 60.
149280 120 0 40 63.
149400 120 0 44 68.
149520 120 0 41 63.
149640 120 0 39 60.
149760 120 0 36 58.
149880 120 0 37 61.
150000 120 0 40 63.
150120 120 0 42 70.
150240 120 0 41 63.
150480 120 0 37 51.
150600 120 0 36 61.
150720 120 0 38 63.
150840 120 0 40 67.
150960 120 0 40 63.
151080 120 0 37 61.
151200 120 0 50 56.
151320 120 0 40 60.
151440 120 0 44 63.
151560 120 0 45 68.
151680 120 0 44 63.
151800 120 0 42 60.
151920 720 0 39 55.
152640 720 0 38 54.
153360 720 0 47 54.
154080 720 0 34 53.
154800 120 0 36 53.
154920 120 0 38 56.
155040 120 0 41 61.
155160 120 0 42 68.
155280 120 0 40 61.
155520 120 0 35 51.
155640 120 0 38 56.
155760 120 0 41 60.
155880 120 0 41 66.
156000 120 0 39 60.
156120 120 0 36 56.
156240 120 0 34 51.
156360 120 0 34 56.
156480 120 0 37 60.
156600 120 0 39 66.
156720 120 0 36 60.
156840 120 0 31 56.
156960 120 0 31 50.
157080 120 0 31 56.
157200 120 0 35 59.
157320 120 0 37 65.
157440 120 0 36 59.
157560 120 0 34 56.
157680 120 0 34 50.
157800 120 0 30 56.
157920 120 0 35 58.
158040 120 0 37 65.
158160 120 0 36 58.
158280 120 0 34 56.
158400 120 0 34 51.
158520 120 0 35 54.
158640 120 0 38 58.
158760 120 0 39 63.
158880 120 0 38 58.
159000 120 0 36 54.
159120 120 0 34 42.
159240 120 0 31 54.
159360 120 0 36 58.
159480 120 0 38 63.
159600 120 0 36 58.
159720 120 0 34 54.
159840 120 0 35 44.
159960 120 0 36 53.
160080 120 0 37 56.
160200 120 0 39 61.
160320 120 0 37 56.
160440 120 0 35 53.
160560 120 0 33 44.
160680 120 0 34 53.
160800 120 0 35 56.
160920 120 0 38 61.
161040 120 0 37 56.
161160 120 0 36 53.
161280 120 0 39 44.
161400 120 0 34 54.
161520 120 0 36 56.
161640 120 0 36 60.
161760 120 0 35 56.
161880 120 0 34 54.
162000 120 0 31 44.
162120 120 0 31 54.
162240 120 0 35 56.
162360 120 0 37 60.
162480 120 0 35 56.
162600 120 0 33 54.
162720 120 0 33 49.
162840 120 0 33 56.
162960 120 0 36 61.
163080 120 0 37 65.
163200 120 0 36 61.
163440 120 0 36 56.
163560 120 0 36 61.
163680 120 0 39 65.
163800 120 0 40 68.
163920 120 0 39 65.
164040 120 0 38 61.
164160 720 0 38 54.
164880 720 0 41 54.
165600 720 0 37 53.
166320 120 0 39 53.
166440 120 0 41 56.
166560 120 0 45 61.
166680 120 0 46 68.
166800 120 0 44 61.
166920 120 0 40 56.
167040 120 0 39 51.
167160 120 0 41 56.
167280 120 0 45 60.
167400 120 0 45 66.
167520 120 0 42 60.
167640 120 0 39 56.
167760 120 0 38 51.
167880 120 0 37 56.
168000 120 0 40 60.
168120 120 0 42 66.
168240 120 0 39 60.
168480 120 0 35 50.
168600 120 0 37 56.
168720 120 0 41 59.
168840 120 0 44 65.
168960 120 0 42 59.
169080 120 0 40 56.
169200 120 0 35 50.
169320 120 0 36 56.
169440 120 0 41 58.
169560 120 0 44 65.
169680 120 0 42 58.
169800 120 0 40 56.
169920 120 0 37 51.
170040 120 0 38 54.
170160 120 0 41 58.
170280 120 0 42 63.
170400 120 0 41 58.
170520 120 0 39 54.
170640 120 0 37 42.
170760 120 0 34 54.
170880 120 0 39 58.
171000 120 0 41 63.
171120 120 0 39 58.
171360 120 0 37 44.
171480 120 0 39 53.
171600 120 0 40 56.
171720 120 0 42 61.
171840 120 0 40 56.
171960 120 0 38 53.
172080 120 0 35 44.
172200 120 0 35 53.
172320 120 0 37 56.
172440 120 0 39 61.
172560 120 0 37 56.
172680 120 0 35 53.
172800 120 0 38 44.
172920 120 0 37 53.
173040 120 0 39 56.
173160 120 0 41 62.
173280 120 0 39 56.
173400 120 0 36 53.
173520 120 0 40 44.
173640 120 0 39 53.
173760 120 0 43 56.
173880 120 0 48 62.
174000 120 0 45 56.
174120 120 0 41 53.
174240 120 0 40 44.
174360 120 0 40 53.
174480 120 0 43 56.
174600 120 0 45 62.
174720 120 0 42 56.
174840 120 0 36 53.
174960 120 0 52 44.
175080 120 0 40 53.
175200 120 0 43 56.
175320 120 0 47 62.
175440 120 0 44 56.
175680 120 0 54 44.
175800 120 0 43 51.
175920 120 0 47 54.
176040 120 0 50 63.
176160 120 0 46 54.
176280 120 0 43 51.
176400 120 0 67 44.
176520 120 0 50 51.
176640 120 0 55 54.
176760 120 0 58 63.
176880 120 0 55 54.
177120 120 0 62 44.
177240 120 0 50 51.
177360 120 0 55 54.
177480 120 0 58 60.
177600 120 0 55 54.
177720 120 0 51 51.
177840 120 0 67 44.
177960 120 0 57 51.
178080 120 0 61 54.
178200 120 0 65 60.
178320 120 0 62 54.
178560 120 0 71 37.
179040 120 0 70 44.
179160 120 0 75 53.
179280 240 0 83 61.
180000 120 0 87 32.
180480 120 0 68 44.
180600 120 0 74 51.
180720 240 0 84 60.
181440 120 0 87 37.
181920 120 0 70 44.
182040 120 0 75 53.
182160 240 0 83 61.
182880 120 0 87 32.
183360 120 0 68 44.
183480 120 0 74 51.
183600 240 0 84 60.
184320 240 0 87 25.
184800 120 0 68 44.
184920 120 0 74 53.
185040 240 0 84 61.
187200 120 0 102 25.
187920 720 0 102 61.
190080 720 0 40 33.
192960 720 0 40 33.
195840 1200 0 34 40.
197040 1680 0 30 45.
199200 240 0 32 52.
199200 240 0 32 58.
199440 240 0 38 50.
199440 240 0 38 59.
199920 240 0 32 54.
199920 240 0 32 62.
200160 480 0 36 53.
200160 480 0 36 61.
200640 240 0 31 52.
200640 240 0 31 58.
200880 240 0 37 50.
200880 240 0 37 59.
201360 240 0 32 54.
201360 240 0 32 62.
201600 240 0 29 49.
201660 180 0 29 56.
204480 720 0 40 33.
207360 720 0 40 33.
210960 1200 0 34 40.
212160 240 0 30 45.
212400 1440 0 26 45.
217200 240 0 26 59.
217200 240 0 26 65.
217440 240 0 31 57.
217440 240 0 31 66.
217920 240 0 28 61.
217920 240 0 28 69.
218160 480 0 31 60.
218160 480 0 31 68.
218640 240 0 27 59.
218640 240 0 27 65.
218880 240 0 31 57.
218880 240 0 31 66.
219360 240 0 25 61.
219360 240 0 25 69.
219600 240 0 24 56.
219600 240 0 24 72.
222480 720 0 33 49.
223200 720 0 33 54.
223440 240 0 32 60.
223680 480 0 32 56.
226080 720 0 33 54.
226320 240 0 31 60.
226560 480 0 31 56.
227520 240 0 31 59.
228240 720 0 36 57.
228480 240 0 31 66.
228720 480 0 31 61.
228960 720 0 33 59.
229200 240 0 31 65.
229440 480 0 31 61.
231120 720 0 33 57.
231360 240 0 31 69.
231600 480 0 31 61.
231840 720 0 33 59.
232080 240 0 31 65.
232320 480 0 31 61.
233280 120 0 31 45.
233520 240 0 28 61.
233760 240 0 28 54.
234000 240 0 30 44.
234720 720 0 31 52.
234960 240 0 33 61.
235200 240 0 33 56.
235440 720 0 38 54.
236880 240 0 36 44.
238320 1440 0 33 47.
238560 1200 0 29 54.
239040 720 0 33 63.
239760 720 0 32 52.
240000 240 0 29 59.
240480 720 0 35 51.
240720 240 0 30 59.
241200 240 0 32 52.
241440 240 0 30 64.
241680 240 0 30 56.
241920 720 0 32 47.
242640 120 0 36 45.
242880 240 0 31 64.
243120 240 0 31 54.
243360 120 0 40 42.
243600 240 0 35 64.
243840 240 0 35 54.
244080 120 0 38 47.
244320 1200 0 34 59.
244560 240 0 31 54.
244800 240 0 38 56.
245520 720 0 35 52.
245760 240 0 31 59.
246240 720 0 38 51.
246480 240 0 33 59.
246960 240 0 35 52.
247200 240 0 33 64.
247440 240 0 33 56.
247680 720 0 35 47.
248400 120 0 36 45.
248640 240 0 31 64.
248880 240 0 31 54.
249120 120 0 40 42.
249360 240 0 35 64.
249600 240 0 35 54.
249840 120 0 42 47.
250080 1200 0 36 59.
250320 240 0 36 54.
250560 240 0 38 56.
251280 720 0 49 52.
251520 240 0 44 59.
252000 120 0 67 47.
252240 240 0 74 64.
252480 240 0 74 56.
252720 240 0 70 45.
252960 480 0 77 48.
254160 720 0 66 40.
254880 120 0 68 35.
255120 240 0 68 52.
255360 240 0 68 47.
255600 240 0 75 33.
255840 480 0 86 36.
257040 240 0 104 28.
258480 240 0 80 68.
258480 240 0 80 52.
261360 720 0 102 28.
262800 720 0 50 33.
265680 720 0 50 33.
269280 1200 0 41 40.
270480 1680 0 36 45.
272640 240 0 32 52.
272640 240 0 32 58.
272880 240 0 38 50.
272880 240 0 38 59.
273360 240 0 32 54.
273360 240 0 32 62.
273600 480 0 36 53.
273600 480 0 36 61.
274080 240 0 31 52.
274080 240 0 31 58.
274320 240 0 37 50.
274320 240 0 37 59.
274800 240 0 32 54.
274800 240 0 32 62.
275040 240 0 29 49.
275160 120 0 29 65.
275760 120 0 25 37.
277920 2880 0 34 45.
278640 2160 0 30 38.
280800 3600 0 34 45.
281520 2880 0 30 38.
284400 720 0 28 52.
285120 480 0 28 50.
285600 240 0 25 49.
285840 1440 0 22 52.
290640 240 0 26 62.
290880 240 0 31 61.
291360 240 0 28 64.
291600 480 0 31 63.
292080 240 0 27 62.
292320 240 0 31 61.
292800 240 0 25 64.
293040 240 0 24 63.
295920 720 0 33 49.
296640 720 0 33 54.
296880 240 0 32 60.
297120 480 0 32 56.
299520 720 0 33 54.
299760 240 0 31 60.
300000 480 0 31 56.
300960 240 0 31 59.
301680 720 0 36 57.
301920 240 0 31 66.
302160 480 0 31 61.
302400 720 0 33 59.
302640 240 0 31 65.
302880 480 0 31 61.
304560 720 0 33 57.
304800 240 0 31 69.
305040 480 0 31 61.
305280 720 0 33 59.
305520 240 0 31 65.
305760 480 0 31 61.
306720 120 0 31 45.
306960 240 0 28 61.
307200 240 0 28 54.
307440 240 0 30 44.
308160 720 0 31 52.
308400 240 0 33 61.
308640 240 0 33 56.
308880 240 0 38 44.
310320 240 0 36 44.
311760 1440 0 33 47.
312240 960 0 29 57.
313200 720 0 32 52.
313440 240 0 29 59.
313920 720 0 35 51.
314160 240 0 30 59.
314640 240 0 32 52.
314880 240 0 30 64.
315120 240 0 30 56.
315360 720 0 32 47.
316080 120 0 36 45.
316320 240 0 31 64.
316560 240 0 31 54.
316800 120 0 40 42.
317040 240 0 35 64.
317280 240 0 35 54.
317520 120 0 38 47.
317760 1200 0 34 59.
318000 240 0 31 54.
318240 240 0 38 56.
318960 720 0 35 52.
319200 240 0 31 59.
319680 720 0 38 51.
319920 240 0 33 59.
320400 240 0 35 52.
320640 240 0 33 64.
320880 240 0 33 56.
321120 720 0 35 47.
321840 120 0 36 45.
322080 240 0 31 64.
322320 240 0 31 54.
322560 120 0 40 42.
322800 240 0 35 64.
323040 240 0 35 54.
323280 120 0 42 47.
323520 1200 0 36 59.
323760 240 0 36 54.
324000 240 0 38 56.
324720 720 0 49 52.
324960 240 0 44 59.
325440 120 0 62 47.
325680 240 0 67 64.
325920 240 0 67 56.
326160 240 0 70 45.
326400 480 0 77 48.
327600 720 0 66 40.
328320 120 0 68 35.
328560 240 0 66 52.
328800 240 0 66 47.
329040 240 0 75 33.
329280 480 0 86 36.
330480 240 0 104 28.
331920 240 0 80 68.
331920 240 0 80 52.
334800 720 0 102 28.
336240 240 0 104 38.
337680 240 0 80 56.
337680 240 0 80 59.
340560 1440 0 102 26.
342000 240 0 108 25.
342720 240 0 84 44.
342960 240 0 90 51.
343200 240 0 84 49.
343440 480 0 95 49.
344160 120 0 90 37.
344880 240 0 90 25.
345600 240 0 82 42.
345840 240 0 87 51.
346080 240 0 82 49.
346320 120 0 93 49.
346560 240 0 71 31.
346800 240 0 71 32.
347040 240 0 71 32.
347280 240 0 75 39.
347520 240 0 74 37.
347760 240 0 93 38.
348480 240 0 81 45.
348720 240 0 86 64.
348960 240 0 79 50.
349200 480 0 93 50.
349920 120 0 97 38.
350640 240 0 93 38.
351360 240 0 81 43.
351600 240 0 86 64.
351840 240 0 79 50.
352080 120 0 86 50.
352320 240 0 71 37.
352560 240 0 71 38.
352800 120 0 77 38.
353040 240 0 70 35.
353280 240 0 71 36.
353520 240 0 84 34.
353760 240 0 56 62.
354000 240 0 56 50.
354240 240 0 68 45.
354480 240 0 56 62.
354720 240 0 56 50.
354960 240 0 66 43.
355200 240 0 56 62.
355440 240 0 56 50.
355680 720 0 65 48.
356160 240 0 56 57.
356400 240 0 65 46.
356640 240 0 56 62.
356880 240 0 56 50.
357120 240 0 66 45.
357360 240 0 56 62.
357600 240 0 56 50.
357840 240 0 65 43.
358080 240 0 56 62.
358320 240 0 56 55.
358560 240 0 64 47.
358800 240 0 56 62.
359040 240 0 56 55.
359280 240 0 65 48.
359520 240 0 56 63.
359760 240 0 56 55.
360000 240 0 65 50.
360240 240 0 54 65.
360480 240 0 54 55.
360720 240 0 66 51.
360960 240 0 54 67.
361200 240 0 54 55.
361440 720 0 64 53.
361920 240 0 54 59.
362160 720 0 63 51.
362640 240 0 52 60.
362880 720 0 58 50.
363600 720 0 57 48.
364080 240 0 49 55.
364320 720 0 55 46.
364800 240 0 50 55.
365040 240 0 56 44.
365280 240 0 50 59.
365520 240 0 50 51.
365760 240 0 57 43.
366000 240 0 52 63.
366240 240 0 52 51.
366480 240 0 59 44.
366720 240 0 53 63.
366960 240 0 53 51.
366960 240 0 53 59.
367200 240 0 64 46.
367440 240 0 54 63.
367680 240 0 54 51.
367680 240 0 54 61.
367920 240 0 66 47.
368160 240 0 57 63.
368400 240 0 57 51.
368400 240 0 57 59.
368640 240 0 68 43.
368880 240 0 60 63.
369120 240 0 60 51.
369360 240 0 70 44.
369600 240 0 60 63.
369840 240 0 60 51.
369840 240 0 60 59.
370080 240 0 72 46.
370320 240 0 67 63.
370560 240 0 72 51.
370560 240 0 72 61.
370800 120 0 86 35.
371280 240 0 50 64.
371520 240 0 62 71.
372000 240 0 51 56.
372240 240 0 61 59.
373680 120 0 40 35.
374400 240 0 38 63.
374400 240 0 38 57.
374640 240 0 44 60.
374640 240 0 44 63.
374880 240 0 42 63.
374880 240 0 42 57.
375120 120 0 39 66.
375120 120 0 39 60.
375840 240 0 53 35.
376080 240 0 49 45.
376320 240 0 53 36.
376560 120 0 52 35.
376800 240 0 45 64.
377040 240 0 45 64.
377280 360 0 51 71.
377640 120 0 45 64.
377760 240 0 45 56.
378000 240 0 52 59.
379440 120 0 40 38.
380160 240 0 38 66.
380160 240 0 38 59.
380400 240 0 44 59.
380400 240 0 44 69.
380640 240 0 42 66.
380640 240 0 42 59.
380880 120 0 39 68.
380880 120 0 39 59.
381600 240 0 53 38.
381840 240 0 53 48.
382080 240 0 53 37.
382320 120 0 47 40.
383040 240 0 48 68.
383040 240 0 48 61.
383280 240 0 53 61.
383280 240 0 53 71.
383520 240 0 51 68.
383520 240 0 51 61.
383760 120 0 49 70.
383760 120 0 49 61.
384480 240 0 58 40.
384720 240 0 58 50.
384960 240 0 58 39.
385200 120 0 55 42.
385680 240 0 49 60.
385680 240 0 49 69.
385920 240 0 54 63.
385920 240 0 54 75.
386400 240 0 52 60.
386400 240 0 52 69.
386640 240 0 56 63.
386640 240 0 56 75.
387120 240 0 70 54.
387360 240 0 70 54.
387600 240 0 70 54.
387840 240 0 70 54.
388080 240 0 73 53.
388080 240 0 73 63.
388800 120 0 89 89.
388920 120 0 81 88.
389040 120 0 79 87.
389160 120 0 78 84.
389280 240 0 76 81.
389760 120 0 88 65.
389880 120 0 81 64.
390000 120 0 79 63.
390120 120 0 77 60.
390240 240 0 75 57.
390720 240 0 117 41.
390960 240 0 100 34.
391200 240 0 58 70.
391440 240 0 58 65.
391680 240 0 81 44.
391920 240 0 58 68.
392160 240 0 58 65.
392400 240 0 81 42.
392640 240 0 58 66.
392880 240 0 58 61.
393120 240 0 80 41.
393360 240 0 56 65.
393600 240 0 56 61.
393840 240 0 81 39.
394080 240 0 56 63.
394320 240 0 56 58.
394560 240 0 81 37.
394800 240 0 62 61.
395040 240 0 61 53.
395280 240 0 81 36.
395520 240 0 57 60.
395760 240 0 57 51.
396000 240 0 80 34.
396240 480 0 58 58.
396480 240 0 58 51.
396720 240 0 76 48.
396720 240 0 76 53.

