0 2256 0 127 83.
0 2256 0 127 95.
0 2256 0 127 76.
0 2256 0 127 79.
2304 2256 0 127 64.
2304 2256 0 127 54.
2304 2256 0 127 34.
4608 96 0 59 41.
4704 96 0 46 42.
4800 94 0 43 36.
4896 96 0 73 53.
4992 96 0 75 54.
5088 96 0 85 59.
5184 192 0 62 55.
5184 96 0 86 62.
5280 96 0 84 58.
5376 160 0 42 50.
5376 96 0 97 61.
5472 96 0 95 59.
5568 96 0 99 62.
5664 96 0 108 66.
5760 96 0 64 50.
5760 94 0 108 71.
5856 96 0 50 42.
5952 94 0 49 36.
6048 96 0 69 53.
6144 96 0 70 54.
6240 96 0 77 59.
6336 192 0 66 55.
6336 96 0 85 62.
6432 96 0 81 58.
6528 160 0 45 54.
6528 160 0 42 50.
6624 96 0 89 59.
6720 96 0 98 62.
6816 96 0 105 66.
6912 48 0 97 47.
7104 96 0 62 76.
7200 96 0 58 70.
7296 96 0 69 74.
7392 96 0 64 71.
7488 48 0 47 62.
7488 96 0 75 79.
7584 96 0 76 73.
7680 48 0 49 47.
7776 96 0 86 74.
7872 96 0 84 85.
7872 48 0 58 54.
7968 96 0 85 77.
8064 96 0 85 83.
8160 96 0 91 78.
8256 96 0 98 88.
8256 48 0 62 62.
8352 96 0 98 82.
8448 48 0 67 47.
8544 96 0 107 83.
8640 48 0 105 95.
8640 48 0 73 62.
9216 96 0 64 42.
9312 96 0 49 43.
9408 94 0 42 35.
9504 96 0 61 58.
9600 96 0 72 59.
9696 96 0 76 64.
9792 192 0 68 57.
9792 96 0 80 67.
9888 96 0 88 63.
9984 96 0 87 66.
9984 160 0 45 59.
10080 96 0 91 64.
10176 96 0 95 67.
10272 96 0 105 71.
10368 96 0 68 42.
10368 32 0 104 76.
10464 96 0 47 43.
10560 94 0 46 35.
10656 96 0 64 58.
10752 96 0 68 59.
10848 96 0 72 64.
10944 192 0 64 60.
10944 96 0 82 67.
11040 96 0 88 63.
11136 160 0 43 59.
11136 96 0 92 66.
11232 96 0 89 64.
11328 96 0 101 67.
11424 96 0 105 71.
11520 48 0 43 47.
11712 96 0 59 78.
11808 96 0 58 70.
11904 96 0 69 76.
12000 96 0 70 71.
12096 48 0 52 55.
12096 96 0 75 81.
12192 96 0 78 75.
12288 96 0 74 79.
12384 96 0 85 76.
12480 48 0 72 55.
12480 48 0 65 64.
12576 96 0 91 78.
12672 48 0 78 47.
12768 96 0 91 79.
12864 48 0 80 64.
12864 48 0 77 55.
12960 96 0 102 82.
13056 48 0 82 47.
13152 96 0 101 83.
13248 48 0 92 55.
13248 160 0 105 100.
13824 576 0 73 73.
13824 576 0 76 70.
13824 160 0 97 78.
14016 544 0 93 79.
14112 96 0 106 90.
14208 96 0 103 89.
14304 96 0 112 88.
14400 160 0 79 71.
14592 160 0 73 54.
14592 160 0 80 66.
14688 96 0 103 83.
14784 96 0 111 81.
14880 96 0 103 79.
14976 96 0 113 78.
14976 48 0 73 73.
15072 96 0 109 79.
15168 96 0 107 77.
15264 96 0 103 78.
15360 96 0 98 83.
15360 48 0 73 71.
15456 96 0 94 76.
15552 96 0 97 74.
15552 48 0 70 66.
15648 96 0 93 76.
15744 48 0 74 54.
15840 96 0 85 74.
15936 160 0 63 64.
15936 96 0 86 79.
16032 94 0 73 71.
16128 336 0 64 61.
16224 96 0 80 76.
16320 96 0 70 68.
16416 96 0 73 69.
16512 192 0 77 62.
16704 160 0 72 67.
16896 96 0 74 68.
17088 160 0 75 66.
17280 96 0 72 68.
17472 96 0 80 66.
17664 160 0 76 64.
17856 96 0 73 67.
17952 96 0 70 73.
18048 478 0 57 54.
18144 96 0 73 66.
18240 160 0 79 62.
18432 94 0 62 58.
18624 48 0 73 42.
18624 96 0 94 67.
18720 96 0 90 66.
18816 96 0 94 65.
18912 96 0 91 64.
19008 96 0 93 64.
19008 48 0 75 50.
19104 96 0 93 62.
19200 96 0 88 61.
19200 48 0 73 42.
19296 96 0 88 59.
19392 96 0 92 57.
19488 96 0 88 55.
19584 48 0 78 49.
19584 96 0 96 54.
19680 96 0 94 55.
19776 96 0 87 53.
19872 96 0 81 54.
19968 96 0 80 59.
19968 48 0 77 43.
20064 96 0 77 53.
20160 48 0 76 45.
20160 96 0 79 50.
20256 96 0 80 52.
20352 96 0 75 49.
20448 96 0 69 50.
20544 96 0 70 55.
20544 160 0 76 40.
20640 94 0 66 47.
20736 912 0 76 37.
20832 96 0 58 49.
20928 96 0 63 52.
21024 96 0 65 55.
21120 96 0 59 58.
21216 96 0 62 61.
21312 96 0 67 63.
21408 96 0 63 64.
21504 96 0 62 65.
21600 96 0 63 66.
21696 96 0 65 67.
21792 96 0 65 62.
21888 94 0 67 61.
21984 96 0 71 64.
22080 96 0 75 73.
22176 96 0 78 70.
22272 96 0 77 67.
22368 96 0 78 65.
22464 96 0 82 64.
22560 96 0 81 63.
22656 96 0 83 62.
22752 96 0 75 61.
22848 96 0 77 60.
22944 94 0 83 59.
23040 960 0 73 49.
23040 1246 0 70 55.
23136 96 0 88 61.
23232 96 0 87 64.
23328 96 0 87 67.
23424 96 0 85 70.
23520 96 0 93 73.
23616 96 0 96 75.
23712 96 0 97 76.
23808 96 0 97 77.
23904 96 0 99 78.
24000 192 0 73 47.
24096 96 0 109 74.
24192 94 0 70 46.
24384 48 0 104 76.
24384 48 0 113 79.
24384 48 0 89 48.
24576 48 0 110 83.
24576 48 0 107 71.
24576 48 0 105 79.
24768 160 0 92 58.
24768 160 0 113 76.
24768 160 0 107 85.
24960 192 0 72 55.
25152 160 0 79 46.
25344 1488 0 79 47.
26112 192 0 77 74.
26112 192 0 73 67.
26304 160 0 68 67.
26304 160 0 67 55.
26496 336 0 76 61.
26496 192 0 53 66.
26688 160 0 50 64.
26880 160 0 96 46.
27072 192 0 88 45.
27264 192 0 93 55.
27456 160 0 90 34.
27648 1680 0 88 35.
28032 384 0 91 76.
28032 384 0 92 67.
28416 192 0 92 74.
28416 192 0 90 67.
28608 160 0 82 55.
28608 160 0 83 67.
28800 336 0 75 66.
28800 1104 0 60 55.
29184 720 0 64 64.
29376 48 0 83 47.
29568 192 0 85 35.
29760 160 0 86 34.
29952 528 0 81 35.
29952 192 0 62 64.
29952 336 0 56 54.
30144 160 0 56 62.
30528 48 0 77 47.
30720 192 0 70 47.
30912 160 0 65 46.
31104 192 0 55 64.
31104 528 0 70 35.
31104 528 0 69 47.
31296 160 0 53 62.
31680 192 0 57 47.
31872 192 0 55 37.
32064 160 0 52 50.
32256 528 0 59 59.
32256 528 0 51 28.
32256 384 0 43 62.
32640 160 0 51 61.
32832 2256 0 75 76.
33984 160 0 40 74.
34176 160 0 48 61.
34368 160 0 50 59.
34560 528 0 43 73.
35136 48 0 74 64.
35136 48 0 62 55.
35184 1632 0 58 64.
36288 160 0 50 62.
36288 160 0 43 74.
36480 160 0 43 61.
36672 160 0 47 59.
36864 1312 0 62 66.
36864 1312 0 62 54.
38016 160 0 46 62.
38784 96 0 82 50.
39360 96 0 59 33.
39456 96 0 55 43.
39552 94 0 64 49.
39936 96 0 81 44.
40128 96 0 57 54.
40224 96 0 63 57.
41088 96 0 55 54.
41664 96 0 57 37.
41760 96 0 60 47.
41856 94 0 56 52.
42240 96 0 81 57.
42432 94 0 63 42.
43392 96 0 56 57.
43968 96 0 69 40.
44064 96 0 67 50.
44160 94 0 70 56.
44544 96 0 81 61.
45120 96 0 89 50.
45696 96 0 84 61.
45792 96 0 90 51.
46272 96 0 77 49.
46368 96 0 79 50.
46848 96 0 75 59.
46944 96 0 76 50.
47424 96 0 72 48.
47520 96 0 65 49.
48000 96 0 56 58.
48096 96 0 62 49.
48576 96 0 63 61.
48672 96 0 60 54.
49728 96 0 58 65.
49824 96 0 60 59.
49920 94 0 65 49.
50016 96 0 60 65.
50112 96 0 66 71.
50208 94 0 69 80.
50304 96 0 65 68.
50400 96 0 58 58.
50496 94 0 56 52.
50592 96 0 68 68.
50688 96 0 71 73.
50784 94 0 62 82.
50880 96 0 65 67.
50976 96 0 61 58.
51072 94 0 61 51.
51168 96 0 71 67.
51264 96 0 66 75.
51360 94 0 68 82.
53184 96 0 79 66.
53280 94 0 78 58.
53376 96 0 96 90.
53472 96 0 89 82.
53568 160 0 109 90.
53760 96 0 71 66.
53856 94 0 72 56.
53952 96 0 97 90.
54048 96 0 95 83.
54144 160 0 110 90.
54336 96 0 80 68.
54336 96 0 83 77.
54816 94 0 101 83.
54912 96 0 78 80.
54912 96 0 81 73.
55488 96 0 89 70.
55488 96 0 88 79.
55584 94 0 87 63.
55680 96 0 111 94.
55776 96 0 107 85.
55872 96 0 110 94.
55968 94 0 108 79.
56064 96 0 97 71.
56640 96 0 105 68.
56640 96 0 106 77.
56736 94 0 106 61.
56832 96 0 121 92.
56928 96 0 126 83.
57024 96 0 127 92.
57120 94 0 127 77.
57216 96 0 109 70.
57216 96 0 105 66.
57312 94 0 106 54.
57408 96 0 123 90.
57504 96 0 127 82.
57600 96 0 127 85.
57696 94 0 127 78.
57792 96 0 104 71.
57888 94 0 110 54.
57984 96 0 127 91.
58080 96 0 123 83.
58176 96 0 123 86.
58272 94 0 127 79.
58368 96 0 108 61.
58464 94 0 108 54.
58560 96 0 125 85.
58656 96 0 127 82.
58752 96 0 124 90.
58848 94 0 122 78.
58944 96 0 112 60.
59136 96 0 127 89.
59328 96 0 127 89.
59520 96 0 110 59.
59616 94 0 110 54.
59712 96 0 124 88.
59808 96 0 127 80.
59904 96 0 127 83.
60000 94 0 126 76.
60096 96 0 110 69.
60192 94 0 104 54.
60288 96 0 125 89.
60384 96 0 127 81.
60480 96 0 124 89.
60576 94 0 127 77.
60672 96 0 112 68.
60768 94 0 105 54.
60864 96 0 127 83.
60960 96 0 127 80.
61056 96 0 127 83.
61152 94 0 127 76.
61248 96 0 104 67.
61344 94 0 113 54.
61440 96 0 127 83.
61536 96 0 123 79.
61632 96 0 127 83.
61728 94 0 123 76.
61824 48 0 124 54.
61824 48 0 123 64.
61824 48 0 127 88.
61824 48 0 122 85.
62400 160 0 106 67.
62496 96 0 109 79.
62592 96 0 125 85.
62688 96 0 124 94.
62976 160 0 102 64.
63072 96 0 109 76.
63168 94 0 113 70.
63264 96 0 122 88.
63552 96 0 103 82.
63648 96 0 108 73.
63744 96 0 127 79.
63840 96 0 127 85.
64128 96 0 109 79.
64224 96 0 109 70.
64320 94 0 109 64.
64416 96 0 127 82.
64704 96 0 108 76.
64800 96 0 104 67.
64896 96 0 127 73.
64992 96 0 127 79.
65280 96 0 108 73.
65376 96 0 111 64.
65472 94 0 111 58.
65568 96 0 127 79.
65856 160 0 103 49.
65952 96 0 111 61.
66048 94 0 105 55.
66144 96 0 127 76.
66432 256 0 127 64.
66720 256 0 127 61.
67104 96 0 108 55.
67200 94 0 107 48.
67392 96 0 123 67.
67488 94 0 127 76.
67584 256 0 123 64.
67872 256 0 125 59.
68160 256 0 127 64.
68256 96 0 103 55.
68352 94 0 113 46.
68544 96 0 124 67.
68640 94 0 127 76.
68736 256 0 127 64.
68832 96 0 105 55.
68928 94 0 113 49.
69120 96 0 123 67.
69216 94 0 127 76.
69312 256 0 126 64.
69408 96 0 105 55.
69504 94 0 105 48.
69696 96 0 127 67.
69792 94 0 127 76.
69888 256 0 127 64.
70176 256 0 122 59.
70464 256 0 127 64.
70560 96 0 107 55.
70656 94 0 110 46.
70848 96 0 127 67.
70944 94 0 123 76.
71040 96 0 67 41.
71136 96 0 49 42.
71232 94 0 43 36.
71328 96 0 46 53.
71424 96 0 62 54.
71520 96 0 65 59.
71616 192 0 59 52.
71616 96 0 68 62.
71712 96 0 75 58.
71808 96 0 79 61.
71808 160 0 43 54.
71904 96 0 92 59.
72000 96 0 94 62.
72096 96 0 106 66.
72192 96 0 63 41.
72192 96 0 59 50.
72288 96 0 50 42.
72384 94 0 45 36.
72480 96 0 54 53.
72576 96 0 55 54.
72672 96 0 59 59.
72768 96 0 65 62.
72768 192 0 64 55.
72864 96 0 75 58.
72960 96 0 83 61.
72960 160 0 41 50.
73056 96 0 89 59.
73152 96 0 93 62.
73248 96 0 98 66.
73344 94 0 106 74.
73536 96 0 47 76.
73632 96 0 54 70.
73728 96 0 57 74.
73824 96 0 62 71.
73920 48 0 42 54.
73920 48 0 46 62.
74016 96 0 66 73.
74112 96 0 72 78.
74208 96 0 67 74.
74304 48 0 60 62.
74304 48 0 62 54.
74400 96 0 75 77.
74496 48 0 72 47.
74592 96 0 89 78.
74688 48 0 76 62.
74688 96 0 96 88.
74784 96 0 95 82.
74880 96 0 104 86.
74976 96 0 101 83.
75072 48 0 92 54.
75072 48 0 109 95.
75648 96 0 61 52.
75744 96 0 44 43.
75840 94 0 45 35.
75936 96 0 62 58.
76032 96 0 62 59.
76128 96 0 75 64.
76224 96 0 70 67.
76224 192 0 61 57.
76320 96 0 79 63.
76416 160 0 40 55.
76416 160 0 43 59.
76512 96 0 91 64.
76608 96 0 99 67.
76704 96 0 99 71.
76800 96 0 46 52.
76800 96 0 48 42.
76896 96 0 42 43.
76992 94 0 42 35.
77088 96 0 47 58.
77184 96 0 54 59.
77280 96 0 62 64.
77376 192 0 63 60.
77376 96 0 68 67.
77472 96 0 75 63.
77568 160 0 42 59.
77568 160 0 43 55.
77664 96 0 87 64.
77760 96 0 89 67.
77856 96 0 103 71.
77952 94 0 112 79.
78144 96 0 42 78.
78240 96 0 46 70.
78336 96 0 49 76.
78432 96 0 51 71.
78528 48 0 48 55.
78528 48 0 48 64.
78624 96 0 63 75.
78720 96 0 70 79.
78816 96 0 70 76.
78912 96 0 75 84.
78912 48 0 55 55.
79008 96 0 84 78.
79104 48 0 64 47.
79200 96 0 93 79.
79296 48 0 74 55.
79296 48 0 72 64.
79392 96 0 98 82.
79488 96 0 103 88.
79584 96 0 105 83.
79680 48 0 90 55.
79680 48 0 93 64.
80256 160 0 80 78.
80256 576 0 60 70.
80256 576 0 63 73.
80448 544 0 73 79.
80544 96 0 92 90.
80640 96 0 95 89.
80736 96 0 91 88.
80832 96 0 94 88.
81024 96 0 95 85.
81024 160 0 76 66.
81120 96 0 88 83.
81216 96 0 90 81.
81312 96 0 91 79.
81408 96 0 89 78.
81408 48 0 74 73.
81504 96 0 88 79.
81600 48 0 74 54.
81696 96 0 85 78.
81792 48 0 77 67.
81792 96 0 85 83.
81888 96 0 83 76.
81984 48 0 75 66.
81984 48 0 71 69.
82080 96 0 86 76.
82176 96 0 81 73.
82272 96 0 82 74.
82368 352 0 80 67.
82368 96 0 81 79.
82464 94 0 73 71.
82560 336 0 64 61.
82656 96 0 78 76.
82752 96 0 80 68.
82848 96 0 77 69.
82944 192 0 79 62.
83136 160 0 72 67.
83328 96 0 79 68.
83520 96 0 73 78.
83712 336 0 79 59.
83904 160 0 76 54.
84096 160 0 75 64.
84288 96 0 74 67.
84384 96 0 72 73.
84480 96 0 73 65.
84576 96 0 72 66.
84672 96 0 76 74.
84864 94 0 58 58.
85056 96 0 94 67.
85056 48 0 77 42.
85152 96 0 96 66.
85248 96 0 95 65.
85344 96 0 87 64.
85440 48 0 73 55.
85440 48 0 70 50.
85536 96 0 94 62.
85632 96 0 96 61.
85632 48 0 72 30.
85728 96 0 96 59.
85824 96 0 89 57.
85920 96 0 97 55.
86016 48 0 72 45.
86016 96 0 94 54.
86112 96 0 85 55.
86208 96 0 88 53.
86304 96 0 83 54.
86400 48 0 73 47.
86400 48 0 76 43.
86496 96 0 84 53.
86592 48 0 77 42.
86592 96 0 74 50.
86688 96 0 78 52.
86784 96 0 77 49.
86880 96 0 72 50.
86976 96 0 71 55.
86976 1504 0 75 43.
87072 94 0 61 47.
87168 912 0 70 37.
87264 96 0 57 49.
87360 96 0 57 52.
87456 96 0 59 55.
87552 96 0 61 58.
87648 96 0 60 61.
87744 96 0 64 63.
87840 96 0 61 64.
87936 96 0 69 65.
88032 96 0 71 66.
88128 160 0 74 35.
88224 96 0 68 62.
88320 94 0 76 61.
88416 96 0 71 64.
88512 96 0 78 76.
88608 96 0 73 70.
88704 96 0 71 67.
88800 96 0 79 65.
88896 96 0 74 64.
88992 96 0 73 63.
89088 96 0 77 62.
89184 96 0 85 61.
89280 96 0 83 60.
89376 94 0 77 59.
89472 96 0 84 58.
89472 1246 0 80 55.
89568 96 0 81 61.
89664 96 0 90 64.
89760 96 0 86 67.
89856 96 0 92 70.
89952 96 0 88 73.
90048 96 0 90 75.
90144 96 0 96 76.
90240 96 0 96 77.
90336 96 0 103 78.
90432 96 0 97 79.
90528 96 0 98 74.
90624 32 0 100 73.
90816 48 0 96 48.
90816 48 0 95 60.
90816 48 0 110 82.
91008 48 0 105 71.
91008 48 0 93 47.
91008 48 0 95 59.
91200 160 0 104 73.
91200 160 0 113 79.
91200 160 0 109 76.
91392 192 0 94 55.
91584 160 0 91 46.
91776 1488 0 91 47.
92544 192 0 96 74.
92544 192 0 91 67.
92736 160 0 92 55.
92736 160 0 88 67.
92928 192 0 72 66.
92928 336 0 74 61.
93120 160 0 58 64.
93312 160 0 91 46.
93504 192 0 91 45.
93696 192 0 89 55.
93888 160 0 89 34.
94080 1680 0 91 47.
94464 384 0 89 64.
94464 384 0 93 76.
94848 192 0 95 74.
94848 192 0 90 67.
95040 160 0 82 67.
95040 160 0 86 55.
95232 1104 0 60 61.
95232 1104 0 58 55.
95616 720 0 63 64.
95808 48 0 81 47.
96000 192 0 86 47.
96192 160 0 83 46.
96384 336 0 64 59.
96384 192 0 59 64.
96384 336 0 64 54.
96576 160 0 62 62.
96960 48 0 70 35.
97152 192 0 76 35.
97344 160 0 66 34.
97536 528 0 70 47.
97536 336 0 47 59.
97536 336 0 49 54.
97728 160 0 61 62.
98112 192 0 58 47.
98304 192 0 57 49.
98496 160 0 53 38.
98688 528 0 42 59.
98688 528 0 45 55.
98688 528 0 51 28.
99072 160 0 57 61.
99264 2256 0 72 76.
100416 160 0 42 74.
100608 160 0 50 73.
100800 160 0 40 71.
100992 528 0 47 73.
101568 48 0 73 64.
101568 48 0 59 55.
101616 1632 0 57 64.
102720 160 0 40 62.
102912 160 0 42 73.
103104 160 0 43 59.
103296 1152 0 62 73.
103296 1152 0 63 64.
103296 1312 0 63 66.
104448 160 0 49 71.
104448 160 0 50 62.
105216 96 0 81 50.
105312 96 0 61 43.
105408 94 0 64 34.
105504 96 0 56 50.
105600 96 0 56 55.
105696 96 0 57 62.
105792 96 0 58 33.
106080 96 0 63 55.
106176 96 0 64 57.
106272 94 0 60 55.
106368 96 0 81 44.
106464 96 0 55 45.
106560 96 0 62 54.
106752 96 0 71 66.
106848 96 0 83 66.
106944 160 0 88 78.
107520 96 0 58 54.
107616 96 0 63 47.
107712 94 0 62 38.
107808 96 0 59 54.
107904 96 0 57 59.
108000 96 0 59 66.
108096 288 0 85 68.
108384 96 0 57 59.
108480 96 0 61 61.
108576 94 0 64 59.
108672 96 0 81 48.
108768 96 0 64 49.
108864 94 0 56 42.
108960 96 0 76 61.
109056 96 0 85 69.
109152 96 0 85 69.
109248 94 0 97 81.
109824 96 0 55 57.
109920 96 0 57 50.
110016 94 0 62 41.
110112 96 0 64 57.
110208 96 0 58 62.
110304 96 0 68 69.
110400 288 0 94 71.
110688 96 0 71 62.
110784 96 0 73 64.
110880 94 0 78 62.
110976 96 0 78 61.
111072 96 0 85 52.
111168 94 0 86 45.
111264 96 0 86 61.
111360 96 0 86 64.
111456 94 0 121 73.
111552 96 0 97 61.
111648 96 0 96 51.
111744 94 0 90 45.
111840 96 0 92 61.
111936 96 0 92 67.
112032 256 0 127 75.
112128 96 0 82 61.
112320 94 0 83 44.
112416 96 0 87 60.
112512 96 0 88 68.
112608 256 0 117 72.
112704 96 0 82 60.
112896 94 0 82 44.
112992 96 0 84 60.
113088 96 0 81 66.
113184 256 0 105 74.
113280 96 0 73 59.
113472 94 0 74 43.
113568 96 0 74 59.
113664 96 0 76 67.
113760 256 0 95 71.
113856 96 0 64 48.
114048 94 0 72 43.
114144 96 0 68 59.
114240 96 0 60 65.
114336 256 0 82 73.
114624 94 0 59 42.
114720 96 0 57 58.
114816 96 0 57 66.
114912 256 0 79 73.
115008 96 0 59 61.
115200 94 0 62 46.
115296 96 0 63 61.
115392 96 0 61 70.
115488 94 0 57 78.
115584 96 0 59 62.
115680 96 0 57 54.
115776 94 0 57 44.
115872 96 0 68 62.
115968 96 0 64 71.
116064 94 0 92 78.
116160 96 0 55 65.
116256 96 0 55 59.
116352 94 0 61 49.
116448 96 0 69 65.
116544 96 0 68 71.
116640 94 0 65 80.
117888 96 0 62 71.
117984 96 0 65 63.
118080 94 0 64 56.
118176 96 0 81 68.
118272 96 0 76 75.
118368 94 0 80 83.
118464 96 0 68 65.
118560 96 0 59 59.
118656 94 0 69 49.
118752 96 0 78 65.
118848 96 0 81 71.
118944 94 0 79 80.
119616 96 0 70 73.
119712 94 0 76 58.
119808 96 0 97 90.
119904 96 0 92 82.
120000 160 0 110 90.
120192 96 0 76 66.
120288 94 0 75 56.
120384 96 0 90 90.
120480 96 0 91 83.
120576 160 0 110 90.
120768 96 0 75 68.
120768 96 0 78 77.
121248 94 0 103 83.
121344 96 0 87 73.
121344 96 0 81 70.
121440 94 0 80 64.
121536 96 0 106 94.
121632 96 0 102 85.
121728 96 0 110 94.
121824 94 0 112 80.
121920 96 0 88 73.
122496 96 0 94 71.
122496 96 0 94 78.
122592 94 0 98 62.
122688 96 0 120 95.
122784 96 0 122 86.
122880 96 0 119 95.
122976 94 0 121 78.
123072 96 0 102 71.
123072 96 0 104 77.
123168 94 0 106 61.
123264 96 0 117 92.
123360 96 0 127 83.
123456 96 0 120 92.
123552 94 0 126 77.
123648 96 0 110 61.
123648 96 0 107 66.
123744 94 0 110 54.
123840 96 0 126 90.
123936 96 0 124 82.
124032 96 0 126 90.
124128 94 0 126 78.
124224 96 0 107 62.
124320 94 0 111 54.
124416 96 0 127 86.
124512 96 0 127 83.
124608 96 0 123 86.
124704 94 0 127 79.
124800 96 0 109 70.
124992 96 0 127 85.
125184 96 0 124 85.
125376 96 0 113 60.
125472 94 0 105 54.
125568 96 0 124 84.
125664 96 0 127 81.
125760 96 0 127 84.
125856 94 0 124 77.
125952 96 0 104 68.
126048 94 0 110 54.
126144 96 0 127 83.
126240 96 0 125 80.
126336 96 0 127 88.
126432 94 0 127 76.
126528 96 0 103 60.
126624 94 0 108 54.
126720 96 0 127 89.
126816 96 0 127 81.
126912 96 0 127 84.
127008 94 0 127 77.
127104 96 0 105 68.
127200 94 0 109 54.
127296 96 0 127 88.
127392 96 0 127 80.
127488 96 0 126 83.
127584 94 0 127 76.
127680 96 0 104 59.
127776 94 0 107 54.
127872 96 0 127 88.
127968 96 0 125 79.
128064 96 0 123 83.
128160 94 0 122 76.
128256 48 0 122 79.
128256 48 0 124 82.
128256 48 0 127 64.
128256 48 0 122 61.
128832 160 0 105 67.
128928 96 0 108 79.
129024 96 0 127 85.
129120 96 0 123 91.
129408 160 0 107 64.
129504 96 0 103 76.
129600 94 0 110 70.
129696 96 0 127 91.
129984 96 0 107 82.
130080 96 0 111 73.
130176 94 0 111 67.
130272 96 0 125 85.
130560 160 0 102 59.
130656 96 0 110 70.
130752 96 0 126 76.
130848 96 0 127 85.
131136 96 0 112 76.
131232 96 0 104 67.
131328 94 0 111 61.
131424 96 0 122 79.
131712 96 0 103 73.
131808 96 0 103 64.
131904 96 0 127 70.
132000 96 0 127 79.
132288 160 0 108 49.
132384 96 0 111 61.
132480 94 0 105 55.
132576 96 0 123 73.
132864 256 0 127 64.
133152 256 0 127 61.
133440 256 0 127 64.
133728 256 0 127 60.
134016 256 0 127 64.
134112 96 0 111 55.
134208 94 0 109 47.
134400 96 0 126 67.
134496 94 0 126 76.
134592 256 0 127 64.
134688 96 0 106 55.
134784 94 0 111 46.
134976 96 0 127 67.
135072 94 0 127 76.
135168 256 0 125 64.
135264 96 0 106 55.
135360 94 0 112 49.
135552 96 0 122 67.
135648 94 0 127 76.
135744 256 0 127 64.
136032 256 0 127 60.
136320 256 0 125 64.
136608 256 0 123 59.
136896 256 0 122 64.
136992 96 0 110 55.
137088 94 0 110 46.
137280 96 0 127 67.
137376 94 0 127 76.
137472 96 0 62 41.
137568 96 0 44 42.
137664 94 0 46 36.
137760 96 0 53 53.
137856 96 0 56 54.
137952 96 0 63 59.
138048 96 0 66 62.
138048 192 0 65 55.
138144 96 0 74 58.
138240 96 0 79 61.
138240 160 0 41 54.
138336 96 0 87 59.
138432 96 0 89 62.
138528 96 0 97 66.
138624 96 0 64 41.
138624 96 0 68 50.
138720 96 0 46 42.
138816 94 0 43 36.
138912 96 0 54 53.
139008 96 0 60 54.
139104 96 0 58 59.
139200 96 0 66 62.
139200 192 0 62 52.
139296 96 0 76 58.
139392 96 0 86 61.
139392 160 0 49 50.
139488 96 0 90 59.
139584 96 0 92 62.
139680 96 0 98 66.
139776 48 0 76 47.
139968 96 0 49 76.
140064 96 0 55 70.
140160 96 0 58 74.
140256 96 0 52 71.
140352 48 0 48 54.
140352 96 0 58 79.
140448 96 0 65 73.
140544 96 0 73 78.
140640 96 0 76 74.
140736 48 0 57 62.
140736 48 0 56 54.
140832 96 0 79 77.
140928 48 0 68 47.
141024 96 0 88 78.
141120 48 0 73 62.
141120 48 0 72 54.
141216 96 0 91 82.
141312 48 0 86 47.
141408 96 0 104 83.
141504 48 0 106 95.
141504 48 0 88 54.
142080 96 0 62 52.
142176 96 0 49 43.
142272 94 0 45 35.
142368 96 0 57 58.
142464 96 0 65 59.
142560 96 0 71 64.
142656 96 0 79 67.
142656 192 0 58 60.
142752 96 0 84 63.
142848 96 0 88 66.
142848 160 0 49 59.
142944 96 0 88 64.
143040 96 0 99 67.
143136 96 0 101 71.
143232 96 0 47 42.
143232 96 0 47 52.
143328 96 0 43 43.
143424 94 0 41 35.
143520 96 0 47 58.
143616 96 0 58 59.
143712 96 0 62 64.
143808 192 0 59 57.
143808 192 0 59 60.
143904 96 0 71 63.
144000 160 0 43 55.
144000 160 0 46 59.
144096 96 0 91 64.
144192 96 0 99 67.
144288 96 0 106 71.
144384 48 0 47 47.
144576 96 0 50 78.
144672 96 0 53 70.
144768 96 0 55 76.
144864 96 0 52 71.
144960 96 0 57 81.
144960 48 0 48 55.
145056 96 0 69 75.
145152 96 0 63 79.
145248 96 0 76 76.
145344 48 0 63 64.
145344 48 0 60 55.
145440 96 0 81 78.
145536 96 0 79 83.
145632 96 0 84 79.
145728 48 0 75 64.
145728 48 0 81 55.
145824 96 0 101 82.
145920 48 0 79 47.
146016 96 0 107 83.
146112 160 0 103 100.
146112 48 0 95 55.
146688 160 0 75 78.
146688 192 0 93 90.
146688 576 0 64 73.
146880 544 0 78 79.
146976 96 0 87 90.
147072 96 0 95 89.
147168 96 0 87 88.
147264 160 0 64 71.
147456 160 0 80 54.
147456 96 0 93 85.
147552 96 0 91 83.
147648 96 0 90 81.
147744 96 0 97 79.
147840 96 0 88 78.
147840 48 0 79 73.
147936 96 0 96 79.
148032 96 0 85 77.
148128 96 0 88 78.
148224 48 0 80 67.
148224 48 0 75 71.
148320 96 0 85 76.
148416 48 0 74 66.
148416 96 0 83 74.
148512 96 0 81 76.
148608 96 0 81 73.
148704 96 0 83 74.
148800 160 0 57 64.
148800 96 0 83 79.
148896 94 0 76 71.
148992 96 0 76 70.
149088 96 0 77 76.
149184 544 0 61 54.
149280 96 0 74 69.
149376 160 0 75 66.
149568 160 0 71 67.
149760 160 0 80 54.
149952 192 0 73 62.
150144 96 0 73 68.
150336 160 0 72 54.
150528 192 0 80 61.
150720 336 0 80 58.
150816 96 0 76 73.
150912 478 0 59 54.
151008 96 0 74 66.
151104 160 0 78 62.
151296 94 0 58 58.
151488 96 0 96 67.
151488 48 0 77 42.
151584 96 0 93 66.
151680 96 0 95 65.
151776 96 0 90 64.
151872 48 0 77 55.
151872 48 0 71 50.
151968 96 0 95 62.
152064 48 0 73 30.
152064 96 0 91 61.
152160 96 0 93 59.
152256 96 0 97 57.
152352 96 0 94 55.
152448 48 0 79 49.
152448 96 0 89 54.
152544 96 0 94 55.
152640 48 0 70 30.
152736 96 0 87 54.
152832 48 0 73 43.
152832 96 0 85 59.
152928 96 0 83 53.
153024 96 0 80 50.
153024 48 0 70 45.
153120 96 0 79 52.
153216 96 0 76 49.
153312 96 0 73 50.
153408 96 0 62 55.
153408 1504 0 78 43.
153504 94 0 65 47.
153600 912 0 72 37.
153696 96 0 57 49.
153792 96 0 61 52.
153888 96 0 58 55.
153984 96 0 59 58.
154080 96 0 66 61.
154176 96 0 63 63.
154272 96 0 67 64.
154368 96 0 70 65.
154464 96 0 73 66.
154560 160 0 77 35.
154656 96 0 69 62.
154752 160 0 73 34.
154848 96 0 67 64.
154944 96 0 69 73.
155040 96 0 77 70.
155136 96 0 75 67.
155232 96 0 78 65.
155328 96 0 81 64.
155424 96 0 81 63.
155520 48 0 70 55.
155616 96 0 82 61.
155712 96 0 77 60.
155808 94 0 84 59.
155904 96 0 79 58.
155904 960 0 80 49.
156000 96 0 83 61.
156096 96 0 84 64.
156192 96 0 83 67.
156288 96 0 90 70.
156384 96 0 88 73.
156480 96 0 88 75.
156576 96 0 90 76.
156672 96 0 94 77.
156768 96 0 99 78.
156864 96 0 98 79.
156960 96 0 100 74.
157056 94 0 73 46.
157248 48 0 90 48.
157248 48 0 90 60.
157248 48 0 113 82.
157440 48 0 103 76.
157440 48 0 90 47.
157440 48 0 113 83.
157632 160 0 107 79.
157632 160 0 110 76.
157632 160 0 112 73.
157824 192 0 88 55.
158016 160 0 95 46.
158208 1488 0 92 35.
158976 192 0 88 62.
158976 192 0 93 67.
159168 160 0 89 62.
159168 160 0 89 67.
159360 336 0 76 61.
159360 192 0 74 66.
159552 160 0 59 64.
159744 160 0 94 46.
159936 192 0 93 45.
160128 192 0 91 55.
160320 160 0 96 34.
160512 1680 0 95 35.
160896 384 0 91 67.
160896 384 0 90 64.
161280 192 0 92 67.
161280 192 0 91 62.
161472 160 0 84 55.
161472 160 0 81 62.
161664 336 0 80 66.
161664 1104 0 59 55.
162048 720 0 62 64.
162240 48 0 91 35.
162432 192 0 89 47.
162624 160 0 81 34.
162816 336 0 65 54.
162816 528 0 81 47.
162816 192 0 65 64.
163008 160 0 65 62.
163392 48 0 78 47.
163584 192 0 73 35.
163776 160 0 71 46.
163968 336 0 41 54.
163968 192 0 59 64.
163968 336 0 41 59.
164160 160 0 59 62.
164544 192 0 56 35.
164736 192 0 63 49.
164928 160 0 53 50.
165120 528 0 54 40.
165120 528 0 48 55.
165120 528 0 49 59.
165504 160 0 55 61.
165696 2256 0 79 76.
166848 160 0 45 62.
167040 160 0 45 61.
167232 160 0 47 59.
167424 528 0 49 61.
168000 48 0 74 64.
168000 48 0 76 71.
168000 48 0 60 43.
168048 2208 0 58 64.
169152 160 0 44 74.
169344 160 0 43 73.
169536 160 0 41 59.
169728 528 0 42 61.
170304 46 0 75 64.
170304 46 0 65 55.
170352 528 0 74 76.
170880 528 0 63 73.
170880 160 0 47 61.
171456 46 0 57 65.
171456 46 0 42 55.
171504 528 0 48 65.
172032 528 0 61 73.
172032 160 0 45 61.
172608 46 0 58 64.
172608 46 0 45 54.
172608 46 0 58 71.
172656 528 0 58 78.
173184 528 0 64 73.
173760 48 0 62 70.
173760 48 0 46 42.
173760 48 0 50 54.
173808 480 0 58 78.
174336 94 0 65 63.
174432 94 0 41 78.
174528 94 0 47 63.
174624 94 0 51 78.
174720 160 0 49 63.
174912 94 0 85 64.
174912 94 0 48 35.
175008 94 0 41 54.
175104 94 0 40 59.
175200 94 0 56 78.
175296 160 0 40 54.
175488 94 0 44 35.
175584 94 0 40 54.
175680 94 0 50 59.
175776 94 0 53 78.
175872 160 0 70 64.
176064 94 0 87 68.
176064 94 0 49 35.
176160 94 0 61 78.
176256 94 0 46 59.
176352 94 0 56 78.
176448 160 0 43 54.
176640 94 0 49 35.
176736 94 0 45 54.
176832 94 0 47 63.
176928 94 0 40 47.
177024 286 0 51 63.
177216 94 0 40 36.
177312 94 0 45 56.
177408 94 0 41 63.
177504 94 0 57 78.
177600 160 0 42 56.
177792 94 0 63 66.
177792 94 0 48 37.
177888 94 0 84 82.
177984 94 0 40 61.
178080 94 0 60 80.
178176 160 0 48 59.
178368 94 0 41 42.
178464 94 0 42 49.
178560 94 0 46 58.
178656 94 0 46 42.
178752 160 0 46 58.
178944 94 0 62 63.
179040 94 0 46 78.
179136 94 0 40 63.
179232 94 0 49 78.
179328 160 0 46 63.
179520 94 0 50 35.
179616 94 0 64 78.
179712 94 0 46 59.
179808 94 0 57 78.
179904 160 0 40 54.
180096 94 0 44 35.
180192 94 0 49 54.
180288 94 0 47 59.
180384 94 0 49 47.
180480 160 0 73 64.
180672 94 0 50 35.
180672 94 0 83 68.
180768 94 0 41 54.
180864 94 0 62 68.
180960 94 0 44 47.
181056 160 0 47 54.
181248 94 0 45 35.
181344 94 0 46 78.
181440 94 0 41 63.
181536 94 0 44 78.
181632 286 0 51 63.
181824 94 0 40 39.
181920 94 0 47 54.
182016 94 0 48 63.
182112 94 0 53 78.
182208 160 0 53 63.
182400 94 0 43 37.
182400 94 0 65 64.
182496 94 0 56 76.
182592 94 0 46 61.
182688 94 0 49 73.
182784 160 0 40 54.
182784 160 0 55 63.
182976 94 0 40 47.
182976 336 0 47 71.
183072 94 0 44 54.
183168 94 0 49 59.
183264 94 0 42 47.
183360 352 0 73 71.
183552 1104 0 55 64.
183552 94 0 41 44.
183648 94 0 48 52.
183744 256 0 81 70.
183840 94 0 47 44.
183936 160 0 45 59.
184032 46 0 83 68.
184080 16 0 77 67.
184128 256 0 76 68.
184224 94 0 51 52.
184320 94 0 58 61.
184416 94 0 50 46.
184512 160 0 59 54.
184656 24 0 79 63.
184680 24 0 80 66.
184704 160 0 84 75.
184704 94 0 61 47.
184896 256 0 79 73.
185088 160 0 57 56.
185184 46 0 80 71.
185256 24 0 86 68.
185280 22 0 82 71.
185280 94 0 64 49.
185304 22 0 88 73.
185328 238 0 84 71.
185376 94 0 60 56.
185472 94 0 66 64.
185568 94 0 89 70.
185664 94 0 86 67.
185760 32 0 85 67.
185856 160 0 91 78.
185952 94 0 79 60.
186048 256 0 92 76.
186144 94 0 80 51.
186240 160 0 77 66.
186336 94 0 88 75.
186432 256 0 89 75.
186432 94 0 78 52.
186528 94 0 79 61.
186624 94 0 75 64.
186720 94 0 72 52.
186816 160 0 93 73.
187008 528 0 89 74.
187032 168 0 92 80.
187104 94 0 70 59.
187200 24 0 86 80.
187224 24 0 82 82.
187248 48 0 81 80.
187296 94 0 58 52.
187392 96 0 86 80.
187488 96 0 80 82.
187584 336 0 79 79.
187584 94 0 49 51.
187680 94 0 44 58.
187776 94 0 49 63.
187872 94 0 46 51.
187968 160 0 40 58.
188160 528 0 40 67.
188160 48 0 64 75.
188448 96 0 60 71.
188544 192 0 64 70.
188736 288 0 64 73.
189024 94 0 65 73.
189120 160 0 46 58.
189312 94 0 44 51.
189384 456 0 61 67.
189408 94 0 46 58.
189504 94 0 42 63.
189600 94 0 46 51.
189696 192 0 63 70.
189888 94 0 41 52.
189888 288 0 63 73.
189984 94 0 40 58.
190080 94 0 45 64.
190176 94 0 49 52.
190272 160 0 63 73.
190464 2256 0 61 73.
190464 528 0 49 67.
190560 94 0 44 58.
190656 94 0 41 63.
190752 94 0 39 51.
190848 160 0 48 58.
191040 256 0 41 67.
191040 94 0 39 52.
191136 94 0 39 58.
191232 94 0 45 64.
191328 94 0 40 67.
191424 160 0 40 67.
191616 528 0 43 68.
192192 336 0 43 66.
192576 160 0 30 58.
192768 94 0 42 35.
192864 94 0 44 78.
192960 94 0 44 63.
193056 94 0 50 47.
193152 160 0 49 54.
193344 94 0 50 35.
193440 94 0 63 78.
193536 94 0 43 59.
193632 94 0 49 78.
193728 160 0 46 54.
193920 94 0 43 35.
193920 94 0 61 61.
194016 94 0 44 78.
194112 94 0 41 59.
194208 94 0 48 78.
194304 160 0 47 54.
194496 94 0 42 35.
194496 94 0 85 68.
194592 94 0 49 54.
194688 94 0 55 68.
194784 94 0 43 47.
194880 160 0 43 54.
195072 94 0 43 35.
195072 94 0 59 63.
195168 94 0 44 78.
195264 94 0 44 63.
195360 94 0 46 78.
195456 160 0 47 54.
195648 94 0 47 36.
195744 94 0 73 78.
195840 94 0 47 63.
195936 94 0 43 48.
196032 160 0 48 56.
196224 94 0 59 66.
196320 94 0 44 58.
196416 94 0 55 66.
196512 94 0 45 49.
196608 160 0 61 65.
196800 94 0 49 66.
196896 94 0 79 78.
196992 94 0 47 66.
197088 94 0 46 78.
197184 160 0 67 64.
197376 94 0 60 63.
197376 94 0 48 35.
197472 94 0 40 54.
197568 94 0 42 59.
197664 94 0 49 47.
197760 160 0 43 54.
197952 94 0 49 35.
197952 94 0 79 64.
198048 94 0 55 78.
198144 94 0 40 59.
198240 94 0 53 78.
198336 160 0 69 63.
198528 94 0 41 35.
198624 94 0 40 54.
198720 94 0 47 59.
198816 94 0 46 78.
198912 160 0 78 64.
199104 94 0 40 35.
199200 94 0 62 78.
199296 94 0 54 68.
199392 94 0 41 47.
199488 160 0 66 66.
199680 94 0 46 35.
199680 94 0 60 63.
199776 94 0 43 78.
199872 94 0 45 59.
199968 94 0 52 78.
200064 286 0 47 63.
200256 94 0 43 39.
200352 94 0 48 54.
200448 94 0 54 63.
200544 94 0 48 51.
200640 160 0 61 63.
200832 94 0 49 37.
200928 94 0 49 56.
201024 94 0 49 61.
201120 94 0 43 49.
201216 160 0 42 54.
201216 160 0 51 75.
201408 528 0 42 63.
201408 94 0 50 47.
201504 94 0 47 54.
201600 94 0 44 59.
201696 94 0 43 47.
201792 352 0 75 71.
201984 94 0 40 44.
202176 256 0 79 70.
202528 16 0 79 68.
202544 16 0 76 70.
202560 94 0 51 46.
202848 94 0 49 46.
202944 160 0 57 54.
203088 24 0 85 63.
203136 160 0 76 75.
203136 94 0 60 47.
203232 94 0 53 54.
203328 94 0 56 63.
203424 94 0 60 47.
203520 160 0 57 56.
203664 24 0 87 63.
203712 528 0 65 68.
204000 94 0 92 70.
204096 94 0 84 67.
204096 94 0 90 70.
204192 32 0 87 67.
204224 592 0 85 69.
204288 160 0 90 78.
204384 94 0 76 60.
204480 94 0 73 66.
204576 94 0 79 51.
204672 160 0 76 66.
204768 94 0 92 75.
204864 94 0 75 52.
205152 94 0 71 52.
205248 160 0 72 61.
205440 94 0 75 52.
205632 94 0 70 64.
205728 96 0 85 79.
205824 160 0 55 58.
206016 336 0 73 79.
206400 144 0 57 75.
206592 94 0 49 51.
206592 48 0 56 75.
206880 94 0 46 51.
206976 192 0 59 70.
207168 528 0 44 68.
207168 288 0 65 73.
207264 94 0 49 58.
207360 94 0 46 64.
207456 94 0 42 52.
207552 160 0 46 58.
207744 94 0 49 51.
207816 456 0 57 67.
207840 94 0 44 58.
207936 94 0 46 63.
208032 94 0 46 51.
208128 192 0 65 70.
208320 94 0 42 52.
208320 288 0 57 73.
208416 94 0 40 58.
208512 94 0 42 64.
208608 94 0 59 73.
208704 160 0 63 73.
208896 2256 0 60 73.
208896 528 0 49 67.
209472 94 0 43 52.
209760 94 0 43 52.
209856 160 0 46 67.
210048 94 0 45 52.
210048 528 0 46 68.
210144 94 0 37 58.
210240 94 0 35 64.
210336 94 0 40 52.
210432 160 0 33 58.
210624 336 0 44 66.
211008 160 0 41 64.
211200 94 0 49 35.
211200 94 0 60 63.
211296 94 0 45 54.
211392 94 0 48 59.
211488 94 0 55 78.
211584 160 0 51 63.
211776 94 0 46 35.
211776 94 0 84 64.
211872 94 0 50 54.
211968 94 0 44 59.
212064 94 0 46 47.
212160 160 0 69 63.
212352 94 0 40 35.
212352 94 0 60 61.
212448 94 0 45 78.
212544 94 0 49 59.
212640 94 0 55 78.
212736 160 0 70 64.
212928 94 0 81 68.
213024 94 0 63 78.
213120 94 0 56 68.
213216 94 0 41 47.
213312 160 0 75 66.
213504 94 0 41 35.
213600 94 0 47 78.
213696 94 0 48 59.
213792 94 0 41 47.
213888 286 0 46 63.
214080 94 0 41 36.
214176 160 0 46 58.
214272 94 0 53 66.
214368 94 0 50 78.
214464 160 0 75 80.
214656 94 0 48 37.
214656 94 0 65 66.
214752 160 0 41 56.
214848 94 0 61 66.
214944 94 0 43 49.
215040 160 0 54 65.
215232 94 0 55 66.
215328 94 0 46 49.
215424 94 0 43 58.
215520 94 0 45 42.
215616 160 0 65 64.
215808 94 0 68 63.
215904 94 0 42 48.
216000 94 0 43 63.
216096 94 0 42 42.
216192 160 0 48 57.
216384 94 0 50 42.
216384 94 0 82 64.
216480 94 0 64 78.
216576 94 0 52 64.
216672 94 0 44 42.
216768 160 0 50 56.
216960 94 0 40 42.
217056 94 0 48 52.
217152 94 0 47 56.
217248 94 0 49 78.
217344 160 0 70 64.
217536 94 0 81 68.
217632 94 0 55 78.
217728 94 0 41 58.
217824 94 0 52 78.
217920 160 0 42 58.
218112 94 0 66 63.
218112 94 0 45 35.
218208 94 0 47 78.
218304 94 0 45 59.
218400 94 0 50 78.
218496 160 0 44 63.
218688 94 0 48 36.
218784 94 0 45 54.
218880 94 0 41 63.
218976 94 0 45 48.
219072 160 0 44 54.
219264 94 0 40 61.
219360 94 0 41 73.
219456 160 0 42 57.
219552 816 0 47 49.
219648 160 0 42 61.
219840 94 0 40 61.
220416 528 0 125 95.
220416 528 0 127 67.
220416 528 0 127 76.
220416 528 0 127 73.
220992 94 0 46 61.
221088 94 0 45 73.
221184 94 0 44 61.
221280 94 0 47 73.
221376 160 0 41 59.
221568 160 0 126 46.
221568 160 0 125 64.
221568 160 0 127 54.
221568 160 0 127 61.
221856 94 0 41 73.
222144 160 0 50 67.
222336 160 0 40 67.
222528 160 0 45 66.
222720 96 0 65 50.
222816 96 0 48 42.
222912 94 0 49 36.
223008 96 0 76 53.
223104 96 0 79 54.
223200 96 0 80 59.
223296 96 0 88 62.
223296 192 0 67 52.
223392 96 0 83 58.
223488 160 0 46 54.
223488 96 0 90 61.
223584 96 0 94 59.
223680 96 0 101 62.
223776 96 0 100 66.
223872 94 0 103 71.
223872 96 0 66 50.
223968 96 0 50 42.
224064 94 0 41 36.
224160 96 0 67 53.
224256 96 0 70 54.
224352 96 0 76 59.
224448 192 0 61 55.
224448 96 0 85 62.
224544 96 0 87 58.
224640 96 0 87 61.
224640 160 0 45 50.
224736 96 0 97 59.
224832 96 0 99 62.
224928 96 0 100 66.
225024 94 0 108 74.
225216 96 0 57 76.
225312 96 0 64 70.
225408 96 0 63 74.
225504 96 0 73 71.
225600 48 0 41 62.
225600 96 0 74 79.
225696 96 0 76 73.
225792 48 0 54 47.
225888 96 0 78 74.
225984 96 0 86 85.
225984 48 0 59 54.
226080 96 0 88 77.
226176 48 0 62 47.
226272 96 0 90 78.
226368 96 0 96 88.
226368 48 0 60 54.
226464 96 0 96 82.
226560 48 0 72 47.
226656 96 0 100 83.
226752 48 0 71 62.
226752 48 0 112 95.
227328 96 0 58 42.
227424 96 0 44 43.
227520 94 0 42 35.
227616 96 0 60 58.
227712 96 0 65 59.
227808 96 0 76 64.
227904 192 0 66 57.
227904 192 0 61 60.
228000 96 0 86 63.
228096 160 0 41 59.
228096 96 0 84 66.
228192 96 0 90 64.
228288 96 0 99 67.
228384 96 0 98 71.
228480 96 0 62 42.
228480 96 0 62 52.
228576 96 0 43 43.
228672 94 0 44 35.
228768 96 0 66 58.
228864 96 0 77 59.
228960 96 0 74 64.
229056 192 0 60 60.
229056 96 0 76 67.
229152 96 0 88 63.
229248 160 0 48 59.
229248 96 0 87 66.
229344 96 0 88 64.
229440 96 0 101 67.
229536 96 0 104 71.
229632 48 0 45 47.
229824 96 0 56 78.
229920 96 0 58 70.
230016 96 0 71 76.
230112 96 0 67 71.
230208 48 0 56 64.
230208 48 0 60 55.
230304 96 0 75 75.
230400 48 0 64 47.
230496 96 0 78 76.
230592 48 0 72 64.
230592 96 0 89 84.
230688 96 0 87 78.
230784 96 0 85 83.
230880 96 0 90 79.
230976 96 0 99 90.
230976 48 0 80 55.
231072 96 0 104 82.
231168 96 0 100 88.
231264 96 0 109 83.
231360 160 0 113 100.
231360 48 0 88 64.
231936 576 0 79 70.
231936 160 0 90 78.
231936 576 0 71 73.
232128 544 0 96 79.
232224 96 0 113 90.
232320 96 0 112 89.
232416 96 0 107 88.
232512 160 0 75 71.
232704 160 0 78 66.
232704 160 0 79 54.
232800 96 0 112 83.
232896 96 0 113 81.
232992 96 0 105 79.
233088 48 0 77 73.
233088 96 0 110 78.
233184 96 0 105 79.
233280 48 0 72 54.
233376 96 0 103 78.
233472 96 0 99 83.
233472 48 0 71 67.
233568 96 0 92 76.
233664 48 0 77 69.
233664 48 0 74 66.
233760 96 0 93 76.
233856 48 0 78 54.
233952 96 0 88 74.
234048 96 0 77 79.
234048 160 0 65 64.
234144 94 0 75 71.
234240 336 0 55 61.
234336 96 0 75 76.
234432 544 0 60 54.
234528 96 0 73 69.
234624 192 0 77 62.
234816 96 0 76 70.
235008 96 0 71 68.
235200 96 0 76 78.
235392 336 0 80 59.
235584 160 0 74 54.
235776 160 0 70 64.
235968 96 0 76 67.
236064 96 0 76 73.
236160 96 0 79 65.
236256 96 0 76 66.
236352 192 0 73 59.
236544 94 0 73 64.
236736 48 0 73 42.
236736 48 0 77 30.
236832 96 0 97 66.
236928 96 0 94 65.
237024 96 0 96 64.
237120 48 0 74 55.
237120 96 0 94 64.
237216 96 0 87 62.
237312 96 0 96 61.
237312 48 0 70 30.
237408 96 0 96 59.
237504 96 0 87 57.
237600 96 0 95 55.

