0 480 0 34 53.
480 480 0 34 54.
960 480 0 34 53.
1920 480 0 34 53.
2400 480 0 34 54.
2880 480 0 34 53.
3840 480 0 34 53.
4320 480 0 34 54.
4800 480 0 34 53.
5280 360 0 49 61.
5760 360 0 48 60.
6240 480 0 37 54.
6720 480 0 34 53.
7680 480 0 42 58.
7680 480 0 50 61.
8160 480 0 42 58.
8160 360 0 50 61.
8520 120 0 45 61.
8640 480 0 42 58.
8640 480 0 50 61.
9120 360 0 59 65.
9120 480 0 48 54.
9480 60 0 47 60.
9600 360 0 57 63.
9600 480 0 48 53.
9960 120 0 45 58.
10080 360 0 55 61.
10080 360 0 48 58.
10440 120 0 39 58.
10560 960 0 50 61.
10560 960 0 45 58.
11040 480 0 35 54.
11520 420 0 58 61.
11520 420 0 58 58.
11760 180 0 66 68.
11940 60 0 58 68.
12000 480 0 55 61.
12000 480 0 55 58.
12360 120 0 53 65.
12480 480 0 50 58.
12480 480 0 50 61.
12960 480 0 42 58.
13440 420 0 58 61.
13440 420 0 58 58.
13680 180 0 65 68.
13860 60 0 58 68.
13920 480 0 55 61.
13920 480 0 55 58.
14280 120 0 54 65.
14400 480 0 50 58.
14400 480 0 50 61.
14880 480 0 42 58.
15360 480 0 39 53.
15840 480 0 39 54.
16320 480 0 46 58.
16800 360 0 54 61.
17280 360 0 52 60.
17760 480 0 42 54.
18240 480 0 39 53.
19200 460 0 68 73.
19200 240 0 68 70.
19440 180 0 73 80.
19680 360 0 73 78.
20040 120 0 61 77.
20160 480 0 58 65.
20160 480 0 69 73.
20640 480 0 68 73.
20640 480 0 68 70.
21120 460 0 68 73.
21120 240 0 68 70.
21360 180 0 73 80.
21600 360 0 73 78.
21960 120 0 61 77.
22080 480 0 58 65.
22080 480 0 69 73.
22560 480 0 68 73.
22560 480 0 68 70.
23040 480 0 52 58.
23040 480 0 61 70.
23520 360 0 53 58.
23520 360 0 63 70.
23880 120 0 57 70.
24000 480 0 54 58.
24000 480 0 65 70.
24480 360 0 68 61.
24480 480 0 66 66.
24840 120 0 71 72.
24960 360 0 68 60.
24960 480 0 68 65.
25320 120 0 71 70.
25440 360 0 64 58.
25440 360 0 77 70.
25800 120 0 72 70.
25920 480 0 63 58.
25920 480 0 76 70.
26400 480 0 75 68.
26400 480 0 95 72.
26880 480 0 78 61.
26880 480 0 100 73.
27360 360 0 74 65.
27360 360 0 89 77.
27720 120 0 74 66.
27840 360 0 78 68.
27840 360 0 78 73.
28200 120 0 78 70.
28320 360 0 84 72.
28320 360 0 99 84.
28680 120 0 88 73.
28800 960 0 103 89.
28800 960 0 88 77.
29760 720 0 79 75.
30600 120 0 89 78.
30600 120 0 75 75.
30720 480 0 80 75.
30720 480 0 80 72.
31200 360 0 74 70.
31200 360 0 74 73.
31560 120 0 74 67.
31680 360 0 78 77.
31680 360 0 78 73.
32040 120 0 78 70.
32160 360 0 84 72.
32160 360 0 99 84.
32520 60 0 88 73.
32580 1020 0 88 70.
32620 980 0 88 79.
33600 480 0 76 72.
33600 480 0 90 84.
34560 480 0 68 56.
34560 480 0 68 60.
34560 480 0 80 68.
35040 480 0 68 63.
35040 480 0 68 60.
35040 480 0 80 68.
35520 480 0 68 53.
35520 480 0 80 68.
36480 480 0 68 57.
36480 480 0 68 61.
36960 480 0 80 65.
36960 480 0 68 60.
37440 960 0 68 49.
38400 480 0 39 46.
38400 480 0 46 58.
38880 480 0 39 54.
39360 480 0 39 53.
39840 360 0 54 61.
40320 360 0 52 60.
40800 480 0 42 54.
41280 480 0 39 53.
41760 360 0 76 55.
41760 360 0 76 52.
42120 120 0 76 54.
42120 120 0 97 63.
42240 480 0 79 53.
42240 480 0 101 65.
42720 360 0 93 77.
42720 360 0 77 73.
43080 120 0 77 66.
43200 360 0 82 68.
43200 360 0 97 80.
43560 120 0 82 70.
43680 360 0 88 72.
43680 360 0 105 84.
44040 120 0 92 73.
44160 1680 0 92 84.
44160 960 0 92 77.
45120 720 0 82 75.
45960 120 0 75 66.
45960 120 0 75 75.
46080 480 0 102 77.
46080 480 0 80 72.
46560 360 0 74 70.
46560 360 0 74 73.
46920 120 0 74 67.
47040 360 0 78 77.
47040 360 0 78 73.
47400 120 0 78 70.
47520 360 0 84 72.
47520 360 0 99 84.
47880 60 0 88 73.
47940 1020 0 88 70.
47980 980 0 88 79.
48960 480 0 76 72.
48960 480 0 90 84.
49920 480 0 68 56.
49920 480 0 68 60.
49920 480 0 68 54.
50400 480 0 68 54.
50400 480 0 68 60.
50400 480 0 80 68.
50880 480 0 68 53.
50880 480 0 80 68.
51840 480 0 80 65.
51840 480 0 68 61.
52320 480 0 68 51.
52320 480 0 68 60.
52800 960 0 68 49.
53760 480 0 39 46.
53760 480 0 46 58.
54240 480 0 39 54.
54720 480 0 39 53.
55200 360 0 54 61.
55680 360 0 52 60.
56160 480 0 42 54.
56640 480 0 39 53.
57600 960 0 54 77.
58560 240 0 50 78.
58800 240 0 46 77.
59040 240 0 50 75.
59280 240 0 46 73.
59520 480 0 50 72.
60000 480 0 54 82.
60480 960 0 52 80.
61440 960 0 51 78.
62400 240 0 50 80.
62640 240 0 46 78.
62880 240 0 50 77.
63120 240 0 46 75.
63360 480 0 50 73.
63840 480 0 53 85.
64320 960 0 49 80.
65280 960 0 52 77.
66240 240 0 51 78.
66480 240 0 46 77.
66720 240 0 50 75.
66960 120 0 46 74.
67080 60 0 46 75.
67140 60 0 42 77.
67200 240 0 53 75.
67440 240 0 51 74.
67680 240 0 54 75.
67920 240 0 55 77.
68160 240 0 57 78.
68400 240 0 52 70.
68640 240 0 57 77.
68880 120 0 50 75.
69000 60 0 39 72.
69060 60 0 39 73.
69120 45 0 39 73.
69165 45 0 36 75.
69210 45 0 40 73.
69255 45 0 37 75.
69300 45 0 42 73.
69345 45 0 38 75.
69390 45 0 44 73.
69435 45 0 39 75.
69480 45 0 46 73.
69525 45 0 42 75.
69570 45 0 48 73.
69615 45 0 42 75.
69660 45 0 47 73.
69706 45 0 40 75.
69795 46 0 38 75.
69900 60 0 37 75.
69960 60 0 40 72.
70020 60 0 35 73.
70080 240 0 54 82.
70320 240 0 50 80.
70560 240 0 52 78.
70800 240 0 50 68.
71040 960 0 54 75.
72000 480 0 50 73.
72960 960 0 54 77.
73920 240 0 50 78.
74160 240 0 46 77.
74400 240 0 50 75.
74640 240 0 46 73.
74880 480 0 50 72.
75360 480 0 54 82.
75840 960 0 52 80.
76800 960 0 51 78.
77760 240 0 50 80.
78000 240 0 46 78.
78240 240 0 50 77.
78480 240 0 46 75.
78720 480 0 50 73.
79200 480 0 53 85.
79680 960 0 49 80.
80640 960 0 52 77.
81600 240 0 51 78.
81840 240 0 46 77.
82080 240 0 50 75.
82320 120 0 46 74.
82440 60 0 46 75.
82500 60 0 42 77.
82560 240 0 53 75.
82800 240 0 51 74.
83040 240 0 54 75.
83280 240 0 55 77.
83520 240 0 57 78.
83760 240 0 52 70.
84000 240 0 57 77.
84240 120 0 50 75.
84360 60 0 39 72.
84420 60 0 39 73.
84480 45 0 39 73.
84525 45 0 36 75.
84570 45 0 40 73.
84615 45 0 37 75.
84660 45 0 42 73.
84705 45 0 38 75.
84750 45 0 44 73.
84795 45 0 39 75.
84840 45 0 46 73.
84885 45 0 42 75.
84930 45 0 48 73.
84975 45 0 42 75.
85020 45 0 47 73.
85066 45 0 40 75.
85155 46 0 38 75.
85260 60 0 37 75.
85320 60 0 40 72.
85380 60 0 35 73.
85440 240 0 54 82.
85680 240 0 50 80.
85920 240 0 52 78.
86160 240 0 50 68.
86400 960 0 54 75.
87360 480 0 50 73.
88320 960 0 56 72.
89280 240 0 52 73.
89520 240 0 48 72.
89760 240 0 52 70.
90000 240 0 48 68.
90240 480 0 52 67.
90720 480 0 56 77.
91200 960 0 54 75.
92160 960 0 55 73.
93120 240 0 55 75.
93360 240 0 50 73.
93600 240 0 55 72.
93840 240 0 51 70.
94080 480 0 55 69.
94560 480 0 59 78.
95040 960 0 55 77.
96000 960 0 59 77.
96960 240 0 58 78.
97200 240 0 52 77.
97440 240 0 57 75.
97680 240 0 52 73.
97920 480 0 59 73.
98400 480 0 57 72.
99120 210 0 56 72.
99330 30 0 55 75.
99360 360 0 59 73.
99720 120 0 58 72.
99840 480 0 59 72.
100320 480 0 56 70.
101040 210 0 56 72.
101250 30 0 59 75.
101280 360 0 59 73.
101640 120 0 56 72.
101760 480 0 50 72.
102240 480 0 55 77.
102720 480 0 54 78.
103200 480 0 46 68.
103680 960 0 54 77.
104640 240 0 50 78.
104880 240 0 46 77.
105120 240 0 50 75.
105360 240 0 46 73.
105600 480 0 50 72.
106080 480 0 54 82.
106560 960 0 52 80.
107520 960 0 51 78.
108480 240 0 50 80.
108720 240 0 46 78.
108960 240 0 50 77.
109200 240 0 46 75.
109440 480 0 50 73.
109920 480 0 53 85.
110400 960 0 49 80.
111360 960 0 52 77.
112320 240 0 51 78.
112560 240 0 46 77.
112800 240 0 50 75.
113040 120 0 46 74.
113160 60 0 46 75.
113220 60 0 42 77.
113280 240 0 53 75.
113520 240 0 51 74.
113760 240 0 54 75.
114000 240 0 55 77.
114240 240 0 57 78.
114480 240 0 52 70.
114720 240 0 57 77.
114960 120 0 50 75.
115080 60 0 39 72.
115140 60 0 39 73.
115200 45 0 39 73.
115245 45 0 36 75.
115290 45 0 40 73.
115335 45 0 37 75.
115380 45 0 42 73.
115425 45 0 38 75.
115470 45 0 44 73.
115515 45 0 39 75.
115560 45 0 46 73.
115605 45 0 42 75.
115650 45 0 48 73.
115695 45 0 42 75.
115740 45 0 47 73.
115786 45 0 40 75.
115875 46 0 38 75.
115980 60 0 37 75.
116040 60 0 40 72.
116100 60 0 35 73.
116160 240 0 54 82.
116400 240 0 50 80.
116640 240 0 52 78.
116880 240 0 50 68.
117120 960 0 54 75.
118080 480 0 45 73.
119040 960 0 56 72.
120000 240 0 52 73.
120240 240 0 48 72.
120480 240 0 52 70.
120720 240 0 48 68.
120960 480 0 52 67.
121440 480 0 56 77.
121920 960 0 54 75.
122880 960 0 55 73.
123840 240 0 55 75.
124080 240 0 50 73.
124320 240 0 55 72.
124560 240 0 51 70.
124800 480 0 55 69.
125280 480 0 59 78.
125760 960 0 55 77.
126720 960 0 59 77.
127680 240 0 58 78.
127920 240 0 52 77.
128160 240 0 57 75.
128400 240 0 52 73.
128640 480 0 59 73.
129120 480 0 57 72.
129840 210 0 56 72.
130050 30 0 55 75.
130080 360 0 59 73.
130440 120 0 58 72.
130560 480 0 59 72.
131040 480 0 56 70.
131760 210 0 56 72.
131970 30 0 59 75.
132000 360 0 59 73.
132360 120 0 56 72.
132480 480 0 50 72.
132960 480 0 55 77.
133440 480 0 54 78.
133920 480 0 45 68.
134400 960 0 54 77.
135360 240 0 50 78.
135600 240 0 46 77.
135840 240 0 50 75.
136080 240 0 46 73.
136320 480 0 50 72.
136800 480 0 54 82.
137280 960 0 52 80.
138240 960 0 51 78.
139200 240 0 50 80.
139440 240 0 46 78.
139680 240 0 50 77.
139920 240 0 46 75.
140160 480 0 50 73.
140640 480 0 53 85.
141120 960 0 49 80.
142080 960 0 52 77.
143040 240 0 51 78.
143280 240 0 46 77.
143520 240 0 50 75.
143760 120 0 46 74.
143880 60 0 46 75.
143940 60 0 42 77.
144000 240 0 53 75.
144240 240 0 51 74.
144480 240 0 54 75.
144720 240 0 55 77.
144960 240 0 57 78.
145200 240 0 52 70.
145440 240 0 57 77.
145680 120 0 50 75.
145800 60 0 39 72.
145860 60 0 39 73.
145920 45 0 39 73.
145965 45 0 36 75.
146010 45 0 40 73.
146055 45 0 37 75.
146100 45 0 42 73.
146145 45 0 38 75.
146190 45 0 44 73.
146235 45 0 39 75.
146280 45 0 46 73.
146325 45 0 42 75.
146370 45 0 48 73.
146415 45 0 42 75.
146460 45 0 47 73.
146506 45 0 40 75.
146595 46 0 38 75.
146700 60 0 37 75.
146760 60 0 40 72.
146820 60 0 35 73.
146880 240 0 54 82.
147120 240 0 50 80.
147360 240 0 52 78.
147600 240 0 50 68.
147840 960 0 54 75.
148800 480 0 45 73.
149760 480 0 34 53.
150240 480 0 34 54.
150720 480 0 34 53.
151680 480 0 34 53.
152160 480 0 34 54.
152640 480 0 34 53.
153600 480 0 34 53.
154080 480 0 34 54.
154560 480 0 34 53.
155040 360 0 49 61.
0 480 0 28 34.
0 480 0 34 46.
480 480 0 25 42.
960 480 0 28 41.
1440 480 0 23 42.
1920 480 0 28 34.
1920 480 0 34 46.
2400 480 0 25 42.
2880 480 0 28 41.
3360 480 0 22 42.
3840 480 0 28 34.
3840 480 0 34 46.
4320 480 0 30 42.
4800 480 0 28 41.
5280 480 0 27 42.
5760 480 0 28 34.
5760 480 0 34 46.
6240 480 0 25 42.
6720 480 0 28 41.
7200 480 0 22 42.
7680 480 0 35 34.
7680 480 0 42 46.
8160 480 0 37 42.
8640 480 0 35 41.
9120 480 0 34 42.
9600 480 0 35 34.
9600 480 0 42 46.
10080 480 0 30 42.
10560 480 0 35 41.
11040 480 0 27 42.
11520 480 0 42 41.
12000 480 0 36 42.
12480 480 0 38 41.
12960 480 0 27 42.
13440 480 0 42 34.
13440 480 0 52 46.
13920 480 0 36 42.
14400 480 0 38 41.
14880 480 0 27 42.
15360 480 0 32 34.
15360 480 0 39 46.
15840 480 0 34 42.
16320 480 0 32 41.
16800 480 0 31 42.
17280 480 0 32 34.
17280 480 0 39 46.
17760 480 0 28 42.
18240 480 0 32 41.
18720 480 0 25 42.
19200 480 0 47 34.
19200 480 0 57 46.
19680 480 0 37 42.
20160 480 0 39 41.
20640 480 0 30 42.
21120 480 0 47 34.
21120 480 0 57 46.
21600 480 0 37 42.
22080 480 0 39 41.
22560 480 0 30 42.
23040 480 0 43 41.
23520 480 0 46 42.
24000 480 0 45 41.
24480 480 0 46 42.
24960 480 0 49 34.
24960 480 0 58 46.
25440 480 0 42 42.
25920 480 0 53 41.
26400 480 0 71 44.
26880 480 0 59 25.
27360 360 0 64 49.
27360 360 0 76 61.
27840 360 0 68 56.
28320 360 0 73 56.
28800 480 0 77 32.
29280 360 0 69 63.
29280 360 0 81 72.
29640 120 0 65 61.
29640 120 0 76 70.
29760 360 0 63 61.
29760 360 0 75 70.
30120 120 0 59 66.
30240 360 0 57 66.
30600 120 0 66 60.
30720 480 0 66 34.
31200 480 0 63 53.
31200 480 0 75 61.
31680 480 0 80 49.
32160 480 0 76 65.
32160 480 0 64 58.
32640 480 0 77 29.
33120 480 0 69 53.
33120 480 0 69 61.
33600 480 0 64 53.
33600 480 0 64 60.
34080 240 0 81 53.
35190 45 0 69 44.
35280 60 0 66 44.
36480 45 0 61 41.
37110 45 0 69 41.
37200 60 0 66 41.
38400 480 0 32 34.
38400 480 0 39 46.
38880 480 0 34 42.
39360 480 0 32 41.
39840 480 0 31 42.
40320 480 0 32 34.
40320 480 0 39 46.
40800 480 0 28 42.
41280 480 0 32 41.
41760 360 0 73 45.
42120 120 0 57 32.
42240 480 0 60 25.
42720 360 0 67 49.
42720 360 0 80 61.
43200 360 0 71 56.
43680 360 0 76 56.
44160 480 0 81 32.
44640 360 0 72 63.
44640 360 0 85 72.
45000 120 0 67 61.
45000 120 0 79 70.
45120 360 0 66 61.
45120 360 0 78 70.
45480 120 0 61 66.
45600 360 0 60 66.
45960 120 0 66 60.
46080 480 0 66 34.
46560 480 0 63 53.
46560 480 0 75 61.
47040 480 0 80 49.
47520 480 0 76 65.
47520 480 0 64 58.
48000 480 0 77 29.
48480 480 0 69 53.
48480 480 0 69 61.
48960 480 0 64 53.
48960 480 0 64 60.
49440 240 0 81 53.
50550 45 0 69 44.
50640 60 0 66 44.
51840 45 0 61 41.
52470 45 0 69 41.
52560 60 0 66 41.
53760 480 0 32 34.
53760 480 0 39 46.
54240 480 0 34 42.
54720 480 0 32 41.
55200 480 0 31 42.
55680 480 0 32 34.
55680 480 0 39 46.
56160 480 0 28 42.
56640 480 0 32 41.
57120 480 0 32 32.
57600 240 0 33 37.
59520 240 0 33 39.
63360 240 0 36 37.
65280 240 0 33 37.
67200 240 0 33 39.
72960 240 0 33 37.
74880 240 0 33 39.
78720 240 0 36 37.
80640 240 0 33 37.
82560 240 0 33 39.
90240 240 0 34 34.
94080 240 0 40 36.
97920 240 0 40 39.
101760 240 0 36 41.
103440 240 0 23 60.
105600 240 0 33 39.
109440 240 0 36 37.
111360 240 0 33 37.
113280 240 0 33 39.
120960 240 0 34 34.
124800 240 0 40 36.
128640 240 0 40 39.
132480 240 0 36 41.
134160 240 0 22 60.
136320 240 0 33 39.
140160 240 0 36 37.
142080 240 0 33 37.
144000 240 0 33 39.

