960 480 0 72 58.
1440 90 0 47 51.
1680 90 0 49 51.
1920 90 0 54 51.
2160 90 0 56 51.
2400 480 0 61 51.
2880 480 0 80 65.
2880 480 0 67 63.
3360 240 0 56 65.
3360 240 0 56 75.
3600 240 0 55 63.
3840 240 0 56 65.
3840 240 0 56 74.
4080 240 0 53 66.
4320 90 0 49 54.
4560 90 0 52 54.
4800 90 0 57 54.
5040 90 0 57 54.
5280 480 0 64 54.
5760 480 0 67 56.
5760 480 0 69 66.
6240 240 0 72 80.
6240 240 0 59 78.
6480 240 0 58 66.
6720 240 0 72 80.
6720 240 0 59 77.
6960 240 0 54 69.
7200 90 0 47 57.
7440 90 0 51 57.
7680 90 0 54 57.
7920 90 0 59 57.
8160 480 0 68 57.
8640 90 0 52 58.
8640 90 0 52 68.
8640 90 0 52 65.
8880 90 0 55 58.
8880 90 0 55 68.
8880 90 0 66 70.
9120 90 0 57 58.
9120 90 0 57 68.
9120 90 0 67 70.
9360 90 0 57 56.
9360 90 0 68 68.
9360 90 0 68 70.
9600 480 0 68 56.
9600 480 0 68 68.
9600 480 0 68 62.
10080 90 0 63 70.
10080 90 0 52 66.
10320 90 0 55 58.
10320 90 0 55 66.
10560 90 0 57 63.
10560 90 0 67 70.
10800 90 0 56 63.
10800 90 0 67 70.
11040 480 0 70 63.
11040 480 0 85 70.
11520 480 0 66 58.
11520 480 0 78 70.
12000 480 0 66 56.
12000 480 0 78 68.
12480 480 0 63 54.
12480 480 0 63 63.
12960 240 0 52 58.
12960 240 0 61 65.
13200 240 0 59 61.
13440 240 0 66 66.
13680 240 0 73 66.
13920 240 0 69 70.
14160 240 0 71 70.
14400 240 0 65 73.
14640 240 0 69 73.
14880 240 0 66 78.
15120 240 0 73 78.
15360 240 0 69 82.
15600 240 0 75 82.
15840 480 0 69 85.
15840 480 0 82 94.
16320 480 0 66 85.
16320 480 0 76 92.
16800 480 0 73 85.
16800 480 0 61 73.
17280 480 0 57 73.
17280 960 0 75 85.
17760 480 0 58 78.
18240 480 0 56 73.
18240 480 0 40 61.
18720 480 0 40 61.
18720 960 0 56 73.
19200 480 0 49 66.
19680 480 0 55 73.
19680 480 0 38 61.
20160 480 0 40 61.
20160 960 0 55 73.
20640 480 0 48 66.
21120 480 0 52 61.
21600 1440 0 51 61.
23040 5760 0 46 58.
30240 90 0 52 51.
30480 90 0 55 51.
30720 90 0 57 51.
30960 90 0 59 51.
31200 480 0 69 51.
31680 480 0 90 65.
31680 480 0 75 63.
32160 240 0 76 77.
32160 240 0 63 75.
32400 240 0 61 63.
32640 240 0 76 77.
32640 240 0 63 74.
32880 240 0 59 66.
33120 90 0 52 54.
33360 90 0 55 54.
33600 90 0 57 54.
33840 90 0 57 54.
34080 480 0 68 54.
34560 480 0 72 56.
34560 480 0 75 66.
35040 240 0 76 80.
35040 240 0 63 78.
35280 240 0 61 66.
35520 240 0 76 80.
35520 240 0 63 77.
35760 240 0 58 69.
36000 90 0 47 57.
36240 90 0 51 57.
36480 90 0 54 57.
36720 90 0 57 57.
36960 480 0 68 57.
37440 90 0 64 71.
37440 90 0 53 69.
37680 90 0 56 59.
37680 90 0 56 69.
37920 90 0 71 71.
37920 90 0 60 69.
38160 90 0 72 71.
38160 90 0 72 69.
38400 480 0 68 59.
38400 480 0 68 69.
38880 90 0 66 72.
38880 90 0 54 69.
39120 90 0 69 72.
39120 90 0 57 69.
39360 90 0 63 60.
39360 90 0 74 72.
39600 90 0 55 60.
39600 90 0 76 72.
39840 480 0 73 66.
39840 480 0 73 63.
40320 480 0 81 76.
40320 480 0 69 69.
40800 480 0 69 62.
40800 480 0 81 74.
41280 480 0 72 50.
41760 240 0 61 61.
42000 240 0 59 61.
42240 240 0 66 66.
42480 240 0 75 66.
42720 240 0 69 69.
42960 240 0 75 69.
43200 240 0 65 73.
43440 240 0 71 73.
43680 240 0 66 78.
43920 240 0 75 78.
44160 240 0 69 81.
44400 240 0 75 81.
44640 480 0 69 85.
44640 480 0 82 93.
45120 480 0 66 85.
45120 480 0 78 92.
45600 480 0 73 85.
45600 480 0 61 73.
46080 480 0 61 73.
46080 960 0 75 85.
46560 480 0 58 78.
47040 480 0 58 73.
47040 480 0 40 61.
47520 480 0 42 61.
47520 960 0 58 73.
48000 480 0 49 66.
48480 480 0 56 73.
48480 480 0 38 61.
48960 480 0 40 61.
48960 960 0 56 73.
49440 480 0 46 66.
49920 960 0 69 61.
50880 240 0 64 62.
51120 240 0 59 61.
51360 240 0 63 56.
51600 240 0 54 57.
51840 1440 0 58 54.
53280 480 0 84 62.
53760 240 0 48 57.
54000 240 0 49 57.
54240 240 0 50 56.
54480 240 0 51 57.
54720 240 0 52 58.
54960 240 0 53 59.
55200 240 0 54 60.
55440 240 0 55 61.
55680 240 0 57 62.
55920 240 0 59 63.
56160 240 0 59 64.
56400 240 0 60 65.
56640 240 0 64 66.
56880 240 0 65 67.
57120 240 0 66 68.
57360 240 0 67 69.
57600 480 0 68 69.
58080 480 0 73 70.
58560 240 0 80 87.
58560 240 0 80 75.
59040 480 0 91 87.
59520 240 0 48 58.
59760 240 0 49 63.
60000 240 0 50 57.
60240 240 0 51 58.
60480 240 0 52 59.
60720 240 0 53 60.
60960 240 0 54 61.
61200 240 0 55 62.
61440 240 0 57 63.
61680 240 0 59 64.
61920 240 0 59 65.
62160 240 0 60 66.
62400 240 0 64 67.
62640 240 0 65 68.
62880 240 0 66 69.
63120 240 0 67 70.
63360 480 0 68 70.
63840 480 0 73 71.
64320 240 0 80 88.
64320 240 0 80 76.
64800 480 0 91 88.
65280 240 0 58 64.
65520 240 0 58 64.
65760 240 0 53 63.
66000 240 0 53 64.
66240 240 0 58 65.
66480 240 0 53 66.
66720 120 0 58 67.
66960 120 0 54 67.
67200 120 0 54 67.
67440 120 0 54 67.
67680 240 0 58 67.
67920 240 0 54 66.
68160 120 0 58 66.
68400 120 0 54 66.
68640 120 0 54 65.
68880 120 0 54 66.
69120 240 0 58 67.
69360 240 0 53 68.
69600 120 0 54 69.
69840 120 0 56 69.
70080 120 0 58 69.
70320 120 0 60 69.
70560 240 0 66 69.
70800 240 0 60 68.
71040 120 0 63 68.
71280 120 0 65 68.
71520 120 0 65 67.
71760 120 0 68 68.
72000 420 0 77 68.
72000 420 0 91 80.
72420 60 0 55 70.
72480 240 0 73 68.
72480 240 0 86 80.
72720 240 0 66 67.
72960 240 0 73 68.
72960 240 0 88 80.
73200 240 0 69 70.
73440 480 0 76 73.
73440 480 0 90 80.
73920 240 0 95 92.
74400 480 0 73 66.
74400 480 0 88 78.
74880 420 0 65 66.
74880 420 0 77 78.
75300 60 0 61 68.
75360 240 0 70 66.
75360 240 0 82 78.
75600 240 0 67 65.
75840 240 0 70 66.
75840 240 0 84 78.
76080 240 0 67 68.
76320 480 0 76 71.
76320 480 0 90 78.
76800 240 0 92 90.
77280 480 0 73 64.
77280 480 0 88 76.
77760 420 0 77 64.
77760 420 0 91 76.
78180 60 0 55 66.
78240 240 0 77 64.
78240 240 0 91 76.
78480 240 0 69 63.
78720 240 0 73 64.
78720 240 0 88 76.
78960 240 0 69 66.
79200 240 0 76 63.
79200 240 0 90 75.
79440 240 0 74 63.
79680 240 0 71 66.
79920 240 0 81 75.
80160 240 0 89 87.
80400 240 0 88 87.
80640 480 0 93 99.
81120 240 0 70 63.
81120 240 0 70 66.
81600 240 0 67 66.
81600 240 0 79 78.
82080 240 0 70 65.
82080 240 0 82 77.
82560 240 0 52 58.
82560 240 0 61 70.
83040 240 0 66 75.
83040 240 0 66 72.
83520 240 0 57 61.
83520 240 0 68 70.
84000 240 0 50 61.
84480 240 0 49 63.
84480 240 0 58 69.
84960 240 0 46 61.
84960 240 0 55 70.
85440 240 0 38 53.
85920 240 0 50 63.
85920 240 0 40 54.
86400 240 0 43 53.
86400 240 0 51 61.
86880 240 0 45 53.
87360 240 0 45 60.
87360 240 0 37 51.
87840 1920 0 46 58.
89760 480 0 46 70.
90240 480 0 46 94.
90720 1920 0 46 70.
92640 480 0 53 70.
93120 480 0 59 94.
93600 90 0 52 51.
93840 90 0 55 51.
94080 90 0 67 63.
94320 90 0 68 63.
94560 480 0 79 63.
95040 480 0 73 53.
95040 480 0 71 59.
95520 240 0 63 71.
95520 240 0 63 75.
95760 240 0 61 63.
96000 240 0 63 65.
96000 240 0 76 77.
96240 240 0 72 78.
96480 90 0 63 66.
96720 90 0 55 54.
96960 90 0 57 54.
97200 90 0 66 66.
97440 480 0 79 66.
97920 480 0 72 56.
97920 480 0 75 66.
98400 240 0 63 68.
98400 240 0 76 80.
98640 240 0 61 66.
98880 240 0 63 68.
98880 240 0 76 80.
99120 240 0 72 81.
99360 90 0 56 69.
99600 90 0 51 57.
99840 90 0 54 57.
100080 90 0 57 57.
100320 480 0 82 69.
100800 90 0 63 70.
100800 90 0 52 68.
100800 90 0 52 65.
101040 90 0 55 65.
101040 90 0 55 68.
101040 90 0 55 58.
101280 90 0 60 56.
101280 90 0 60 58.
101280 90 0 60 65.
101520 90 0 61 56.
101520 90 0 73 68.
101520 90 0 61 58.
101760 480 0 68 56.
101760 480 0 68 65.
101760 480 0 81 70.
102240 90 0 53 66.
102240 90 0 64 70.
102480 90 0 56 66.
102480 90 0 68 70.
102720 90 0 61 66.
102720 90 0 61 63.
102960 90 0 64 66.
102960 90 0 75 70.
103200 480 0 72 66.
103200 480 0 72 63.
103680 480 0 75 56.
103680 480 0 90 68.
104160 480 0 75 63.
104160 480 0 90 75.
104640 480 0 85 77.
104640 480 0 72 65.
105120 480 0 72 70.
105120 480 0 72 75.
105600 480 0 87 87.
106080 480 0 86 83.
106080 480 0 72 75.
106560 480 0 84 83.
107040 480 0 71 68.
107040 480 0 71 75.
107520 480 0 84 80.
108000 480 0 75 70.
108000 480 0 75 75.
108480 480 0 99 90.
108960 480 0 72 65.
108960 480 0 86 77.
109440 480 0 99 89.
109920 480 0 75 65.
109920 480 0 75 74.
110400 480 0 89 87.
110880 1440 0 78 63.
112320 480 0 69 58.
112800 240 0 64 59.
113040 240 0 59 58.
113280 240 0 63 53.
113520 240 0 54 54.
113760 1920 0 58 51.
117120 480 0 34 58.
117600 960 0 36 58.
118560 480 0 32 58.
119040 960 0 36 58.
120000 480 0 31 58.
120480 960 0 36 58.
121440 480 0 31 58.
121920 480 0 37 58.
122880 480 0 28 58.
123360 480 0 28 58.
124320 480 0 22 58.
124800 480 0 22 58.
125760 480 0 25 59.
126240 480 0 28 65.
127200 480 0 25 58.
127680 480 0 25 58.
128160 480 0 24 58.
128640 480 0 23 61.
129120 480 0 23 61.
129600 480 0 24 61.
130080 480 0 23 56.
130560 480 0 23 54.
131040 480 0 24 54.
131520 480 0 23 56.
132000 480 0 23 54.
132480 480 0 24 54.
132960 480 0 23 56.
133440 480 0 24 54.
134400 480 0 30 61.
134880 480 0 30 61.
135840 480 0 25 61.
136320 480 0 23 61.
137280 480 0 25 63.
137760 480 0 29 69.
138720 480 0 24 61.
139200 480 0 24 61.
139680 480 0 26 61.
140160 480 0 27 65.
140640 480 0 26 65.
141120 480 0 25 65.
141600 480 0 25 60.
142080 480 0 25 58.
142560 480 0 25 58.
143040 480 0 25 60.
143520 480 0 25 58.
144000 480 0 25 58.
144480 480 0 25 60.
144960 480 0 25 58.
145920 480 0 30 58.
146400 480 0 29 58.
147360 480 0 25 58.
147840 480 0 25 58.
148800 480 0 25 59.
149280 480 0 30 65.
150240 480 0 27 58.
150720 480 0 27 58.
151200 480 0 26 58.
151680 480 0 25 61.
152160 480 0 25 61.
152640 480 0 25 61.
153120 480 0 25 56.
153600 480 0 24 54.
154080 480 0 25 54.
154560 480 0 25 56.
155040 480 0 25 54.
155520 480 0 25 54.
156000 480 0 25 56.
156480 480 0 25 58.
157440 480 0 27 58.
157920 480 0 27 58.
158880 480 0 27 59.
159360 480 0 35 60.
160320 480 0 32 62.
160800 480 0 32 70.
161760 480 0 30 65.
162240 360 0 35 65.
163200 480 0 27 58.
163680 480 0 26 58.
164640 480 0 27 59.
165120 480 0 25 60.
166080 480 0 38 61.
166560 480 0 32 70.
167520 480 0 27 65.
168000 480 0 27 65.
168480 480 0 39 65.
168960 480 0 44 65.
169440 480 0 44 65.
169920 480 0 42 65.
170400 480 0 40 63.
170880 480 0 40 65.
171360 480 0 39 65.
171840 480 0 39 63.
172320 480 0 36 65.
172800 480 0 36 65.
173280 480 0 35 63.
173760 480 0 35 65.
174720 480 0 28 58.
175200 480 0 25 58.
176160 480 0 23 58.
176640 480 0 23 58.
177600 480 0 26 59.
178080 480 0 30 65.
179040 480 0 27 58.
179520 480 0 26 58.
180000 480 0 26 58.
180480 480 0 23 61.
180960 480 0 23 61.
181440 480 0 23 61.
181920 480 0 23 56.
182400 480 0 21 54.
182880 480 0 21 54.
183360 480 0 19 56.
183840 480 0 19 54.
184320 480 0 16 54.
184800 480 0 15 56.
185280 480 0 15 58.
186240 480 0 29 59.
186720 480 0 29 59.
187680 480 0 25 59.
188160 480 0 24 59.
189120 480 0 32 61.
189600 480 0 30 67.
190560 480 0 25 59.
191040 480 0 25 59.
191520 480 0 23 59.
192000 480 0 27 63.
192480 480 0 27 63.
192960 480 0 25 63.
193440 480 0 24 58.
193920 480 0 23 56.
194400 480 0 23 56.
194880 480 0 21 58.
195360 480 0 21 56.
195840 480 0 21 56.
196320 480 0 21 58.
196800 480 0 21 59.
196800 480 0 26 63.
197280 480 0 27 53.
197280 480 0 32 61.
197760 480 0 25 59.
198240 480 0 25 59.
198720 480 0 28 54.
199200 480 0 24 54.
199680 480 0 25 54.
200160 480 0 30 56.
200160 480 0 40 61.
200640 480 0 26 59.
201120 480 0 26 59.
201600 480 0 28 54.
202080 480 0 26 54.
202560 480 0 26 54.
203040 480 0 30 56.
203040 480 0 35 61.
203520 480 0 32 59.
204000 480 0 34 59.
204480 480 0 35 59.
204960 480 0 36 60.
205440 480 0 40 61.
205920 480 0 40 62.
206400 480 0 38 63.
206880 480 0 27 59.
207360 480 0 29 58.
208800 1440 0 34 56.
208800 1440 0 40 66.
210240 480 0 34 56.
210240 1440 0 34 65.
211680 960 0 35 60.
211680 1440 0 42 68.
212640 240 0 47 61.
212880 240 0 42 63.
213120 480 0 50 64.
214560 1440 0 44 63.
214560 960 0 55 77.
216000 960 0 52 70.
216960 480 0 50 73.
217440 1440 0 38 61.
217440 1440 0 53 67.
218880 960 0 44 60.
218880 960 0 53 68.
219840 480 0 42 61.
219840 480 0 50 68.
220320 1440 0 34 60.
220320 1440 0 40 68.
221760 960 0 44 61.
221760 1440 0 52 68.
222720 480 0 39 56.
223200 480 0 51 60.
223200 1440 0 51 68.
223680 240 0 43 58.
223920 240 0 38 56.
224160 240 0 47 61.
224400 240 0 42 63.
224640 960 0 44 65.
226080 960 0 51 68.
227520 480 0 42 62.
228480 480 0 53 73.
228960 1440 0 46 61.
228960 1440 0 54 73.
230400 1440 0 35 65.
232320 480 0 28 58.
232800 480 0 25 58.
233760 480 0 23 58.
234240 480 0 23 58.
235200 480 0 26 59.
235680 480 0 30 65.
236640 480 0 27 58.
237120 480 0 26 58.
237600 480 0 26 58.
238080 480 0 23 61.
238560 480 0 23 61.
239040 480 0 23 61.
239520 480 0 23 56.
240000 480 0 23 54.
240480 480 0 23 54.
240960 480 0 21 56.
241440 480 0 21 54.
241920 480 0 17 54.
242400 480 0 17 56.
242880 480 0 17 54.
243840 480 0 29 59.
244320 480 0 29 59.
245280 480 0 28 59.
245760 480 0 24 59.
246720 480 0 32 61.
247200 480 0 30 67.
248160 480 0 25 59.
248640 480 0 25 59.
249120 480 0 23 59.
249600 480 0 27 63.
250080 480 0 27 63.
250560 480 0 25 63.
251040 480 0 26 58.
251520 480 0 25 56.
252000 480 0 25 56.
252480 480 0 25 58.
252960 480 0 25 56.
253440 480 0 25 56.
253920 480 0 25 58.
254400 480 0 25 59.
254400 480 0 30 63.
254880 480 0 27 53.
254880 480 0 32 61.
255360 480 0 25 59.
255840 480 0 25 59.
256320 480 0 28 54.
256800 480 0 24 54.
257280 480 0 25 54.
257760 480 0 30 56.
257760 480 0 40 61.
258240 480 0 26 59.
258720 480 0 26 59.
259200 480 0 28 54.
259680 480 0 26 54.
260160 480 0 26 54.
260640 480 0 30 56.
260640 480 0 35 61.
261120 480 0 32 59.
261600 480 0 34 59.
262080 480 0 35 59.
262560 480 0 36 60.
263040 480 0 39 61.
263520 480 0 42 62.
264000 480 0 38 63.
264480 480 0 27 59.
264960 480 0 29 58.
266400 1440 0 34 56.
266400 1440 0 40 66.
267840 480 0 34 56.
267840 1440 0 34 65.
269280 960 0 35 60.
269280 1440 0 42 68.
270240 240 0 47 61.
270480 240 0 42 63.
270720 480 0 50 64.
272160 1440 0 44 63.
272160 960 0 55 77.
273600 960 0 52 70.
274560 480 0 50 73.
275040 1440 0 38 61.
275040 1440 0 53 67.
276480 960 0 44 60.
276480 960 0 53 68.
277440 480 0 42 61.
277440 480 0 50 68.
277920 1440 0 34 60.
277920 1440 0 40 68.
279360 960 0 44 61.
279360 1440 0 52 68.
280320 480 0 39 56.
280800 480 0 51 60.
280800 1440 0 51 68.
281280 240 0 43 58.
281520 240 0 38 56.
281760 240 0 47 61.
282000 240 0 42 63.
282240 960 0 44 65.
283680 960 0 51 68.
285120 480 0 42 62.
286080 480 0 53 73.
286560 1440 0 46 61.
286560 1440 0 54 73.
288000 1440 0 35 65.
289920 480 0 28 58.
290400 480 0 25 58.
291360 480 0 23 58.
291840 480 0 23 58.
292800 480 0 26 59.
293280 480 0 30 65.
294240 480 0 27 58.
294720 480 0 26 58.
295200 480 0 26 58.
295680 480 0 23 61.
296160 480 0 23 61.
296640 480 0 23 61.
297120 480 0 23 56.
297600 480 0 23 54.
298080 480 0 23 54.
298560 480 0 21 56.
299040 480 0 21 54.
299520 480 0 17 54.
300000 480 0 17 56.
300480 480 0 17 54.
301440 480 0 29 59.
301920 480 0 29 59.
302880 480 0 28 59.
303360 480 0 24 59.
304320 480 0 32 61.
304800 480 0 30 67.
305760 480 0 25 59.
306240 480 0 25 59.
306720 480 0 23 59.
307200 480 0 27 63.
307680 480 0 27 63.
308160 480 0 25 63.
308640 480 0 26 58.
309120 480 0 25 56.
309600 480 0 25 56.
310080 480 0 25 58.
310560 480 0 25 56.
311040 480 0 25 56.
311520 480 0 25 58.
312000 480 0 25 59.
312000 480 0 30 63.
312480 480 0 27 53.
312480 480 0 32 61.
312960 480 0 25 59.
313440 480 0 25 59.
313920 480 0 28 54.
314400 480 0 24 54.
314880 480 0 25 54.
315360 480 0 30 56.
315360 480 0 40 61.
315840 480 0 26 59.
316320 480 0 26 59.
316800 480 0 28 54.
317280 480 0 26 54.
317760 480 0 26 54.
318240 480 0 30 56.
318240 480 0 35 61.
318720 480 0 33 59.
319200 480 0 35 59.
319680 480 0 37 59.
320160 480 0 40 60.
320640 480 0 47 61.
321120 480 0 55 74.
321120 480 0 48 65.
321600 720 0 57 75.
321600 720 0 50 65.
322320 240 0 55 74.
322320 240 0 37 65.
322560 480 0 56 74.
322560 480 0 39 65.
323040 720 0 57 75.
323040 720 0 49 65.
323760 240 0 61 74.
324000 480 0 65 74.
324480 720 0 70 73.
325200 240 0 61 72.
325440 480 0 67 72.
325920 720 0 67 71.
326640 240 0 66 70.
326880 480 0 71 70.
327360 720 0 73 69.
328080 240 0 70 68.
328320 480 0 77 68.
328800 480 0 76 66.
329280 480 0 75 58.
329760 90 0 47 51.
330000 90 0 49 51.
330240 90 0 54 51.
330480 90 0 56 51.
330720 480 0 61 51.
331200 480 0 67 53.
331200 480 0 67 63.
331680 240 0 56 65.
331680 240 0 56 75.
331920 240 0 55 63.
332160 240 0 56 65.
332160 240 0 56 74.
332400 240 0 53 66.
332640 90 0 49 54.
332880 90 0 52 54.
333120 90 0 57 54.
333360 90 0 57 54.
333600 480 0 64 54.
334080 480 0 67 56.
334080 480 0 69 66.
334560 240 0 59 68.
334560 240 0 59 78.
334800 240 0 58 66.
335040 240 0 59 68.
335040 240 0 59 77.
335280 240 0 54 69.
335520 90 0 47 57.
335760 90 0 51 57.
336000 90 0 54 57.
336240 90 0 59 57.
336480 480 0 68 57.
336960 90 0 52 58.
336960 90 0 52 68.
336960 90 0 63 70.
337200 90 0 55 58.
337200 90 0 55 68.
337200 90 0 66 70.
337440 90 0 57 58.
337440 90 0 57 68.
337440 90 0 67 70.
337680 90 0 57 58.
960 480 0 40 34.
1440 480 0 36 27.
1920 90 0 36 28.
2160 90 0 36 29.
2400 480 0 42 30.
2880 390 0 50 32.
3270 480 0 37 44.
3330 420 0 37 53.
3750 570 0 37 46.
3810 483 0 37 56.
4320 480 0 38 30.
4800 90 0 38 31.
5040 90 0 35 32.
5280 480 0 43 33.
5760 390 0 53 35.
6150 480 0 39 48.
6210 420 0 39 56.
6240 390 0 48 62.
6630 570 0 39 49.
6660 540 0 39 56.
6720 480 0 48 65.
7200 480 0 42 45.
7680 90 0 42 47.
7920 90 0 45 48.
8160 480 0 54 49.
8640 480 0 47 50.
9120 90 0 44 51.
9360 90 0 45 52.
9600 480 0 53 53.
10080 480 0 47 54.
10560 90 0 44 56.
10800 90 0 45 57.
11040 480 0 56 58.
11520 480 0 57 59.
12000 480 0 43 35.
12480 480 0 43 36.
12960 480 0 50 37.
13440 480 0 48 49.
13920 480 0 57 61.
14400 480 0 42 58.
14880 480 0 40 61.
15360 480 0 57 73.
15840 480 0 48 70.
16320 480 0 46 71.
16800 480 0 42 61.
16800 480 0 51 71.
17280 480 0 46 65.
17760 480 0 38 54.
18240 480 0 33 53.
18720 480 0 34 53.
19200 480 0 32 42.
19680 480 0 31 53.
20160 480 0 34 53.
20640 480 0 32 42.
24480 480 0 43 56.
24960 480 0 37 54.
25440 480 0 37 51.
25920 480 0 43 54.
26400 480 0 37 53.
26880 480 0 37 49.
27360 480 0 43 51.
27840 480 0 37 49.
28320 480 0 37 46.
28800 480 0 39 47.
29280 480 0 35 46.
29760 480 0 35 42.
30240 480 0 47 39.
30720 90 0 44 40.
30960 90 0 47 41.
31200 480 0 56 42.
31680 480 0 67 44.
32160 480 0 43 44.
32160 480 0 43 53.
32640 480 0 43 46.
32640 480 0 43 56.
33120 480 0 40 30.
33600 90 0 38 31.
33840 90 0 35 32.
34080 480 0 46 33.
34560 480 0 56 35.
35040 480 0 43 48.
35040 480 0 43 56.
35520 480 0 43 49.
35520 480 0 43 59.
36000 480 0 36 33.
36480 90 0 36 35.
36720 90 0 37 36.
36960 480 0 46 37.
37440 480 0 40 38.
37920 90 0 40 39.
38160 90 0 39 40.
38400 480 0 45 41.
38880 480 0 42 42.
39360 90 0 42 43.
39600 90 0 40 44.
39840 480 0 49 45.
40320 480 0 50 54.
40320 480 0 59 60.
40800 480 0 45 47.
41280 480 0 59 38.
41760 480 0 50 25.
42240 480 0 57 57.
42720 480 0 48 54.
43200 480 0 42 57.
43680 480 0 40 61.
44160 480 0 57 73.
44640 480 0 48 69.
45120 480 0 46 71.
45600 480 0 42 61.
45600 480 0 51 71.
46080 480 0 46 65.
46560 480 0 38 54.
47040 480 0 33 53.
47520 480 0 36 53.
48000 480 0 32 42.
48480 480 0 31 53.
48960 480 0 34 53.
49440 480 0 30 42.
49920 960 0 69 49.
50880 240 0 52 38.
51120 240 0 48 37.
51360 240 0 53 32.
51600 240 0 47 33.
51840 1440 0 52 30.
53280 480 0 72 26.
53760 240 0 38 54.
54000 240 0 39 54.
54240 240 0 40 53.
54480 240 0 42 54.
54720 240 0 43 55.
54960 240 0 45 56.
55200 240 0 46 57.
55440 240 0 47 58.
55680 240 0 49 59.
55920 240 0 50 60.
56160 240 0 51 61.
56400 240 0 53 62.
56640 240 0 55 63.
56880 240 0 55 64.
57120 240 0 55 65.
57360 240 0 57 66.
57600 480 0 58 66.
58080 480 0 64 67.
58560 240 0 74 63.
58560 240 0 74 55.
59040 480 0 79 51.
59520 240 0 38 55.
59760 240 0 39 55.
60000 240 0 40 54.
60240 240 0 42 55.
60480 240 0 43 56.
60720 240 0 45 57.
60960 240 0 46 58.
61200 240 0 47 59.
61440 240 0 49 60.
61680 240 0 50 61.
61920 240 0 51 62.
62160 240 0 53 63.
62400 240 0 55 64.
62640 240 0 55 65.
62880 240 0 55 66.
63120 240 0 57 67.
63360 480 0 58 67.
63840 480 0 64 68.
64320 240 0 74 64.
64320 240 0 74 56.
64800 480 0 79 52.
65280 240 0 50 56.
65520 240 0 49 56.
65760 240 0 46 55.
66000 240 0 46 56.
66240 240 0 49 57.
66480 240 0 49 58.
66720 120 0 49 59.
66960 120 0 45 59.
67200 120 0 45 59.
67440 120 0 46 59.
67680 240 0 49 59.
67920 240 0 46 58.
68160 120 0 49 58.
68400 120 0 46 58.
68640 120 0 46 57.
68880 120 0 46 58.
69120 240 0 49 59.
69360 240 0 46 60.
69600 120 0 49 61.
69840 120 0 51 61.
70080 120 0 53 61.
70320 120 0 53 61.
70560 240 0 56 61.
70800 240 0 50 60.
71040 120 0 50 60.
71280 120 0 52 60.
71520 120 0 53 59.
71760 120 0 54 60.
72000 480 0 56 59.
72000 480 0 56 61.
72480 480 0 49 37.
72960 480 0 65 65.
72960 480 0 54 59.
73440 480 0 67 64.
73440 480 0 56 59.
73920 480 0 51 30.
74400 480 0 61 64.
74400 480 0 52 58.
74880 480 0 54 57.
74880 480 0 54 59.
75360 480 0 57 47.
75840 480 0 51 59.
76320 480 0 67 62.
76320 480 0 56 57.
76800 480 0 51 28.
77280 480 0 61 62.
77280 480 0 52 52.
77760 480 0 56 55.
77760 480 0 56 57.
78240 480 0 59 45.
78720 480 0 51 57.
79200 480 0 56 54.
79680 480 0 48 57.
80160 480 0 55 69.
80640 480 0 68 84.
81120 240 0 48 48.
81600 240 0 48 24.
82080 240 0 50 25.
82560 240 0 34 37.
83040 240 0 37 27.
83520 240 0 40 29.
84000 240 0 35 41.
84480 240 0 35 29.
84960 240 0 30 34.
85440 240 0 25 37.
85920 240 0 33 39.
86400 240 0 38 41.
87360 240 0 28 29.
87840 480 0 30 34.
88320 480 0 26 44.
88800 480 0 26 41.
89280 480 0 30 42.
89760 480 0 26 41.
90240 480 0 26 37.
90720 480 0 30 39.
91200 480 0 26 37.
91680 480 0 31 34.
92160 480 0 38 35.
92640 480 0 38 34.
93120 480 0 40 30.
93600 480 0 40 27.
94080 90 0 38 28.
94320 90 0 38 29.
94560 480 0 46 30.
95040 480 0 56 32.
95520 480 0 43 44.
95520 480 0 43 53.
96000 480 0 43 46.
96000 480 0 43 56.
96480 480 0 40 30.
96960 90 0 38 31.
97200 90 0 35 32.
97440 480 0 46 33.
97920 480 0 56 35.
98400 480 0 43 48.
98400 480 0 43 56.
98880 480 0 43 49.
98880 480 0 43 59.
99360 480 0 36 33.
99840 90 0 36 35.
100080 90 0 37 36.
100320 480 0 47 37.
100800 480 0 40 38.
101280 90 0 40 39.
101520 90 0 39 40.
101760 480 0 45 41.
102240 480 0 42 42.
102720 90 0 42 44.
102960 90 0 39 45.
103200 480 0 48 46.
103680 480 0 54 47.
104160 480 0 49 35.
104640 480 0 49 32.
105120 480 0 49 51.
105120 480 0 49 58.
105600 480 0 55 30.
106080 480 0 63 63.
106080 480 0 52 56.
106560 480 0 55 32.
107040 480 0 57 63.
107040 480 0 48 56.
107520 480 0 55 35.
108000 480 0 60 63.
108000 480 0 51 54.
108480 480 0 55 34.
108960 480 0 60 63.
108960 480 0 51 53.
109440 480 0 57 34.
109920 480 0 60 62.
109920 480 0 51 56.
110400 480 0 54 27.
110880 1440 0 52 39.
112320 480 0 57 34.
112800 240 0 52 35.
113040 240 0 48 34.
113280 240 0 53 29.
113520 240 0 47 30.
113760 1920 0 52 27.
116640 480 0 30 30.
117120 480 0 19 49.
117600 480 0 18 54.
118080 480 0 28 42.
118560 480 0 23 54.
119040 480 0 17 54.
119520 480 0 30 42.
120000 480 0 23 54.
120480 480 0 17 54.
120960 480 0 30 42.
121440 480 0 25 49.
121920 480 0 19 54.
122400 480 0 38 42.
122880 480 0 23 54.
123360 480 0 18 54.
124320 480 0 19 49.
124800 480 0 17 54.
125760 480 0 23 54.
126240 480 0 18 54.
126720 480 0 38 42.
127200 480 0 23 49.
127680 480 0 18 54.
128160 480 0 23 49.
128160 480 0 25 61.
128640 480 0 19 54.
129120 480 0 21 54.
129600 480 0 21 54.
130080 480 0 26 49.
130560 480 0 26 49.
131040 480 0 21 46.
131520 480 0 21 47.
132000 480 0 21 46.
132480 480 0 19 46.
132960 480 0 19 47.
133440 480 0 18 46.
133920 480 0 38 46.
134400 480 0 23 58.
134880 480 0 18 58.
135840 480 0 19 53.
136320 480 0 16 58.
137280 480 0 15 60.
137760 480 0 18 60.
138240 480 0 38 46.
138720 480 0 23 53.
139200 480 0 19 58.
139680 480 0 16 53.
139680 480 0 26 65.
140160 480 0 23 58.
140640 480 0 23 58.
141120 480 0 18 53.
141120 480 0 28 61.
141600 480 0 27 53.
142080 480 0 27 53.
142560 480 0 23 49.
143040 480 0 23 51.
143520 480 0 23 49.
144000 480 0 23 49.
144480 480 0 27 51.
144960 480 0 23 49.
145440 480 0 40 42.
145920 480 0 24 54.
146400 480 0 18 54.
147360 480 0 19 49.
147840 480 0 17 54.
148800 480 0 25 54.
149280 480 0 21 54.
149760 480 0 38 42.
150240 480 0 24 49.
150720 480 0 23 54.
151200 480 0 24 49.
151200 480 0 28 61.
151680 480 0 23 54.
152160 480 0 24 54.
152640 480 0 24 49.
152640 480 0 28 58.
153120 480 0 28 49.
153600 480 0 28 49.
154080 480 0 28 49.
154560 480 0 24 47.
155040 480 0 24 46.
155520 480 0 21 46.
156000 480 0 18 44.
156480 480 0 18 42.
156960 480 0 49 41.
157440 480 0 26 53.
157920 480 0 27 62.
158880 480 0 25 53.
159360 480 0 27 57.
160320 480 0 27 58.
160800 480 0 23 61.
161280 480 0 46 41.
161760 480 0 26 53.
162240 480 0 23 60.
162720 480 0 50 41.
163200 480 0 27 53.
163680 480 0 30 62.
164640 480 0 27 53.
165120 480 0 23 57.
166080 480 0 25 58.
166560 480 0 15 58.
167040 480 0 51 37.
167520 480 0 31 68.
167520 480 0 27 59.
168000 480 0 25 56.
168000 480 0 29 68.
168480 480 0 25 56.
168480 480 0 25 61.
168960 480 0 26 56.
168960 480 0 31 61.
169440 480 0 26 56.
169440 480 0 31 61.
169920 480 0 26 56.
169920 480 0 31 61.
170400 480 0 26 59.
170880 480 0 26 59.
171360 480 0 26 56.
171360 480 0 31 61.
171840 480 0 25 59.
172320 480 0 25 59.
172800 480 0 23 56.
172800 480 0 27 61.
173280 480 0 21 59.
173760 480 0 21 59.
174240 480 0 42 42.
174720 480 0 24 54.
175200 480 0 21 54.
176160 480 0 21 49.
176640 480 0 17 54.
177600 480 0 26 54.
178080 480 0 21 54.
178560 480 0 38 42.
179040 480 0 23 49.
179520 480 0 19 54.
180000 480 0 14 49.
180000 480 0 24 61.
180480 480 0 21 54.
180960 480 0 17 54.
181440 480 0 23 49.
181440 480 0 27 58.
181920 480 0 27 49.
182400 480 0 27 49.
182880 480 0 21 46.
183360 480 0 21 47.
183840 480 0 21 46.
184320 480 0 19 46.
184800 480 0 19 44.
185280 480 0 19 42.
185760 480 0 35 44.
186240 480 0 25 56.
186720 480 0 19 56.
187680 480 0 21 51.
188160 480 0 19 56.
189120 480 0 19 58.
189600 480 0 16 58.
190080 480 0 38 44.
190560 480 0 24 51.
191040 480 0 21 56.
191520 480 0 18 51.
191520 480 0 28 63.
192000 480 0 23 56.
192480 480 0 23 56.
192960 480 0 24 51.
192960 480 0 28 59.
193440 480 0 27 51.
193920 480 0 27 51.
194400 480 0 23 47.
194880 480 0 23 49.
195360 480 0 21 47.
195840 480 0 21 47.
196320 480 0 19 46.
196800 480 0 18 44.
197280 480 0 23 37.
200160 480 0 36 53.
202080 80 0 27 53.
202160 80 0 24 51.
202240 80 0 27 53.
202320 80 0 24 51.
202400 80 0 27 53.
202480 80 0 24 51.
202560 120 0 27 53.
203040 480 0 38 53.
204000 480 0 19 56.
204480 480 0 23 49.
204480 480 0 32 61.
204960 480 0 24 56.
205440 480 0 24 56.
205920 480 0 29 49.
205920 480 0 42 59.
206400 480 0 24 56.
206880 480 0 29 56.
207360 480 0 21 42.
207840 240 0 44 58.
231840 480 0 42 42.
232320 480 0 24 54.
232800 480 0 21 54.
233760 480 0 21 49.
234240 480 0 17 54.
235200 480 0 26 54.
235680 480 0 21 54.
236160 480 0 38 42.
236640 480 0 23 49.
237120 480 0 19 54.
237600 480 0 14 49.
237600 480 0 25 61.
238080 480 0 21 54.
238560 480 0 17 54.
239040 480 0 15 49.
239040 480 0 24 58.
239520 480 0 27 49.
240000 480 0 27 49.
240480 480 0 23 46.
240960 480 0 23 47.
241440 480 0 23 46.
241920 480 0 23 46.
242400 480 0 23 47.
242880 480 0 23 46.
243360 480 0 35 44.
243840 480 0 25 56.
244320 480 0 19 56.
245280 480 0 21 51.
245760 480 0 19 56.
246720 480 0 24 58.
247200 480 0 18 58.
247680 480 0 38 44.
248160 480 0 24 51.
248640 480 0 21 56.
249120 480 0 18 51.
249120 480 0 28 63.
249600 480 0 23 56.
250080 480 0 23 56.
250560 480 0 24 51.
250560 480 0 28 59.
251040 480 0 29 51.
251520 480 0 29 51.
252000 480 0 25 47.
252480 480 0 25 49.
252960 480 0 25 47.
253440 480 0 25 47.
253920 480 0 24 46.
254400 480 0 23 44.
254880 480 0 23 37.
257760 480 0 36 53.
260640 480 0 38 53.
261600 480 0 19 56.
262080 480 0 23 49.
262080 480 0 32 61.
262560 480 0 24 56.
263040 480 0 24 56.
263520 480 0 30 49.
263520 480 0 42 59.
264000 480 0 23 56.
264480 480 0 29 56.
264960 480 0 21 42.
265440 240 0 44 58.
265680 240 0 42 56.
265920 240 0 40 54.
266160 240 0 39 53.
266400 240 0 44 53.
266640 240 0 44 51.
266880 240 0 42 49.
267120 240 0 40 48.
267360 240 0 39 46.
267600 240 0 39 44.
267840 240 0 39 37.
268320 240 0 47 58.
268560 240 0 42 56.
268800 240 0 41 54.
269040 240 0 40 53.
269280 240 0 44 53.
269520 240 0 44 51.
269760 240 0 42 49.
270000 240 0 41 48.
270240 240 0 40 46.
270480 240 0 39 44.
270720 240 0 39 37.
271200 240 0 39 56.
271440 240 0 41 58.
271680 240 0 42 60.
271920 240 0 46 61.
272160 240 0 51 61.
272400 240 0 42 60.
272640 240 0 46 52.
272880 240 0 41 53.
273120 240 0 44 61.
273360 240 0 39 60.
273600 480 0 44 58.
274080 240 0 46 46.
274320 240 0 39 53.
274560 240 0 42 56.
274800 240 0 39 60.
275040 240 0 44 60.
275280 240 0 39 58.
275520 240 0 41 50.
275760 240 0 39 51.
276000 240 0 42 60.
276240 240 0 39 58.
276480 480 0 42 56.
276960 240 0 44 58.
289440 480 0 42 42.
289920 480 0 24 54.
290400 480 0 21 54.
291360 480 0 21 49.
291840 480 0 17 54.
292800 480 0 26 54.
293280 480 0 21 54.
293760 480 0 38 42.
294240 480 0 23 49.
294720 480 0 19 54.
295200 480 0 14 49.
295200 480 0 25 61.
295680 480 0 21 54.
296160 480 0 17 54.
296640 480 0 23 49.
296640 480 0 26 58.
297120 480 0 27 49.
297600 480 0 27 49.
298080 480 0 23 46.
298560 480 0 23 47.
299040 480 0 23 46.
299520 480 0 23 46.
300000 480 0 23 47.
300480 480 0 23 46.
300960 480 0 35 44.
301440 480 0 25 56.
301920 480 0 19 56.
302880 480 0 21 51.
303360 480 0 19 56.
304320 480 0 24 58.
304800 480 0 18 58.
305280 480 0 38 44.
305760 480 0 24 51.
306240 480 0 21 56.
306720 480 0 18 51.
306720 480 0 28 63.
307200 480 0 23 56.
307680 480 0 23 56.
308160 480 0 24 51.
308160 480 0 28 59.
308640 480 0 29 51.
309120 480 0 29 51.
309600 480 0 25 47.
310080 480 0 25 49.
310560 480 0 25 47.
122400 480 0 64 70.
122880 480 0 55 65.
123360 480 0 58 66.
123840 960 0 64 75.
124800 480 0 58 73.
125280 480 0 58 73.
125760 480 0 49 66.
126240 480 0 51 68.
126720 3360 0 58 70.
133920 480 0 59 73.
134400 480 0 55 69.
134880 480 0 61 70.
135360 960 0 65 78.
136320 480 0 58 77.
136800 480 0 58 77.
137280 480 0 58 70.
137760 480 0 59 72.
138240 480 0 64 75.
138720 2880 0 64 73.
145440 480 0 67 70.
145920 480 0 59 65.
146400 480 0 64 66.
146880 960 0 66 75.
147840 480 0 64 73.
148320 480 0 64 73.
148800 480 0 59 66.
149280 480 0 58 68.
149760 3360 0 64 70.
156960 480 0 69 70.
157440 480 0 60 69.
157920 480 0 66 70.
158400 960 0 69 71.
159360 480 0 67 72.
159840 480 0 71 74.
160320 480 0 67 70.
160800 480 0 67 79.
161280 1320 0 68 77.
162600 60 0 58 70.
162660 60 0 52 72.
162720 480 0 70 70.
163200 480 0 64 69.
163680 480 0 68 70.
164160 960 0 69 71.
165120 480 0 70 72.
165600 480 0 74 73.
166080 480 0 70 70.
166560 480 0 71 78.
167040 480 0 73 77.
167520 480 0 70 75.
168000 480 0 70 73.
168480 5760 0 69 71.
174240 480 0 60 70.
174720 480 0 55 65.
175200 480 0 58 66.
175680 960 0 64 75.
176640 480 0 58 73.
177120 480 0 58 73.
177600 480 0 50 66.
178080 480 0 52 68.
178560 3360 0 58 70.
185760 480 0 59 71.
186240 480 0 55 67.
186720 480 0 60 68.
187200 960 0 65 76.
188160 480 0 60 75.
188640 480 0 60 75.
189120 480 0 55 68.
189600 480 0 57 70.
190080 480 0 59 73.
190560 2880 0 57 71.
197760 480 0 44 68.
198240 480 0 44 70.
198720 960 0 52 66.
199680 480 0 44 63.
200640 480 0 44 68.
201120 480 0 44 70.
201600 960 0 52 66.
202560 480 0 48 63.
203520 480 0 49 68.
204000 480 0 51 70.
204480 480 0 53 71.
204960 480 0 54 72.
205440 480 0 58 73.
205920 480 0 63 74.
206400 480 0 58 75.
206880 480 0 39 65.
207360 480 0 40 66.
231840 480 0 64 70.
232320 480 0 55 65.
232800 480 0 58 66.
233280 960 0 63 75.
234240 480 0 58 73.
234720 480 0 58 73.
235200 480 0 49 66.
235680 480 0 51 68.
236160 3360 0 58 70.
243360 480 0 59 71.
243840 480 0 56 67.
244320 480 0 64 68.
244800 960 0 65 76.
245760 480 0 60 75.
246240 480 0 60 75.
246720 480 0 55 68.
247200 480 0 58 70.
247680 480 0 65 73.
248160 2880 0 61 71.
255360 480 0 44 68.
255840 480 0 44 70.
256320 960 0 52 66.

