11520 120 0 54 73.
11640 60 0 51 70.
11880 120 0 51 72.
12000 120 0 54 73.
12120 60 0 51 70.
12480 120 0 54 73.
12600 60 0 51 70.
12840 120 0 51 72.
12960 120 0 54 73.
13080 60 0 51 70.
13440 120 0 54 73.
13560 60 0 51 70.
13800 120 0 61 72.
13920 120 0 66 73.
14040 60 0 64 82.
14400 120 0 61 81.
14520 60 0 57 72.
14760 120 0 49 73.
14880 120 0 52 75.
15000 60 0 49 72.
15360 120 0 55 78.
15480 60 0 49 72.
15720 120 0 49 73.
15840 120 0 52 75.
15960 60 0 49 72.
16320 120 0 55 78.
16440 60 0 49 72.
16680 120 0 49 73.
16800 120 0 52 75.
16920 60 0 49 72.
17280 120 0 58 78.
17400 60 0 51 72.
17640 120 0 65 73.
17760 120 0 71 75.
17880 60 0 64 84.
18240 240 0 61 84.
18600 120 0 49 75.
18720 240 0 52 82.
19200 120 0 82 85.
19320 60 0 75 84.
19560 120 0 61 73.
19680 120 0 78 81.
19800 60 0 57 72.
20160 120 0 46 66.
20280 60 0 42 72.
20520 120 0 40 66.
20640 120 0 52 73.
20760 60 0 40 65.
21120 120 0 69 73.
21240 60 0 75 84.
21480 120 0 61 73.
21600 120 0 64 77.
21720 60 0 57 72.
22080 120 0 46 66.
22200 60 0 50 77.
22440 120 0 40 66.
22560 120 0 52 74.
22680 60 0 49 77.
22680 60 0 40 65.
23040 120 0 75 82.
23040 120 0 89 89.
23160 60 0 83 88.
23400 120 0 62 73.
23520 120 0 68 76.
23520 120 0 68 72.
23640 60 0 75 82.
24000 120 0 68 70.
24120 60 0 73 80.
24360 120 0 57 67.
24480 120 0 59 75.
24600 60 0 55 66.
24960 120 0 57 68.
25080 60 0 52 74.
25320 120 0 51 65.
25440 120 0 53 72.
25560 60 0 44 63.
25920 120 0 57 72.
26040 60 0 59 66.
26400 120 0 62 75.
26520 60 0 46 63.
26880 120 0 68 73.
27000 120 0 40 61.
27000 120 0 59 70.
27240 120 0 67 72.
27360 120 0 68 73.
27480 120 0 40 61.
27480 120 0 60 70.
27840 120 0 68 73.
27960 120 0 40 65.
27960 120 0 60 70.
28200 120 0 68 72.
28320 120 0 68 73.
28440 120 0 40 61.
28440 120 0 60 70.
28800 120 0 68 73.
28920 120 0 46 61.
28920 120 0 67 70.
29160 120 0 73 72.
29280 120 0 84 73.
29400 120 0 52 70.
29400 120 0 76 82.
29760 120 0 76 81.
29880 120 0 46 69.
30120 120 0 67 73.
30240 120 0 68 75.
30360 120 0 40 66.
30360 120 0 60 72.
30720 120 0 71 78.
30840 120 0 40 69.
30840 120 0 59 72.
31080 120 0 67 73.
31200 120 0 68 75.
31320 120 0 40 66.
31320 120 0 60 72.
31680 120 0 71 78.
31800 120 0 40 66.
31800 120 0 59 72.
32040 120 0 67 73.
32160 120 0 68 75.
32280 120 0 40 66.
32280 120 0 60 72.
32640 120 0 74 78.
32760 120 0 42 66.
32760 120 0 63 72.
33000 120 0 78 73.
33120 120 0 88 75.
33240 120 0 54 72.
33240 120 0 78 84.
33600 120 0 73 84.
33720 120 0 50 72.
33960 120 0 64 75.
34080 120 0 69 77.
34200 120 0 44 70.
34200 120 0 44 73.
34560 120 0 85 85.
34680 120 0 71 73.
34680 120 0 71 79.
34920 120 0 80 82.
35040 120 0 86 81.
35160 120 0 67 77.
35160 120 0 80 84.
35520 120 0 67 78.
35640 120 0 55 66.
35640 120 0 55 72.
35880 120 0 64 75.
36000 120 0 69 74.
36120 120 0 53 70.
36120 120 0 53 73.
36480 120 0 85 85.
36600 120 0 71 73.
36600 120 0 71 79.
36840 120 0 80 82.
36960 120 0 86 81.
37080 120 0 67 77.
37080 120 0 80 84.
37440 120 0 84 83.
37560 120 0 65 71.
37560 120 0 65 77.
37800 120 0 80 80.
37920 120 0 86 79.
38040 120 0 63 78.
38040 120 0 75 82.
38400 720 0 83 78.
38400 240 0 99 81.
38640 240 0 79 82.
38880 240 0 89 81.
39120 240 0 79 82.
39120 240 0 66 77.
39360 240 0 78 69.
39360 240 0 92 81.
39600 480 0 67 75.
39600 240 0 80 82.
39840 240 0 89 81.
40080 240 0 67 70.
40080 240 0 80 82.
40320 120 0 84 66.
40320 120 0 100 73.
40560 120 0 65 60.
40560 120 0 86 72.
41040 240 0 66 70.
41040 240 0 58 66.
41280 480 0 58 56.
41280 480 0 58 62.
41760 360 0 62 68.
41760 360 0 62 66.
42120 120 0 49 53.
42240 960 0 41 53.
42240 960 0 49 68.
43200 480 0 41 56.
43200 480 0 49 65.
43680 480 0 44 66.
43680 480 0 37 63.
44160 1920 0 31 54.
44160 960 0 46 65.
45120 960 0 41 63.
46020 1020 0 41 61.
46080 480 0 49 68.
46560 480 0 49 65.
47040 240 0 49 66.
47040 480 0 41 61.
47280 240 0 47 65.
47520 480 0 41 63.
47520 240 0 44 68.
47760 240 0 41 66.
48000 1920 0 29 54.
48000 960 0 45 65.
48960 960 0 41 63.
49920 480 0 52 68.
49920 480 0 41 53.
50400 480 0 51 70.
50880 480 0 44 63.
51360 360 0 58 73.
51720 120 0 60 75.
51840 480 0 42 65.
51840 480 0 61 77.
52320 480 0 44 64.
52320 480 0 51 70.
52800 420 0 44 60.
52800 420 0 52 72.
53280 360 0 58 73.
53640 120 0 60 75.
53760 480 0 53 65.
53760 480 0 63 77.
54240 960 0 53 65.
54720 480 0 63 70.
55200 360 0 53 64.
55200 360 0 63 72.
55560 120 0 57 65.
55680 480 0 51 59.
55680 480 0 61 68.
56160 360 0 59 63.
56160 360 0 49 58.
56520 120 0 47 56.
56520 120 0 56 65.
56640 720 0 59 63.
56640 480 0 59 61.
57120 360 0 53 60.
57360 120 0 60 64.
57480 1080 0 55 65.
57600 960 0 72 80.
58560 480 0 49 68.
58560 480 0 60 77.
59040 240 0 34 65.
59280 240 0 41 70.
59280 240 0 55 78.
59520 720 0 65 77.
59520 960 0 45 72.
60240 240 0 55 75.
60480 240 0 58 70.
60720 240 0 52 68.
60960 240 0 61 61.
61200 120 0 55 63.
61320 120 0 62 65.
61440 480 0 55 65.
61440 480 0 68 80.
61920 480 0 62 77.
62400 240 0 66 78.
62400 240 0 55 70.
62640 240 0 55 77.
62880 160 0 48 68.
63040 160 0 46 72.
63200 160 0 46 70.
63360 720 0 61 77.
63360 960 0 38 72.
64080 240 0 60 75.
64320 160 0 60 70.
64480 160 0 51 68.
64640 160 0 51 70.
64800 160 0 58 68.
64960 160 0 53 61.
65120 160 0 53 63.
65280 480 0 59 68.
65280 960 0 73 80.
65760 480 0 57 70.
66240 480 0 73 84.
66240 960 0 61 78.
66720 360 0 68 73.
67080 120 0 70 75.
67200 960 0 66 80.
67200 480 0 78 89.
67680 480 0 73 82.
68160 480 0 66 78.
68160 480 0 66 72.
68640 360 0 66 73.
69000 120 0 64 75.
69120 960 0 66 84.
69120 480 0 70 77.
69600 720 0 66 78.
70080 960 0 74 82.
70320 240 0 77 89.
70560 240 0 63 76.
70800 240 0 63 77.
71040 480 0 72 80.
71040 480 0 85 92.
71520 720 0 70 82.
72000 480 0 81 89.
72240 240 0 67 80.
72480 360 0 70 78.
72480 480 0 62 82.
72840 120 0 66 77.
72960 480 0 73 82.
72960 240 0 86 92.
73200 240 0 72 90.
73440 240 0 72 89.
73440 240 0 57 77.
73680 240 0 72 86.
73920 480 0 54 82.
73920 240 0 69 77.
74160 240 0 60 75.
74400 480 0 55 76.
74400 240 0 61 70.
74640 240 0 56 73.
74880 240 0 66 70.
74880 240 0 80 82.
75120 240 0 61 68.
75360 480 0 73 73.
75360 240 0 61 61.
75600 240 0 74 78.
75840 480 0 67 61.
75840 480 0 67 66.
76320 240 0 63 65.
76320 480 0 51 72.
76560 240 0 70 78.
76800 480 0 47 73.
76800 240 0 77 82.
77040 240 0 68 81.
77280 160 0 77 80.
77280 160 0 64 68.
77440 320 0 70 73.
77600 160 0 70 78.
77760 480 0 66 73.
77760 480 0 66 66.
78000 120 0 57 65.
78120 120 0 53 63.
78240 120 0 61 62.
78240 120 0 73 74.
78360 120 0 68 75.
78480 120 0 73 77.
78600 120 0 69 78.
78720 320 0 67 73.
78720 160 0 83 79.
78880 160 0 66 68.
79040 160 0 69 77.
79200 320 0 70 78.
79200 160 0 82 87.
79360 160 0 73 85.
79520 160 0 64 73.
79520 160 0 68 66.
79680 480 0 69 73.
79680 480 0 69 63.
80160 240 0 61 66.
80580 60 0 73 73.
80640 160 0 72 65.
80800 80 0 62 63.
80960 80 0 62 63.
81120 160 0 62 63.
81280 80 0 71 68.
81440 80 0 62 72.
81600 160 0 63 72.
81760 80 0 62 73.
81920 80 0 62 75.
82080 160 0 64 75.
82240 80 0 73 80.
82400 80 0 73 90.
82560 160 0 64 84.
82720 80 0 62 85.
82880 80 0 73 82.
83040 160 0 62 75.
83200 80 0 72 80.
83360 80 0 62 72.
83520 160 0 75 78.
83680 80 0 60 73.
83840 80 0 74 70.
84000 160 0 64 63.
84160 80 0 74 68.
84320 80 0 62 60.
84480 160 0 64 60.
84640 80 0 67 65.
84800 80 0 49 64.
84960 160 0 51 64.
85120 80 0 49 63.
85280 80 0 44 72.
85440 160 0 46 72.
85600 80 0 44 73.
85760 80 0 52 81.
85920 160 0 46 76.
86080 80 0 41 75.
86240 80 0 39 84.
86400 160 0 40 84.
86560 80 0 39 85.
86720 80 0 47 76.
86880 160 0 49 76.
87040 80 0 45 75.
87200 80 0 47 72.
87360 160 0 49 72.
87520 80 0 47 73.
87680 80 0 45 64.
87840 160 0 49 64.
88000 80 0 45 63.
88160 80 0 52 63.
88160 80 0 62 66.
88320 160 0 49 63.
88320 160 0 59 66.
88480 80 0 42 64.
88480 80 0 49 67.
88640 80 0 56 72.
88640 80 0 47 66.
88800 160 0 49 62.
88800 160 0 59 72.
88960 80 0 42 62.
88960 80 0 48 71.
89120 80 0 47 65.
89120 80 0 47 71.
89280 160 0 49 71.
89280 160 0 49 67.
89440 80 0 46 67.
89440 80 0 52 76.
89600 80 0 56 84.
89600 80 0 47 78.
89760 160 0 49 72.
89760 160 0 49 74.
89920 80 0 46 71.
89920 80 0 51 83.
90080 80 0 49 77.
90080 80 0 47 83.
90240 160 0 49 77.
90240 160 0 49 83.
90400 160 0 63 74.
90560 160 0 66 71.
90720 160 0 68 73.
90880 160 0 71 74.
91040 160 0 66 76.
91200 160 0 74 77.
91360 160 0 85 83.
91520 160 0 92 89.
91680 160 0 73 82.
91840 160 0 79 83.
92000 160 0 77 83.
92160 160 0 85 84.
92320 160 0 64 60.
92320 160 0 77 72.
92480 160 0 64 67.
92480 160 0 77 72.
92640 160 0 55 60.
92640 160 0 77 72.
92800 160 0 63 60.
92800 160 0 75 72.
92960 160 0 63 60.
92960 160 0 75 72.
93120 160 0 80 72.
93120 160 0 57 68.
93280 160 0 64 60.
93280 160 0 77 72.
93440 160 0 64 60.
93440 160 0 77 72.
93600 160 0 68 60.
93600 160 0 81 72.
93760 160 0 79 72.
93760 160 0 67 68.
93920 160 0 67 60.
93920 160 0 79 72.
94080 80 0 67 60.
94080 80 0 80 72.
94240 80 0 68 60.
94240 80 0 81 72.
94400 80 0 69 60.
94400 80 0 82 72.
94560 80 0 71 69.
94560 80 0 83 72.
94720 80 0 71 61.
94720 80 0 84 73.
94880 80 0 71 61.
94880 80 0 85 73.
95040 80 0 72 61.
95040 80 0 86 73.
95200 80 0 88 73.
95200 80 0 73 69.
95360 80 0 75 61.
95360 80 0 90 73.
95520 80 0 77 61.
95520 80 0 91 73.
95680 80 0 78 61.
95680 80 0 92 73.
95840 80 0 93 73.
95840 80 0 79 67.
96000 80 0 73 61.
96000 80 0 102 73.
96160 160 0 68 65.
96160 160 0 95 77.
96320 160 0 68 65.
96320 160 0 95 77.
96480 160 0 72 65.
96480 160 0 101 77.
96640 160 0 95 75.
96800 160 0 68 61.
97120 160 0 68 65.
97120 160 0 95 77.
97280 160 0 68 65.
97280 160 0 95 77.
97440 160 0 72 65.
97440 160 0 101 77.
97600 160 0 95 75.
97760 160 0 68 61.
98080 160 0 68 65.
98080 160 0 95 77.
98240 160 0 68 65.
98240 160 0 95 77.
98400 160 0 72 65.
98400 160 0 101 77.
98560 160 0 95 75.
98720 160 0 68 61.
99040 160 0 68 65.
99040 160 0 95 77.
99200 160 0 68 65.
99200 160 0 95 77.
99360 160 0 72 65.
99360 160 0 101 77.
99520 160 0 95 75.
99680 160 0 68 61.
99840 1920 0 84 51.
99840 1920 0 95 61.
101760 1920 0 80 54.
101760 1920 0 95 65.
107520 120 0 54 73.
107640 60 0 51 70.
107880 120 0 51 72.
108000 120 0 54 73.
108120 60 0 51 70.
108480 120 0 54 73.
108600 60 0 51 70.
108840 120 0 51 72.
108960 120 0 54 73.
109080 60 0 51 70.
109440 120 0 54 73.
109560 60 0 51 70.
109800 120 0 61 72.
109920 120 0 66 73.
110040 60 0 64 82.
110400 120 0 64 81.
110520 60 0 59 72.
110760 120 0 51 73.
110880 120 0 54 75.
111000 60 0 51 72.
111360 120 0 57 78.
111480 60 0 51 72.
111720 120 0 51 73.
111840 120 0 54 75.
111960 60 0 51 72.
112320 120 0 57 78.
112440 60 0 51 72.
112680 120 0 51 73.
112800 120 0 54 75.
112920 60 0 51 72.
113280 120 0 60 78.
113400 60 0 53 72.
113640 120 0 65 73.
113760 120 0 71 75.
113880 60 0 64 84.
114240 240 0 61 84.
114600 120 0 49 75.
114720 240 0 52 82.
115200 120 0 69 73.
115320 60 0 75 84.
115560 120 0 61 73.
115680 120 0 78 81.
115800 60 0 57 72.
116160 120 0 46 66.
116280 60 0 50 77.
116520 120 0 40 66.
116640 120 0 52 73.
116760 60 0 40 65.
117120 120 0 69 73.
117240 60 0 75 84.
117480 120 0 61 73.
117600 120 0 78 81.
117720 60 0 57 72.
118080 120 0 46 66.
118200 60 0 50 77.
118440 120 0 40 66.
118560 120 0 52 74.
118680 60 0 40 73.
118680 60 0 49 77.
119040 120 0 75 82.
119040 120 0 89 89.
119160 60 0 83 88.
119400 120 0 62 73.
119520 120 0 68 75.
119520 120 0 68 72.
119640 60 0 62 70.
120000 120 0 68 70.
120120 60 0 73 80.
120360 120 0 57 67.
120480 120 0 59 75.
120600 60 0 53 66.
120960 120 0 57 68.
121080 60 0 62 79.
121320 120 0 51 65.
121440 120 0 53 72.
121560 60 0 44 63.
121920 120 0 57 72.
122040 60 0 59 66.
122400 120 0 53 72.
122520 60 0 46 63.
122880 120 0 68 73.
123000 120 0 40 61.
123000 120 0 59 70.
123240 120 0 67 72.
123360 120 0 68 73.
123480 120 0 40 61.
123480 120 0 60 70.
123840 120 0 68 73.
123960 120 0 40 61.
123960 120 0 60 70.
124200 120 0 68 72.
124320 120 0 68 73.
124440 120 0 40 61.
124440 120 0 60 70.
124800 120 0 68 73.
124920 120 0 46 61.
124920 120 0 67 70.
125160 120 0 73 72.
125280 120 0 84 73.
125400 120 0 52 70.
125400 120 0 76 82.
125760 120 0 76 81.
125880 120 0 46 69.
126120 120 0 67 73.
126240 120 0 68 75.
126360 120 0 40 66.
126360 120 0 60 72.
126720 120 0 71 78.
126840 120 0 40 66.
126840 120 0 59 72.
127080 120 0 67 73.
127200 120 0 68 75.
127320 120 0 40 66.
127320 120 0 60 72.
127680 120 0 71 78.
127800 120 0 40 66.
127800 120 0 59 72.
128040 120 0 67 73.
128160 120 0 68 75.
128280 120 0 40 66.
128280 120 0 60 72.
128640 120 0 74 78.
128760 120 0 42 66.
128760 120 0 63 72.
129000 120 0 82 73.
129120 120 0 88 75.
129240 120 0 54 72.
129240 120 0 78 84.
129600 120 0 73 84.
129720 120 0 50 72.
129960 120 0 64 75.
130080 120 0 69 77.
130200 120 0 44 70.
130200 120 0 44 73.
130560 120 0 85 85.
130680 120 0 71 73.
130680 120 0 71 79.
130920 120 0 80 82.
131040 120 0 86 81.
131160 120 0 67 77.
131160 120 0 80 84.
131520 120 0 67 78.
131640 120 0 55 66.
131640 120 0 55 72.
131880 120 0 64 75.
132000 120 0 69 74.
132120 120 0 53 70.
132120 120 0 53 65.
132480 120 0 85 85.
132600 120 0 71 73.
132600 120 0 71 79.
132840 120 0 80 82.
132960 120 0 86 81.
133080 120 0 67 77.
133080 120 0 80 84.
133440 120 0 84 83.
133560 120 0 65 71.
133560 120 0 65 77.
133800 120 0 80 80.
133920 120 0 86 79.
134040 120 0 63 78.
134040 120 0 75 82.
134400 720 0 83 78.
134400 240 0 99 81.
134640 240 0 79 82.
134880 240 0 89 81.
135120 240 0 66 70.
135120 240 0 79 82.
135360 240 0 78 69.
135360 240 0 92 81.
135600 480 0 67 75.
135600 240 0 80 82.
135840 240 0 89 81.
136080 240 0 67 70.
136080 240 0 80 82.
136320 120 0 79 61.
136320 120 0 100 73.
136560 120 0 66 60.
136560 120 0 86 72.
137040 240 0 56 56.
137040 240 0 58 66.
137280 480 0 58 56.
137280 480 0 56 66.
137760 360 0 53 56.
137760 360 0 62 66.
138120 120 0 49 53.
138240 960 0 41 53.
138240 960 0 49 68.
139200 480 0 41 56.
139200 480 0 49 65.
139680 480 0 37 58.
139680 480 0 44 66.
140160 1920 0 34 54.
140160 960 0 47 65.
141120 960 0 41 63.
142020 1020 0 41 61.
142080 480 0 49 68.
142560 480 0 49 65.
143040 240 0 41 58.
143040 240 0 49 66.
143280 240 0 47 65.
143520 480 0 41 63.
143520 240 0 44 68.
143760 240 0 41 66.
144000 1920 0 31 54.
144000 960 0 45 65.
144960 960 0 41 63.
145920 960 0 40 61.
145920 480 0 53 68.
146400 480 0 51 70.
146880 480 0 44 63.
147360 360 0 58 73.
147720 120 0 60 75.
147840 480 0 43 65.
147840 480 0 61 77.
148320 480 0 44 61.
148320 480 0 51 70.
148800 420 0 44 60.
148800 420 0 52 72.
149280 360 0 58 73.
149640 120 0 60 75.
149760 480 0 53 65.
149760 480 0 63 77.
150240 480 0 60 75.
150720 480 0 63 70.
151200 360 0 53 64.
151200 360 0 63 72.
151560 120 0 57 65.
151680 480 0 51 59.
151680 480 0 61 68.
152160 360 0 49 54.
152160 360 0 59 63.
152520 120 0 47 56.
152520 120 0 56 65.
152640 720 0 59 63.
152640 480 0 59 61.
153120 360 0 53 60.
153360 120 0 60 64.
153480 1080 0 55 65.
153600 960 0 72 80.
154560 480 0 49 68.
154560 480 0 60 77.
155040 240 0 34 65.
155280 240 0 41 70.
155280 240 0 55 78.
155520 720 0 68 77.
155520 960 0 42 72.
156240 240 0 55 75.
156480 240 0 58 70.
156720 240 0 52 68.
156960 240 0 61 61.
157200 120 0 55 63.
157320 120 0 62 65.
157440 480 0 55 65.
157440 480 0 68 80.
157920 480 0 62 77.
158400 480 0 57 73.
158400 240 0 66 78.
158640 240 0 55 77.
158880 160 0 48 68.
159040 160 0 46 72.
159200 160 0 46 70.
159360 720 0 61 77.
159360 960 0 36 72.
160080 240 0 60 75.
160320 160 0 60 70.
160480 160 0 51 68.
160640 160 0 51 70.
160800 160 0 58 68.
160960 160 0 53 61.
161120 160 0 53 63.
161280 480 0 61 68.
161280 960 0 73 80.
161760 480 0 57 70.
162240 960 0 61 80.
162240 480 0 61 72.
162720 360 0 68 73.
163080 120 0 70 75.
163200 960 0 66 80.
163200 480 0 78 89.
163680 480 0 73 82.
164160 480 0 66 72.
164160 480 0 66 80.
164640 360 0 79 85.
165000 120 0 64 75.
165120 960 0 66 84.
165120 480 0 70 77.
165600 720 0 66 78.
166080 960 0 74 82.
166320 240 0 64 77.
166560 240 0 63 76.
166800 240 0 63 77.
167040 960 0 57 87.
167040 480 0 85 92.
167520 720 0 70 82.
168000 480 0 81 89.
168240 240 0 80 92.
168480 360 0 70 78.
168480 480 0 62 82.
168840 120 0 66 77.
168960 480 0 73 82.
168960 240 0 86 92.
169200 240 0 72 90.
169440 480 0 53 82.
169440 240 0 72 89.
169680 240 0 72 86.
169920 480 0 61 82.
169920 240 0 69 77.
170160 240 0 60 75.
170400 480 0 53 76.
170400 240 0 61 70.
170640 240 0 56 73.
170880 480 0 64 77.
170880 240 0 80 82.
171120 240 0 61 68.
171360 480 0 73 73.
171360 240 0 61 61.
171600 240 0 74 78.
171840 480 0 67 61.
171840 480 0 67 73.
172320 240 0 59 65.
172320 480 0 51 72.
172560 240 0 70 78.
172800 480 0 46 73.
172800 240 0 77 82.
173040 240 0 70 81.
173280 160 0 53 73.
173280 160 0 77 80.
173440 320 0 70 73.
173600 160 0 70 78.
173760 240 0 66 63.
173760 480 0 66 66.
174000 120 0 57 65.
174120 120 0 53 63.
174240 480 0 61 72.
174240 120 0 73 74.
174360 120 0 68 75.
174480 120 0 73 77.
174600 120 0 69 78.
174720 320 0 70 73.
174720 160 0 83 79.
174880 160 0 79 80.
175040 160 0 69 77.
175200 320 0 70 78.
175200 160 0 82 87.
175360 160 0 73 85.
175520 160 0 64 73.
175520 160 0 68 66.
175680 900 0 82 75.
175680 720 0 69 68.
176160 240 0 61 66.
176580 60 0 73 73.
176640 160 0 72 65.
176800 80 0 62 63.
176960 80 0 73 70.
177120 160 0 62 63.
177280 80 0 71 68.
177440 80 0 62 72.
177600 160 0 63 72.
177760 80 0 62 73.
177920 80 0 62 75.
178080 160 0 78 82.
178240 80 0 73 80.
178400 80 0 73 90.
178560 160 0 64 84.
178720 80 0 62 85.
178880 80 0 73 82.
179040 160 0 62 75.
179200 80 0 72 80.
179360 80 0 62 72.
179520 160 0 75 78.
179680 80 0 60 73.
179840 80 0 74 70.
180000 160 0 64 63.
180160 80 0 74 68.
180320 80 0 62 60.
180480 160 0 64 60.
180640 80 0 67 65.
180800 80 0 59 69.
180960 160 0 62 69.
181120 80 0 49 63.
181280 80 0 44 72.
181440 160 0 46 72.
181600 80 0 44 73.
181760 80 0 44 76.
181920 160 0 55 81.
182080 80 0 41 75.
182240 80 0 39 84.
182400 160 0 40 84.
182560 80 0 39 85.
182720 80 0 55 81.
182880 160 0 49 76.
183040 80 0 56 80.
183200 80 0 47 72.
183360 160 0 49 72.
183520 80 0 47 73.
183680 80 0 56 69.
183840 160 0 49 64.
184000 80 0 56 68.
184160 80 0 52 63.
184160 80 0 62 66.
184320 160 0 49 63.
184320 160 0 59 66.
184480 80 0 42 64.
184480 80 0 49 67.
184640 80 0 49 62.
184640 80 0 56 72.
184800 160 0 49 66.
184800 160 0 49 62.
184960 80 0 42 62.
184960 80 0 48 71.
185120 80 0 47 65.
185120 80 0 47 71.
185280 160 0 49 65.
185280 160 0 59 77.
185440 80 0 46 67.
185440 80 0 52 76.
185600 80 0 56 84.
185600 80 0 47 78.
185760 160 0 49 72.
185760 160 0 49 78.
185920 80 0 41 79.
185920 80 0 46 71.
186080 80 0 49 77.
186080 80 0 47 83.
186240 160 0 49 77.
186240 160 0 49 83.
186400 160 0 63 74.
186560 160 0 66 71.
186720 160 0 68 73.
186880 160 0 71 74.
187040 160 0 66 76.
187200 160 0 74 77.
187360 160 0 85 83.
187520 160 0 92 89.
187680 160 0 73 82.
187840 160 0 79 83.
188000 160 0 77 83.
188160 160 0 85 84.
188320 160 0 64 60.
188320 160 0 77 72.
188480 160 0 64 67.
188480 160 0 77 72.
188640 160 0 55 60.
188640 160 0 77 72.
188800 160 0 63 60.
188800 160 0 75 72.
188960 160 0 63 60.
188960 160 0 75 72.
189120 160 0 80 72.
189120 160 0 57 68.
189280 160 0 64 60.
189280 160 0 77 72.
189440 160 0 64 60.
189440 160 0 77 72.
189600 160 0 68 60.
189600 160 0 81 72.
189760 160 0 79 72.
189760 160 0 67 68.
189920 160 0 67 60.
189920 160 0 79 72.
190080 80 0 67 60.
190080 80 0 80 72.
190240 80 0 68 60.
190240 80 0 81 72.
190400 80 0 69 60.
190400 80 0 82 72.
190560 80 0 71 69.
190560 80 0 83 72.
190720 80 0 71 61.
190720 80 0 84 73.
190880 80 0 71 61.
190880 80 0 85 73.
191040 80 0 72 61.
191040 80 0 86 73.
191200 80 0 88 73.
191200 80 0 73 69.
191360 80 0 75 69.
191360 80 0 75 61.
191520 80 0 77 61.
191520 80 0 77 69.
191680 80 0 78 61.
191680 80 0 78 68.
191840 80 0 79 61.
191840 80 0 93 73.
192000 80 0 73 61.
192000 80 0 86 68.
192160 160 0 68 65.
192160 160 0 95 77.
192320 160 0 68 65.
192320 160 0 95 77.
192480 160 0 72 65.
192480 160 0 101 77.
192640 160 0 68 63.
192800 160 0 95 73.
193120 160 0 68 65.
193120 160 0 95 77.
193280 160 0 68 65.
193280 160 0 95 77.
193440 160 0 72 65.
193440 160 0 101 77.
193600 160 0 68 63.
193760 160 0 95 73.
194080 160 0 68 65.
194080 160 0 95 77.
194240 160 0 68 65.
194240 160 0 95 77.
194400 160 0 72 65.
194400 160 0 101 77.
194560 160 0 68 63.
194720 160 0 95 73.
195040 160 0 68 65.
195040 160 0 95 77.
195200 160 0 68 65.
195200 160 0 95 77.
195360 160 0 72 65.
195360 160 0 101 77.
195520 160 0 68 63.
195680 160 0 95 73.
195840 1920 0 84 51.
195840 1920 0 101 63.
197760 1920 0 80 54.
197760 1920 0 80 60.
199620 60 0 86 66.
199680 960 0 79 54.
199680 960 0 93 66.
202560 960 0 31 60.
202560 480 0 47 69.
203040 480 0 44 70.
203520 360 0 47 71.
210240 960 0 41 62.
210240 480 0 49 71.
210720 480 0 47 72.
211200 360 0 49 73.
213120 360 0 40 65.
213120 360 0 56 73.
214080 360 0 51 66.
214080 360 0 61 74.
215040 960 0 58 65.
215040 730 0 75 75.
216000 480 0 54 63.
216000 370 0 73 74.
216960 960 0 50 60.
216960 370 0 68 70.
217440 170 0 61 68.
217920 490 0 64 68.
218400 240 0 58 67.
218640 240 0 70 79.
218880 120 0 55 58.
219000 120 0 49 61.
219240 120 0 51 57.
219360 120 0 56 62.
219480 120 0 51 57.
219720 120 0 52 60.
219840 120 0 57 60.
219960 120 0 52 63.
220200 120 0 52 59.
220320 120 0 57 64.
220440 120 0 52 59.
220680 120 0 53 62.
220800 120 0 59 62.
220920 120 0 55 65.
221160 120 0 52 61.
221280 160 0 55 66.
221440 160 0 58 61.
221600 160 0 61 70.
221760 160 0 62 64.
221920 160 0 66 73.
222080 160 0 67 70.
222240 160 0 72 80.
222400 160 0 75 76.
222560 160 0 77 88.
222720 960 0 61 60.
222720 730 0 82 72.
223440 240 0 72 70.
223680 480 0 64 58.
223680 960 0 56 65.
224160 360 0 55 56.
224520 120 0 49 56.
224640 480 0 58 61.
224640 800 0 61 64.
225000 120 0 60 67.
225120 170 0 68 67.
225280 160 0 44 53.
225440 160 0 60 64.
225600 480 0 45 55.
225600 490 0 71 67.
226080 240 0 42 54.
226320 240 0 68 81.
226560 120 0 60 60.
226680 120 0 53 66.
226920 120 0 56 59.
227040 120 0 61 64.
227160 120 0 56 59.
227400 120 0 57 62.
227520 120 0 62 62.
227640 120 0 57 68.
227880 120 0 57 61.
228000 120 0 62 66.
228120 120 0 57 61.
228360 120 0 58 64.
228480 120 0 64 64.
228600 120 0 60 70.
228840 120 0 57 63.
228960 160 0 60 68.
229120 160 0 63 63.
229280 160 0 67 72.
229440 160 0 68 66.
229600 160 0 71 75.
229760 160 0 73 69.
229920 160 0 80 78.
230080 160 0 82 74.
230240 160 0 85 78.
230400 120 0 88 86.
230520 120 0 79 79.
230760 120 0 94 84.
230880 120 0 84 82.
231000 120 0 80 74.
231360 120 0 88 82.
231480 120 0 79 74.
231720 120 0 89 81.
231840 120 0 80 79.
231960 120 0 75 86.
232320 120 0 84 85.
232440 120 0 75 77.
232680 120 0 91 84.
232800 120 0 81 82.
232920 120 0 77 73.
233280 120 0 82 85.
233400 120 0 75 77.
233640 120 0 85 84.
233760 120 0 77 82.
233880 120 0 72 89.
0 1680 0 76 37.
1680 240 0 76 28.
1920 1920 0 76 28.
2880 960 0 76 49.
2880 960 0 76 56.
3840 120 0 72 49.
4080 3600 0 79 51.
4320 3360 0 85 29.
4320 1440 0 85 61.
5760 1920 0 64 48.
7680 120 0 44 34.
7800 120 0 29 53.
7920 120 0 22 49.
7920 120 0 22 58.
8040 120 0 33 41.
8160 120 0 25 34.
8280 120 0 29 53.
8400 120 0 23 49.
8400 120 0 23 58.
8520 120 0 35 41.
8640 120 0 27 34.
8760 120 0 30 53.
8880 120 0 24 49.
8880 120 0 24 58.
9000 120 0 35 41.
9120 120 0 28 34.
9240 120 0 35 53.
9360 120 0 26 49.
9360 120 0 26 58.
9480 120 0 39 41.
9600 120 0 30 34.
9720 120 0 35 53.
9840 120 0 28 49.
9840 120 0 28 58.
9960 120 0 39 41.
10080 120 0 29 34.
10200 120 0 34 53.
10320 120 0 25 49.
10320 120 0 25 58.
10440 120 0 36 41.
10560 120 0 27 34.
10680 120 0 30 53.
10800 120 0 24 49.
10800 120 0 24 58.
10920 120 0 35 41.
11040 120 0 25 34.
11160 120 0 29 53.
11280 120 0 24 49.
11280 120 0 24 58.
11400 120 0 33 53.
11520 120 0 35 46.
11760 120 0 30 58.
12240 120 0 31 58.
12720 120 0 31 58.
13200 120 0 31 58.
13440 120 0 35 46.
13680 120 0 31 58.
14160 120 0 34 58.
14400 120 0 35 48.
14640 120 0 30 57.
15120 120 0 31 57.
15360 120 0 35 48.
15600 120 0 30 57.
16080 120 0 31 57.
16320 120 0 35 48.
16560 120 0 30 57.
17040 120 0 31 57.
17280 120 0 35 48.
17520 120 0 34 57.
18000 120 0 37 57.
18240 120 0 35 49.
18480 120 0 30 57.
18960 120 0 31 58.
19200 120 0 56 52.
20160 120 0 33 45.
21120 120 0 56 52.
22080 120 0 33 45.
23040 120 0 56 43.
24000 120 0 47 43.
24960 120 0 47 47.
25920 120 0 52 46.
26880 120 0 51 46.
28800 120 0 51 46.
29760 120 0 51 48.
30720 120 0 51 51.
31680 120 0 51 51.
32640 120 0 52 51.
33600 120 0 51 49.
34560 120 0 61 52.
35520 120 0 48 45.
36480 120 0 61 52.
37440 120 0 61 50.
38400 120 0 69 39.
38880 120 0 69 41.
39360 120 0 69 42.
40320 120 0 52 44.
40320 120 0 68 58.
40560 120 0 39 44.
40560 120 0 56 56.
41040 240 0 38 34.
41280 480 0 41 35.
41760 360 0 39 36.
42240 960 0 31 37.
44160 1200 0 36 44.
48000 1200 0 29 44.
50400 480 0 44 55.
50880 480 0 44 54.
51840 480 0 39 49.
52320 480 0 44 55.
52800 960 0 44 54.
53760 480 0 49 57.
54240 480 0 40 33.
54720 480 0 41 34.
55200 360 0 41 36.
55560 120 0 37 37.
55680 480 0 41 38.
56160 360 0 41 39.
56520 120 0 37 41.
56640 480 0 41 42.
57120 480 0 45 44.
58560 160 0 39 49.
59520 160 0 39 51.
60480 160 0 39 54.
61440 120 0 39 49.
62400 120 0 39 49.
63360 120 0 39 51.
64320 240 0 39 54.
67200 120 0 48 49.
68160 120 0 50 44.
71040 120 0 61 48.
72000 120 0 62 50.
72960 120 0 59 39.
73920 120 0 62 42.
74880 120 0 59 44.
75840 120 0 52 44.
76800 120 0 55 41.
77280 120 0 56 46.
77760 120 0 55 45.
78240 120 0 51 44.
78720 120 0 56 41.
80640 160 0 56 56.
80800 80 0 42 55.
80960 80 0 42 55.
81120 160 0 46 55.
81280 80 0 51 60.
81440 80 0 51 68.
81600 160 0 46 63.
81760 80 0 51 68.
81920 80 0 42 63.
82080 160 0 56 67.
82240 80 0 51 72.
82400 80 0 42 75.
82560 160 0 46 75.
82720 80 0 51 80.
82880 80 0 52 73.
83040 160 0 46 67.
83200 80 0 52 72.
83360 80 0 44 63.
83520 160 0 46 63.
83680 80 0 52 68.
83840 80 0 44 51.
84000 160 0 46 55.
84160 80 0 52 60.
84320 80 0 44 44.
84480 160 0 46 51.
84640 80 0 47 56.
84800 80 0 41 61.
84960 160 0 44 61.
85120 80 0 41 60.
85280 80 0 36 68.
85440 160 0 33 63.
85600 80 0 36 68.
85760 80 0 36 73.
85920 160 0 39 73.
86080 80 0 36 72.
86240 80 0 26 75.
86400 160 0 29 75.
86560 80 0 31 80.
86720 80 0 33 67.
86880 160 0 41 73.
87040 80 0 39 72.
87200 80 0 33 63.
87360 160 0 35 63.
87520 80 0 39 68.
87680 80 0 39 61.
87840 160 0 41 61.
88000 80 0 39 60.
88160 80 0 49 56.
88320 160 0 47 56.
88480 80 0 39 55.
88640 80 0 45 57.
88800 160 0 47 57.
88960 80 0 39 59.
89120 80 0 44 62.
89280 160 0 47 62.
89440 80 0 34 55.
89600 80 0 44 62.
89760 160 0 47 62.
89920 80 0 34 62.
90080 80 0 36 62.
90240 160 0 39 62.
90400 160 0 49 68.
90560 160 0 61 53.
90720 160 0 47 56.
90880 160 0 62 50.
91040 160 0 59 62.
91200 160 0 64 47.
91360 160 0 60 59.
91680 160 0 64 56.
92000 160 0 69 41.
92160 160 0 50 52.
92320 160 0 50 52.
92480 160 0 48 52.
92640 160 0 48 52.
92800 160 0 40 40.
92960 160 0 41 40.
93120 160 0 38 40.
93280 160 0 44 39.
93440 160 0 44 39.
93600 160 0 47 39.
93760 160 0 44 40.
93920 160 0 44 40.
94080 80 0 46 40.
94240 80 0 47 40.
94400 80 0 48 40.
94560 80 0 49 40.
94720 80 0 50 40.
94880 80 0 51 40.
95040 80 0 52 40.
95200 80 0 52 39.
95360 80 0 53 39.
95520 80 0 53 39.
95680 80 0 55 40.
95840 80 0 56 40.
96000 80 0 52 41.
96160 160 0 50 56.
96160 160 0 71 61.
96320 160 0 51 56.
96320 160 0 72 61.
96480 160 0 53 49.
96480 160 0 75 61.
96960 160 0 96 42.
97120 160 0 50 54.
97120 160 0 71 61.
97280 160 0 51 54.
97280 160 0 72 61.
97440 160 0 53 49.
97440 160 0 75 61.
97920 160 0 96 44.
98080 160 0 50 56.
98080 160 0 71 61.
98240 160 0 51 56.
98240 160 0 72 61.
98400 160 0 53 49.
98400 160 0 75 61.
98880 160 0 96 46.
99040 160 0 50 58.
99040 160 0 71 61.
99200 160 0 51 58.
99200 160 0 72 61.
99360 160 0 53 51.
99360 160 0 75 61.
99840 1920 0 59 27.
101760 1920 0 56 32.
103680 120 0 44 34.
103800 120 0 29 53.
103920 120 0 22 49.
103920 120 0 22 58.
104040 120 0 33 41.
104160 120 0 25 34.
104280 120 0 29 53.
104400 120 0 23 49.
104400 120 0 23 58.
104520 120 0 35 41.
104640 120 0 27 34.
104760 120 0 30 53.
104880 120 0 24 49.
104880 120 0 24 58.
105000 120 0 35 41.
105120 120 0 28 34.
105240 120 0 35 53.
105360 120 0 26 49.
105360 120 0 26 58.
105480 120 0 39 41.
105600 120 0 30 34.
105720 120 0 35 53.
105840 120 0 28 49.
105840 120 0 28 58.
105960 120 0 39 41.
106080 120 0 29 34.
106200 120 0 34 53.
106320 120 0 25 49.
106320 120 0 25 58.
106440 120 0 36 41.
106560 120 0 27 34.
106680 120 0 30 53.
106800 120 0 24 49.
106800 120 0 24 58.
106920 120 0 35 41.
107040 120 0 25 34.
107160 120 0 29 53.
107280 120 0 24 49.
107280 120 0 24 58.
107400 120 0 33 53.
107520 120 0 35 46.
107760 120 0 30 58.
108240 120 0 31 58.
108720 120 0 31 58.
109200 120 0 31 58.
109440 120 0 35 46.
109680 120 0 31 58.
110160 120 0 34 58.
110400 120 0 35 48.
110640 120 0 30 57.
111120 120 0 31 57.
111360 120 0 35 48.
111600 120 0 30 57.
112080 120 0 31 57.
112320 120 0 35 48.
112560 120 0 30 57.
113040 120 0 31 57.
113280 120 0 35 48.
113520 120 0 34 57.
114000 120 0 37 57.
114240 120 0 35 49.
114480 120 0 30 57.
114960 120 0 31 58.
115200 120 0 56 52.
116160 120 0 33 45.
117120 120 0 56 52.
118080 120 0 33 45.
119040 120 0 56 43.
120000 120 0 47 43.
120960 120 0 47 47.
121920 120 0 52 46.
122880 120 0 51 46.
124800 120 0 51 46.
125760 120 0 51 48.
126720 120 0 51 51.
127680 120 0 51 51.
128640 120 0 52 51.
129600 120 0 51 49.
130560 120 0 61 52.
131520 120 0 48 45.
132480 120 0 61 52.
133440 120 0 61 50.
134400 120 0 69 39.
134880 120 0 69 41.
135360 120 0 69 42.
136320 120 0 51 44.
136320 120 0 68 58.
136560 120 0 39 44.
136560 120 0 56 56.
137040 240 0 38 34.
137280 480 0 41 35.
137760 360 0 39 36.
138240 960 0 31 37.
140160 1200 0 39 44.
142080 1440 0 39 49.
144000 1200 0 29 44.
146400 480 0 44 55.
146880 480 0 44 54.
147840 480 0 39 49.
148320 480 0 44 55.
148800 960 0 44 54.
149760 480 0 49 57.
150240 480 0 40 33.
150720 480 0 41 34.
151200 360 0 41 36.
151560 120 0 37 37.
151680 480 0 41 38.
152160 360 0 41 39.
152520 120 0 37 41.
152640 480 0 41 42.
153120 480 0 45 44.
154560 160 0 39 49.
155520 160 0 39 51.
156480 160 0 39 54.
157440 120 0 39 49.
158400 120 0 39 49.
159360 120 0 39 51.
160320 240 0 39 54.
163200 120 0 48 49.
164160 120 0 50 44.
167040 120 0 61 48.
168000 120 0 62 50.
168960 120 0 59 39.
169920 120 0 62 42.
170880 120 0 59 44.
171840 120 0 52 44.
172800 120 0 55 41.
173280 120 0 56 46.
173760 120 0 55 45.
174240 120 0 51 44.
174720 120 0 56 41.
176640 160 0 56 49.
176800 80 0 42 55.
176960 80 0 42 55.
177120 160 0 46 55.
177280 80 0 51 60.
177440 80 0 51 68.
177600 160 0 46 56.
177760 80 0 51 68.
177920 80 0 42 63.
178080 160 0 56 67.
178240 80 0 51 72.
178400 80 0 42 75.
178560 160 0 56 80.
178720 80 0 42 73.
178880 80 0 52 73.
179040 160 0 46 67.
179200 80 0 52 72.
179360 80 0 44 63.
179520 160 0 46 63.
179680 80 0 44 61.
179840 80 0 44 51.
180000 160 0 46 55.
180160 80 0 52 60.
180320 80 0 44 44.
180480 160 0 46 51.
180640 80 0 47 56.
180800 80 0 41 61.
180960 160 0 44 61.
181120 80 0 41 60.
181280 80 0 36 68.
181440 160 0 33 63.
181600 80 0 36 68.
181760 80 0 36 73.
181920 160 0 39 73.
182080 80 0 29 68.
182240 80 0 26 75.
182400 160 0 29 75.
182560 80 0 31 80.
182720 80 0 33 67.
182880 160 0 41 73.
183040 80 0 39 72.
183200 80 0 33 63.
183360 160 0 41 68.
183520 80 0 39 68.
183680 80 0 39 61.
183840 160 0 41 61.
184000 80 0 39 60.
184160 80 0 49 56.
184320 160 0 47 56.
184480 80 0 39 55.
184640 80 0 45 57.
184800 160 0 39 55.
184960 80 0 31 55.
185120 80 0 36 55.
185280 160 0 39 55.
185440 80 0 34 60.
185600 80 0 44 55.
185760 160 0 47 55.
185920 80 0 41 67.
186080 80 0 47 55.
186240 160 0 47 67.
186400 160 0 34 62.
186560 160 0 61 53.
186720 160 0 56 65.
186880 160 0 62 50.
187040 160 0 59 62.
187200 160 0 64 47.
187360 160 0 60 59.
187680 160 0 64 56.
188000 160 0 69 41.
188160 160 0 42 28.
188320 160 0 36 40.
188480 160 0 40 40.
188640 160 0 40 40.
188800 160 0 40 40.
188960 160 0 41 40.
189120 160 0 38 40.
189280 160 0 44 39.
189440 160 0 44 39.
189600 160 0 47 39.
189760 160 0 44 40.
189920 160 0 52 52.
190080 80 0 46 40.
190240 80 0 47 40.
190400 80 0 48 40.
190560 80 0 49 40.
190720 80 0 50 40.
190880 80 0 61 52.
191040 80 0 52 40.
191040 80 0 62 52.
191200 80 0 52 39.
191360 80 0 53 39.
191520 80 0 64 51.
191680 80 0 66 52.
191840 80 0 67 52.
192000 80 0 74 53.
192000 80 0 52 41.
192160 160 0 50 56.
192160 160 0 71 61.
192320 160 0 51 56.
192320 160 0 72 61.
192480 160 0 53 49.
192480 160 0 75 61.
192960 160 0 96 42.
193120 160 0 50 49.
193120 160 0 71 61.
193280 160 0 51 54.
193280 160 0 72 61.
193440 160 0 53 49.
193440 160 0 75 61.
193920 160 0 96 44.
194080 160 0 50 56.
194080 160 0 50 49.
194240 160 0 72 61.
194240 160 0 51 56.
194400 160 0 75 61.
194400 160 0 53 49.
194880 160 0 96 46.
195040 160 0 50 58.
195040 160 0 71 61.
195200 160 0 72 61.
195200 160 0 51 58.
195360 160 0 75 61.
195360 160 0 53 51.
195840 1920 0 59 27.
197760 1920 0 56 32.
197760 1920 0 66 44.
199680 120 0 66 45.
199800 120 0 60 42.
200040 120 0 56 32.
200160 120 0 52 33.
200280 120 0 52 30.
200640 120 0 37 33.
200760 120 0 33 30.
201000 120 0 37 32.
201120 120 0 33 33.
201240 120 0 33 30.
201600 120 0 37 33.
201720 120 0 34 30.
201960 120 0 37 32.
202080 120 0 34 33.
202200 120 0 34 42.
202560 480 0 41 54.
203040 480 0 34 38.
203520 960 0 30 43.
203520 960 0 37 55.
204480 360 0 39 50.
204840 120 0 35 43.
204960 480 0 37 43.
205440 120 0 39 38.
205560 120 0 36 31.
205800 120 0 39 33.
205920 120 0 36 35.
206040 120 0 36 31.
206400 120 0 41 50.
206400 120 0 35 38.
206520 120 0 31 31.
206760 120 0 36 33.
206880 120 0 33 35.
207000 120 0 33 31.
207360 120 0 38 38.
207480 120 0 36 32.
207720 120 0 40 33.
207840 120 0 36 35.
207960 120 0 37 32.
208320 120 0 48 38.
208440 120 0 45 32.
208680 120 0 49 33.
208800 120 0 46 35.
208920 120 0 47 32.
209280 120 0 52 38.
209400 120 0 49 35.
209640 120 0 57 37.
209760 120 0 51 38.
209880 120 0 52 47.
210240 480 0 40 56.
210720 480 0 36 40.
211200 960 0 33 45.
211200 960 0 39 57.
211680 1440 0 33 53.
212160 120 0 39 45.
212280 120 0 36 41.
212520 120 0 39 43.
212640 120 0 35 45.
212760 120 0 35 41.
213120 960 0 31 45.
214080 960 0 35 47.
215040 120 0 35 35.
215160 120 0 31 31.
215400 120 0 38 33.
215520 120 0 35 35.
215640 120 0 36 31.
216000 120 0 35 36.
216120 120 0 31 31.
216360 120 0 38 36.
216480 120 0 35 38.
216600 120 0 36 31.
216960 120 0 29 39.
217080 120 0 26 31.
217320 120 0 29 38.
217440 120 0 26 39.
217560 120 0 26 44.
217920 120 0 29 41.
218040 120 0 26 38.
218280 120 0 29 39.
218400 120 0 26 41.
218520 120 0 26 50.
218880 160 0 42 40.

