0 200 0 42 53.
160 200 0 35 55.
320 200 0 36 58.
480 200 0 36 61.
640 200 0 39 52.
800 160 0 37 55.
1120 200 0 36 55.
1280 200 0 37 58.
1440 200 0 38 61.
1600 200 0 40 52.
1760 160 0 39 55.
2080 200 0 39 57.
2240 200 0 42 60.
2400 200 0 43 63.
2560 200 0 41 54.
2720 160 0 43 57.
3040 200 0 40 57.
3200 200 0 41 60.
3360 200 0 42 63.
3520 200 0 40 54.
3680 160 0 43 57.
4000 200 0 42 60.
4160 200 0 45 63.
4320 200 0 51 66.
4480 200 0 46 57.
4640 160 0 45 60.
4960 200 0 46 63.
5120 200 0 46 66.
5280 200 0 51 69.
5440 200 0 47 60.
5600 160 0 47 63.
5920 200 0 50 63.
6080 160 0 46 66.
6400 200 0 50 60.
6560 160 0 51 63.
6880 200 0 48 70.
7040 200 0 49 72.
7200 200 0 52 75.
7360 200 0 52 65.
7520 160 0 52 69.
7840 200 0 54 73.
8000 200 0 58 78.
8160 200 0 55 77.
8320 200 0 53 72.
8480 160 0 54 73.
8800 160 0 55 72.
9120 160 0 51 69.
9440 160 0 52 66.
9760 200 0 52 65.
9920 160 0 52 70.
10240 200 0 53 69.
10400 160 0 53 73.
10720 200 0 52 70.
10880 160 0 53 73.
11200 200 0 54 72.
11360 160 0 54 77.
11680 200 0 51 71.
11840 200 0 54 76.
12000 200 0 52 75.
12160 200 0 48 70.
12320 160 0 45 71.
12640 200 0 51 70.
12800 200 0 50 71.
12960 320 0 51 67.
13120 200 0 54 68.
13280 160 0 51 64.
13600 200 0 49 63.
13760 160 0 49 68.
14080 200 0 50 65.
14240 160 0 50 71.
14560 200 0 53 66.
14720 160 0 51 71.
15040 200 0 52 70.
15200 160 0 52 75.
15520 200 0 53 65.
15680 200 0 49 70.
15840 320 0 53 61.
16000 200 0 51 64.
16160 160 0 51 69.
16480 200 0 49 63.
16640 200 0 50 68.
16800 320 0 50 59.
16960 200 0 49 62.
17120 160 0 50 67.
17440 200 0 53 62.
17600 200 0 53 66.
17760 200 0 50 58.
17920 200 0 50 61.
18080 160 0 51 66.
18400 200 0 53 66.
18560 200 0 50 71.
18720 200 0 55 72.
18880 200 0 60 73.
19040 160 0 64 75.
19360 200 0 53 67.
19520 200 0 53 72.
19680 320 0 51 63.
19840 200 0 52 66.
20000 160 0 52 71.
20320 200 0 50 65.
20480 200 0 51 70.
20640 320 0 51 61.
20800 200 0 53 64.
20960 160 0 53 69.
21280 200 0 53 64.
21440 200 0 53 68.
21600 200 0 53 59.
21760 200 0 51 62.
21920 160 0 51 67.
22240 200 0 53 66.
22400 200 0 53 73.
22560 200 0 59 74.
22720 200 0 62 75.
22880 160 0 64 76.
23200 200 0 53 69.
23360 200 0 53 75.
23520 200 0 64 76.
23680 200 0 63 77.
23840 160 0 67 78.
24160 200 0 55 70.
24320 200 0 59 73.
24480 200 0 65 76.
24640 200 0 68 77.
24800 160 0 70 78.
25120 200 0 56 71.
25280 200 0 64 77.
25440 200 0 71 78.
25600 200 0 71 79.
25760 160 0 77 80.
26080 200 0 60 72.
26240 200 0 71 75.
26400 200 0 76 78.
26560 200 0 79 79.
26720 160 0 81 80.
27040 200 0 69 72.
27200 200 0 60 77.
27360 320 0 63 75.
27520 200 0 58 68.
27680 160 0 62 73.
28000 200 0 53 63.
28160 200 0 56 70.
28320 320 0 59 68.
28480 200 0 56 60.
28640 160 0 56 65.
28960 200 0 54 56.
29120 200 0 54 61.
29280 200 0 53 60.
29440 200 0 50 55.
29600 160 0 51 56.
29920 200 0 47 54.
30080 200 0 45 62.
30240 200 0 48 60.
30400 200 0 46 53.
30560 160 0 44 54.
30880 200 0 45 57.
31040 200 0 42 59.
31200 200 0 43 60.
31360 200 0 45 62.
31520 160 0 50 63.
31840 200 0 43 58.
32000 200 0 41 59.
32160 200 0 45 60.
32320 200 0 44 61.
32480 160 0 44 63.
32800 200 0 49 58.
32960 200 0 45 60.
33120 200 0 51 61.
33280 200 0 49 63.
33440 160 0 50 65.
33760 200 0 45 59.
33920 200 0 46 60.
34080 200 0 51 61.
34240 200 0 47 63.
34400 160 0 51 65.
34720 200 0 51 61.
34880 200 0 46 62.
35040 200 0 52 63.
35200 200 0 51 65.
35360 160 0 53 66.
35680 200 0 51 61.
35840 200 0 51 62.
36000 200 0 56 63.
36160 200 0 54 65.
36320 160 0 57 66.
36640 200 0 57 66.
36800 200 0 57 64.
36960 200 0 58 62.
37120 200 0 54 64.
37280 160 0 55 66.
37600 200 0 51 61.
37760 200 0 49 62.
37920 200 0 53 64.
38080 200 0 48 65.
38240 160 0 53 66.
38560 200 0 52 68.
38720 200 0 48 67.
38880 200 0 55 66.
39040 200 0 51 63.
39200 160 0 52 60.
39520 200 0 51 63.
39680 200 0 51 60.
39840 200 0 54 58.
40000 200 0 52 57.
40160 160 0 51 56.
40480 200 0 47 56.
40640 200 0 47 57.
40800 200 0 47 53.
40960 200 0 46 54.
41120 160 0 47 56.
41440 200 0 45 53.
41600 200 0 44 54.
41760 200 0 45 50.
41920 200 0 43 51.
42080 160 0 43 53.
42400 200 0 40 44.
42560 200 0 41 46.
42720 200 0 43 48.
42880 200 0 45 49.
43040 160 0 46 51.
43360 200 0 48 54.
43520 200 0 49 55.
43680 200 0 50 56.
43840 200 0 49 53.
44000 160 0 49 58.
44320 200 0 58 65.
44480 200 0 56 63.
44640 200 0 58 61.
44800 200 0 55 60.
44960 160 0 55 58.
45280 200 0 51 53.
45440 200 0 51 54.
45600 200 0 51 56.
45760 200 0 55 53.
45920 160 0 53 58.
46240 200 0 52 51.
46400 200 0 52 53.
46560 200 0 53 54.
46720 200 0 51 51.
46880 160 0 63 58.
47200 200 0 55 49.
47360 200 0 56 51.
47520 200 0 60 53.
47680 200 0 56 49.
47840 160 0 63 58.
48160 200 0 52 48.
48320 200 0 52 49.
48480 200 0 55 51.
48640 200 0 51 48.
48800 160 0 59 53.
49120 200 0 55 46.
49280 200 0 56 53.
49440 200 0 60 51.
49600 200 0 56 44.
49760 160 0 56 46.
50080 200 0 48 49.
50240 200 0 50 51.
50400 200 0 51 53.
50560 200 0 53 54.
50720 160 0 55 56.
51040 200 0 60 60.
51200 200 0 57 61.
51360 200 0 63 63.
51520 200 0 59 65.
51680 160 0 67 66.
52000 200 0 71 77.
52160 200 0 68 75.
52320 200 0 66 73.
52480 200 0 64 72.
52640 160 0 64 70.
52960 200 0 61 65.
53120 200 0 61 66.
53280 200 0 62 68.
53440 200 0 60 65.
53600 160 0 61 70.
53920 200 0 57 63.
54080 200 0 57 65.
54240 200 0 63 66.
54400 200 0 60 63.
54560 160 0 60 70.
54880 200 0 55 61.
55040 200 0 55 63.
55200 200 0 60 65.
55360 200 0 58 61.
55520 160 0 66 70.
55840 200 0 57 60.
56000 200 0 48 61.
56160 200 0 57 63.
56320 200 0 56 60.
56480 160 0 51 65.
56800 200 0 55 58.
56960 200 0 56 65.
57120 200 0 58 63.
57280 200 0 57 56.
57440 160 0 58 65.
57760 200 0 58 65.
57920 200 0 60 63.
58080 200 0 58 61.
58240 200 0 57 60.
58400 160 0 52 58.
58720 200 0 56 65.
58880 200 0 55 60.
59040 200 0 58 63.
59200 200 0 56 61.
59360 160 0 56 58.
59680 200 0 56 65.
59840 200 0 55 60.
60000 200 0 56 63.
60160 200 0 54 61.
60320 160 0 54 58.
60640 200 0 56 65.
60800 200 0 55 60.
60960 200 0 58 63.
61120 200 0 56 61.
61280 160 0 54 58.
61600 200 0 56 67.
61760 200 0 54 65.
61920 200 0 58 63.
62080 200 0 54 62.
62240 160 0 56 60.
62560 200 0 56 67.
62720 200 0 51 62.
62880 200 0 56 65.
63040 200 0 56 63.
63200 160 0 56 60.
63520 200 0 56 67.
63680 200 0 52 62.
63840 200 0 60 65.
64000 200 0 56 63.
64160 160 0 56 60.
64480 200 0 56 67.
64640 200 0 51 62.
64800 200 0 60 65.
64960 200 0 56 63.
65120 160 0 56 60.
65440 200 0 69 72.
65600 200 0 67 70.
65760 200 0 67 68.
65920 200 0 65 67.
66080 160 0 65 65.
66400 200 0 65 64.
66560 200 0 64 67.
66720 200 0 66 61.
66880 200 0 65 64.
67040 160 0 62 60.
67360 200 0 66 72.
67520 200 0 70 70.
67680 200 0 69 68.
67840 200 0 67 67.
68000 160 0 67 65.
68320 200 0 65 64.
68480 160 0 67 67.
68800 200 0 65 64.
68960 160 0 68 60.
69280 200 0 63 64.
69440 200 0 63 67.
69600 200 0 61 61.
69760 200 0 57 64.
69920 160 0 57 60.
70240 200 0 60 61.
70400 200 0 58 64.
70560 200 0 59 60.
70720 200 0 57 64.
70880 160 0 57 58.
71200 200 0 59 58.
71360 200 0 57 61.
71520 200 0 61 57.
71680 200 0 58 58.
71840 160 0 59 56.
72160 200 0 57 56.
72320 200 0 57 58.
72480 200 0 59 55.
72640 200 0 57 58.
72800 160 0 49 54.
73120 200 0 55 55.
73280 200 0 53 58.
73440 200 0 54 61.
73600 200 0 53 52.
73760 160 0 55 55.
74080 200 0 55 55.
74240 200 0 53 58.
74400 200 0 54 61.
74560 200 0 54 52.
74720 160 0 55 55.
75040 200 0 54 57.
75200 200 0 55 60.
75360 200 0 56 63.
75520 200 0 54 54.
75680 160 0 57 57.
76000 200 0 56 57.
76160 200 0 55 60.
76320 200 0 58 63.
76480 200 0 57 54.
76640 160 0 55 57.
76960 200 0 56 60.
77120 200 0 57 63.
77280 200 0 58 66.
77440 200 0 57 57.
77600 160 0 54 60.
77920 200 0 58 63.
78080 200 0 57 66.
78240 200 0 58 69.
78400 200 0 58 60.
78560 160 0 59 63.
78880 200 0 58 63.
79040 200 0 57 66.
79200 200 0 59 69.
79360 200 0 58 60.
79520 160 0 59 63.
79840 200 0 60 70.
80000 200 0 62 72.
80160 200 0 64 75.
80320 200 0 64 65.
80480 160 0 65 69.
80800 200 0 66 73.
80960 200 0 65 78.
81120 200 0 65 77.
81280 200 0 64 72.
81440 160 0 65 73.
81760 200 0 68 72.
81920 200 0 65 73.
82080 320 0 67 69.
82240 200 0 65 70.
82400 160 0 60 66.
82720 200 0 60 65.
82880 160 0 60 70.
83200 200 0 60 69.
83360 160 0 60 73.
83680 200 0 65 70.
83840 160 0 66 73.
84160 200 0 66 72.
84320 160 0 63 77.
84640 200 0 70 71.
84800 200 0 67 76.
84960 200 0 73 75.
85120 200 0 69 70.
85280 160 0 64 71.
85600 200 0 66 70.
85760 200 0 63 71.
85920 320 0 69 67.
86080 200 0 60 68.
86240 160 0 60 64.
86560 200 0 60 63.
86720 160 0 60 68.
87040 200 0 63 65.
87200 160 0 64 71.
87520 200 0 65 66.
87680 160 0 66 71.
88000 200 0 66 70.
88160 160 0 69 75.
88480 200 0 63 72.
88640 200 0 56 71.
88800 200 0 67 70.
88960 200 0 62 69.
89120 160 0 66 77.
89440 200 0 65 74.
89600 200 0 65 73.
89760 200 0 68 72.
89920 200 0 64 70.
90080 160 0 69 78.
90400 200 0 70 75.
90560 200 0 66 74.
90720 200 0 71 73.
90880 200 0 69 72.
91040 160 0 75 81.
91360 200 0 73 73.
91520 160 0 74 82.
91840 200 0 73 75.
92000 160 0 79 82.
92320 200 0 71 82.
92480 200 0 67 80.
92640 200 0 73 78.
92800 200 0 71 77.
92960 160 0 71 76.
93280 200 0 74 82.
93440 200 0 70 80.
0 200 0 36 41.
960 200 0 36 41.
1920 200 0 40 43.
2880 200 0 40 43.
3840 200 0 45 46.
4800 200 0 41 49.
5760 200 0 49 49.
6240 200 0 44 57.
6720 200 0 49 54.
7680 200 0 56 58.
8640 320 0 50 64.
8960 200 0 48 61.
9280 200 0 46 58.
9600 200 0 48 52.
10080 200 0 46 56.
10560 200 0 49 57.
11040 200 0 46 59.
11520 200 0 48 56.
12480 320 0 51 62.
13440 320 0 46 50.
13920 320 0 43 52.
14400 320 0 46 53.
14880 320 0 44 57.
15360 320 0 51 61.
16320 320 0 45 60.
17280 200 0 53 59.
18240 200 0 50 58.
18880 200 0 51 61.
19040 160 0 54 63.
19200 200 0 57 64.
20160 320 0 48 62.
21120 200 0 49 60.
22080 200 0 50 59.
23040 200 0 56 65.
23680 200 0 53 65.
23840 160 0 56 66.
24160 200 0 46 58.
24320 200 0 50 61.
24480 200 0 55 64.
25120 200 0 47 59.
25280 200 0 54 65.
25440 200 0 60 66.
25920 200 0 68 67.
26080 200 0 51 60.
26240 200 0 60 63.
26400 200 0 64 66.
26560 200 0 67 67.
26720 160 0 68 68.
26880 320 0 68 63.
27840 320 0 57 60.
28800 200 0 56 51.
29760 200 0 47 48.
30720 200 0 42 43.
31680 200 0 45 44.
32640 200 0 48 45.
33600 200 0 48 46.
34560 200 0 51 48.
35520 200 0 51 45.
36480 200 0 59 57.
37440 200 0 51 45.
38400 200 0 51 57.
39360 200 0 49 54.
40320 200 0 46 43.
41280 200 0 44 40.
42240 200 0 38 31.
43200 200 0 41 41.
44160 200 0 46 44.
45120 200 0 45 44.
46080 200 0 51 44.
47040 200 0 51 44.
48000 200 0 51 44.
48960 200 0 48 39.
49920 200 0 51 32.
50880 200 0 48 46.
51840 200 0 59 56.
52800 200 0 56 56.
53760 200 0 56 56.
54720 200 0 52 56.
55680 200 0 52 56.
56640 200 0 51 51.
57600 200 0 53 54.
58560 320 0 54 45.
59520 320 0 54 45.
60480 320 0 54 45.
61440 200 0 53 56.
62400 320 0 50 47.
63360 320 0 51 47.
64320 320 0 54 47.
65280 200 0 67 61.
65440 200 0 58 60.
65600 200 0 56 58.
65760 200 0 56 56.
65920 200 0 55 55.
66080 160 0 55 53.
66400 200 0 55 52.
66560 200 0 54 55.
66720 200 0 56 49.
66880 200 0 55 52.
67040 160 0 52 48.
67200 200 0 67 61.
67360 200 0 56 60.
67520 200 0 59 58.
67680 200 0 58 56.
67840 200 0 56 55.
68000 160 0 56 53.
68320 200 0 55 52.
68480 160 0 56 55.
68800 200 0 55 52.
68960 160 0 54 48.
69120 200 0 58 58.
70080 200 0 57 55.
71040 200 0 59 52.
72000 200 0 51 49.
72960 200 0 51 41.
73920 200 0 51 41.
74880 200 0 53 43.
75840 200 0 53 43.
76800 200 0 55 46.
77760 200 0 50 49.
78720 200 0 55 49.
79680 200 0 56 54.
80640 200 0 65 58.
81600 320 0 62 64.
82560 320 0 56 52.
83040 320 0 54 56.
83520 320 0 57 57.
84000 320 0 59 59.
84480 200 0 65 56.
85440 320 0 62 62.
86400 320 0 56 50.
86880 320 0 57 52.
87360 320 0 59 53.
87840 320 0 60 57.
88320 200 0 64 61.
89280 200 0 64 63.
90240 200 0 67 65.
91200 320 0 68 60.
91680 320 0 71 62.
92160 200 0 72 72.

