688 48 0 62 63.
896 96 0 70 63.
1184 68 0 77 75.
1284 60 0 74 63.
1484 124 0 78 63.
1784 84 0 78 75.
1888 72 0 67 63.
2080 84 0 63 63.
2192 64 0 67 62.
2396 72 0 64 62.
2512 76 0 62 61.
2720 108 0 59 61.
2848 64 0 53 44.
2944 68 0 65 61.
3044 76 0 60 62.
3140 96 0 64 63.
3168 96 0 45 44.
3244 80 0 78 67.
3328 100 0 66 65.
3444 72 0 80 63.
3452 124 0 60 43.
3560 40 0 55 55.
3644 52 0 62 58.
3648 44 0 49 51.
3748 64 0 81 68.
3756 60 0 60 41.
3868 68 0 54 53.
3948 68 0 72 68.
3972 28 0 46 49.
4064 80 0 56 40.
4168 60 0 53 52.
4256 68 0 72 55.
4364 72 0 78 67.
4372 64 0 66 60.
4460 96 0 51 52.
4560 56 0 77 67.
4672 76 0 76 54.
4764 112 0 49 51.
4880 40 0 45 47.
4968 72 0 70 66.
4980 68 0 49 39.
5068 72 0 50 51.
5160 64 0 73 66.
5264 608 0 83 65.
5272 164 0 50 39.
5344 80 0 57 51.
5456 96 0 76 57.
5556 72 0 76 58.
5568 104 0 56 37.
5648 96 0 85 60.
5752 112 0 80 61.
5848 60 0 88 63.
5868 116 0 64 36.
5952 68 0 68 48.
6052 68 0 47 41.
6056 52 0 65 63.
6152 68 0 90 73.
6168 136 0 55 34.
6244 136 0 63 46.
6360 68 0 85 73.
6380 84 0 45 41.
6456 48 0 48 39.
6464 48 0 80 61.
6560 56 0 67 55.
6656 24 0 59 51.
6660 72 0 73 63.
6764 52 0 69 39.
6776 40 0 54 68.
6872 72 0 57 56.
6968 68 0 88 72.
7068 52 0 67 39.
7088 52 0 65 61.
7172 32 0 56 55.
7280 80 0 74 70.
7384 68 0 67 68.
7400 92 0 47 44.
7488 76 0 52 56.
7596 68 0 69 68.
7708 460 0 66 60.
7796 68 0 71 61.
7896 84 0 64 62.
7984 104 0 73 63.
8084 76 0 69 67.
8088 120 0 45 56.
8180 108 0 70 65.
8224 80 0 44 51.
8288 64 0 71 63.
8312 72 0 55 43.
8408 64 0 48 55.
8492 68 0 60 58.
8504 64 0 61 63.
8600 72 0 71 68.
8620 88 0 62 41.
8732 72 0 50 53.
8812 68 0 46 49.
8912 60 0 68 55.
9012 80 0 53 52.
9108 60 0 72 55.
9212 84 0 55 40.
9220 268 0 69 60.
9316 76 0 51 52.
9424 52 0 70 67.
9516 60 0 43 39.
9616 60 0 55 51.
9716 68 0 65 54.
9824 112 0 55 39.
9840 24 0 68 59.
9904 116 0 50 51.
10020 44 0 46 47.
10116 188 0 57 39.
10128 568 0 78 65.
10180 120 0 54 51.
10320 96 0 76 57.
10428 68 0 79 58.
10440 88 0 67 37.
10524 116 0 85 60.
10532 92 0 60 49.
10640 84 0 57 41.
10716 68 0 84 63.
10744 164 0 63 36.
10832 64 0 67 48.
10936 72 0 84 65.
10948 136 0 60 41.
11036 68 0 86 73.
11072 208 0 56 34.
11148 124 0 60 46.
11244 76 0 60 70.
11344 84 0 61 61.
11360 44 0 49 39.
11456 64 0 60 55.
11544 60 0 67 61.
11556 24 0 55 51.
11652 56 0 69 39.
11664 44 0 57 68.
11760 76 0 64 56.
11856 72 0 86 72.
11956 56 0 68 39.
11968 80 0 60 61.
12076 64 0 60 55.
12168 68 0 71 70.
12280 88 0 64 68.
12288 64 0 63 60.
12384 76 0 48 56.
12484 24 0 63 51.
12596 1212 0 102 75.
12612 384 0 79 39.
12716 52 0 12 63.
12928 128 0 81 73.
13016 72 0 76 68.
13116 92 0 79 70.
13136 64 0 57 61.
13216 92 0 85 71.
13312 80 0 70 66.
13408 108 0 76 68.
13432 68 0 65 59.
13508 108 0 78 70.
13520 84 0 63 61.
13608 76 0 68 64.
13632 68 0 49 56.
13700 116 0 73 66.
13804 120 0 79 68.
13820 44 0 60 59.
13892 132 0 69 63.
13992 100 0 87 64.
14008 84 0 54 56.
14096 112 0 74 66.
14188 96 0 67 61.
14220 56 0 55 52.
14284 96 0 71 63.
14384 92 0 84 64.
14480 72 0 62 59.
14576 80 0 67 61.
14688 560 0 73 63.
14704 256 0 48 59.
14996 100 0 70 47.
15104 112 0 65 51.
15300 60 0 61 54.
15300 72 0 58 58.
15400 96 0 71 63.
15500 100 0 71 61.
15600 108 0 73 44.
15612 132 0 48 56.
15700 96 0 65 61.
15712 84 0 68 47.
15800 88 0 77 59.
15904 92 0 74 58.
15920 64 0 54 55.
16004 104 0 62 59.
16112 88 0 67 58.
16204 104 0 81 40.
16228 68 0 60 52.
16304 84 0 72 44.
16316 104 0 64 58.
16400 92 0 83 46.
16500 72 0 84 47.
16512 100 0 77 54.
16628 112 0 69 56.
16728 100 0 72 54.
16812 72 0 72 37.
16828 72 0 73 52.
16916 60 0 68 40.
17016 72 0 76 42.
17136 84 0 71 51.
17136 48 0 62 47.
17464 288 0 99 87.
17476 192 0 84 39.
17776 640 0 40 87.
17792 52 0 75 76.
17872 84 0 80 80.
17968 104 0 79 82.
18068 84 0 87 83.
18084 72 0 73 75.
18168 72 0 76 78.
18264 92 0 81 80.
18364 100 0 79 82.
18468 80 0 75 76.
18560 84 0 80 78.
18576 72 0 64 70.
18652 100 0 85 80.
18672 76 0 66 71.
18752 84 0 71 75.
18860 84 0 87 76.
18880 68 0 51 68.
18948 100 0 86 78.
19044 92 0 69 73.
19072 64 0 58 64.
19136 100 0 78 75.
19224 76 0 56 68.
19236 88 0 92 76.
19336 72 0 70 71.
19424 92 0 73 73.
19548 612 0 82 75.
19552 260 0 61 66.
19568 288 0 54 71.
19868 244 0 58 70.
20068 28 0 38 49.
20160 92 0 73 69.
20180 44 0 54 64.
20192 64 0 41 57.
20268 132 0 79 75.
20360 96 0 75 73.
20460 68 0 80 69.
20464 36 0 59 64.
20548 92 0 76 71.
20640 64 0 59 49.
20748 84 0 78 68.
20768 88 0 56 58.
20852 92 0 85 70.
20916 76 0 63 49.
20944 96 0 77 68.
21044 100 0 80 67.
21060 68 0 46 58.
21136 132 0 75 68.
21216 80 0 60 51.
21232 76 0 70 67.
21336 88 0 74 70.
21356 32 0 47 61.
21440 100 0 84 72.
21520 84 0 74 70.
21636 428 0 83 68.
21652 76 0 57 63.
21976 52 0 75 56.
22300 288 0 100 75.
22320 64 0 72 39.
22612 856 0 50 75.
22632 68 0 67 64.
22720 88 0 72 68.
22736 68 0 63 59.
22804 120 0 74 70.
22832 72 0 64 61.
22912 84 0 84 71.
22928 76 0 65 63.
23008 80 0 65 66.
23100 96 0 74 68.
23136 72 0 66 59.
23196 104 0 76 70.
23216 92 0 67 61.
23304 112 0 64 64.
23320 88 0 54 56.
23408 72 0 60 58.
23496 120 0 73 68.
23592 140 0 65 63.
23704 84 0 74 64.
23792 96 0 44 58.
23888 96 0 65 61.
23912 48 0 48 52.
23980 128 0 69 63.
23992 56 0 53 54.
24068 84 0 47 56.
24176 88 0 51 51.
24272 80 0 67 52.
24388 496 0 76 63.
24400 316 0 54 59.
24692 108 0 79 47.
24792 100 0 70 51.
24892 124 0 85 52.
25016 88 0 71 61.
25112 100 0 64 63.
25216 96 0 64 61.
25312 104 0 80 44.
25324 148 0 53 56.
25420 76 0 80 47.
25516 100 0 80 59.
25616 304 0 74 58.
25620 72 0 84 51.
25716 124 0 68 59.
25936 80 0 71 56.
25944 68 0 63 52.
26036 76 0 74 44.
26128 100 0 69 56.
26236 92 0 78 54.
26240 136 0 67 51.
26336 100 0 74 56.
26432 112 0 75 54.
26440 56 0 81 47.
26544 80 0 76 52.
26556 72 0 52 49.
26632 108 0 64 54.
26736 104 0 71 52.
26744 88 0 79 42.
26856 88 0 81 51.
26864 48 0 68 47.
27072 24 0 33 39.
27184 880 0 108 87.
27188 36 0 71 27.
27500 148 0 77 85.
27600 72 0 77 80.
27692 96 0 74 82.
27792 84 0 86 83.
27804 60 0 61 75.
27884 100 0 71 78.
27972 104 0 84 80.
28012 56 0 55 71.
28076 108 0 80 82.
28084 236 0 26 87.
28172 112 0 74 76.
28204 76 0 50 68.
28276 76 0 64 70.
28360 120 0 87 80.
28452 124 0 73 75.
28556 84 0 86 76.
28576 56 0 38 68.
28652 120 0 83 78.
28748 96 0 69 73.
28776 64 0 48 64.
28860 36 0 47 66.
28928 68 0 50 68.
29024 80 0 65 71.
29116 84 0 67 73.
29244 604 0 78 75.
29268 380 0 47 71.
29568 272 0 59 70.
29800 52 0 55 49.
29884 88 0 68 69.
29896 60 0 59 64.
29980 160 0 81 75.
30080 108 0 73 73.
30176 72 0 80 69.
30204 56 0 53 64.
30280 88 0 75 71.
30368 80 0 55 49.
30480 80 0 82 68.
30500 60 0 61 64.
30576 124 0 82 70.
30644 76 0 56 49.
30780 104 0 82 67.
30796 76 0 45 58.
30872 88 0 68 68.
30940 92 0 57 51.
30976 88 0 77 67.
31076 88 0 77 70.
31096 68 0 63 55.
31176 104 0 87 72.
31256 92 0 71 70.
31376 544 0 78 68.
31396 96 0 50 63.
31712 60 0 64 44.
31932 112 0 74 69.
32044 64 0 73 70.
32144 64 0 64 64.
32248 52 0 71 70.
32348 196 0 70 70.
32452 104 0 48 63.
32564 92 0 74 72.
32664 60 0 63 68.
32760 112 0 55 60.
32848 48 0 69 68.
32872 156 0 36 56.
32948 60 0 69 68.
33040 60 0 63 70.
33076 92 0 80 68.
33160 128 0 86 67.
33176 104 0 52 56.
33280 48 0 73 49.
33360 64 0 78 70.
33460 60 0 77 72.
33552 104 0 84 73.
33648 152 0 79 75.
33740 100 0 83 76.
33852 72 0 82 68.
33968 80 0 61 60.
34068 48 0 70 68.
34168 220 0 68 68.
34288 108 0 60 63.
34412 96 0 45 56.
34484 68 0 80 70.
34600 80 0 53 64.
34700 44 0 76 70.
34804 208 0 68 70.
34912 84 0 52 63.
35020 116 0 79 72.
35124 76 0 73 68.
35140 112 0 55 53.
35224 88 0 56 60.
35320 48 0 73 68.
35424 48 0 71 68.
35504 56 0 63 70.
35524 72 0 71 63.
35616 128 0 88 67.
35712 116 0 83 68.
35740 40 0 76 49.
35812 60 0 82 70.
35916 56 0 89 72.
36012 72 0 88 73.
36104 120 0 90 75.
36196 76 0 92 76.
36316 1348 0 91 80.
36336 60 0 71 44.
36440 80 0 59 60.
36544 124 0 50 56.
36652 52 0 71 48.
36752 76 0 55 63.
36864 80 0 76 69.
36960 80 0 83 70.
36972 44 0 62 49.
37064 72 0 53 64.
37184 48 0 80 70.
37288 184 0 85 70.
37380 100 0 47 63.
37488 108 0 47 55.
37612 96 0 67 68.
37628 120 0 55 53.
37720 84 0 56 60.
37820 56 0 72 68.
37920 60 0 71 68.
38004 44 0 64 70.
38032 84 0 84 68.
38124 108 0 80 67.
38216 124 0 82 68.
38240 44 0 77 49.
38320 64 0 73 70.
38420 68 0 85 72.
38524 84 0 86 73.
38616 168 0 85 75.
38696 60 0 58 56.
38832 72 0 81 68.
38944 76 0 64 60.
39036 52 0 77 68.
39140 212 0 75 68.
39176 24 0 49 48.
39264 76 0 62 63.
39360 84 0 76 69.
39460 64 0 77 70.
39472 40 0 62 49.
39580 84 0 56 64.
39680 44 0 75 70.
39792 188 0 69 70.
39904 100 0 53 63.
40000 108 0 77 72.
40108 68 0 68 68.
40196 116 0 52 60.
40296 48 0 74 68.
40400 56 0 65 68.
40492 52 0 72 70.
40512 108 0 80 68.
40608 116 0 83 67.
40692 124 0 79 68.
40700 56 0 74 49.
40800 72 0 64 64.
40896 76 0 86 72.
41004 80 0 85 73.
41100 92 0 85 75.
41176 64 0 57 56.
41188 84 0 90 76.
41312 500 0 90 80.
41320 132 0 71 68.
41424 80 0 68 60.
41524 92 0 48 56.
41620 60 0 75 48.
41712 64 0 40 56.
41836 68 0 80 72.
41896 88 0 55 58.
41904 72 0 60 55.
41948 200 0 100 84.
41964 44 0 80 64.
42168 68 0 88 72.
42272 48 0 78 72.
42368 72 0 74 71.
42480 80 0 64 70.
42576 176 0 92 85.
42592 48 0 76 69.
42688 64 0 68 68.
42792 72 0 76 72.
42892 196 0 90 84.
42984 84 0 76 65.
43096 60 0 85 72.
43192 140 0 95 85.
43200 168 0 73 79.
43204 132 0 62 82.
43308 60 0 74 62.
43408 80 0 82 72.
43512 180 0 93 84.
43608 76 0 77 59.
43696 80 0 83 72.
43800 156 0 93 85.
43816 180 0 78 77.
43916 60 0 71 56.
44016 96 0 93 72.
44112 76 0 71 54.
44220 96 0 74 53.
44308 44 0 83 52.
44316 56 0 89 72.
44432 40 0 92 51.
44440 24 0 78 39.
44448 20 0 80 79.
44452 24 0 54 85.
44644 76 0 75 51.
44752 52 0 77 63.
44764 64 0 60 55.
44856 52 0 79 64.
44912 108 0 54 51.
45060 64 0 62 66.
45064 56 0 88 65.
45156 64 0 76 67.
45244 112 0 48 51.
45264 72 0 73 68.
45360 80 0 78 69.
45376 112 0 75 63.
45468 68 0 73 70.
45548 76 0 57 51.
45568 72 0 72 71.
45664 76 0 87 72.
45672 120 0 67 61.
45764 84 0 74 73.
45872 84 0 74 74.
45968 76 0 79 75.
45992 112 0 76 63.
46068 84 0 86 76.
46156 80 0 56 51.
46276 76 0 78 78.
46280 96 0 70 60.
46384 88 0 82 79.
46472 176 0 60 51.
46576 92 0 76 63.
46688 72 0 83 82.
46764 140 0 48 58.
46784 60 0 75 48.
46812 28 0 48 52.
46884 44 0 85 64.
46896 208 0 99 84.
47120 48 0 78 72.
47216 48 0 63 72.
47232 188 0 85 84.
47316 56 0 70 71.
47424 64 0 76 72.
47528 160 0 87 85.
47540 56 0 62 69.
47636 60 0 62 68.
47724 84 0 78 72.
47744 60 0 65 67.
47824 180 0 92 84.
47932 80 0 74 65.
48020 68 0 85 72.
48128 148 0 92 85.
48136 72 0 73 63.
48240 60 0 74 62.
48328 92 0 83 72.
48344 56 0 65 61.
48432 192 0 97 84.
48540 68 0 78 59.
48632 72 0 86 72.
48732 132 0 95 85.
48736 188 0 79 80.
48744 152 0 81 77.
48832 64 0 76 56.
48932 100 0 100 72.
49028 76 0 71 54.
49032 176 0 99 84.
49128 104 0 77 53.
49212 52 0 77 52.
49232 44 0 87 72.
49348 76 0 95 87.
49356 68 0 92 75.
49360 48 0 64 82.
49368 48 0 69 85.
49548 52 0 77 51.
49644 64 0 82 63.
49648 96 0 57 55.
49744 60 0 86 64.
49824 76 0 54 51.
49952 72 0 73 66.
49968 112 0 42 56.
50052 72 0 77 67.
50136 96 0 61 51.
50272 80 0 80 69.
50368 76 0 71 70.
50432 80 0 51 51.
50468 84 0 78 71.
50564 696 0 49 55.
50584 72 0 85 65.
50688 80 0 78 73.
50784 76 0 83 74.
50800 464 0 67 51.
50880 96 0 86 75.
50992 68 0 92 77.
51084 92 0 85 75.
51184 80 0 92 77.
51292 84 0 81 75.
51392 132 0 78 77.
51572 80 0 68 65.
51676 92 0 67 63.
51820 412 0 75 66.
51856 32 0 47 44.
51944 68 0 56 58.
52036 28 0 60 56.
52148 156 0 74 60.
52244 112 0 67 65.
52344 108 0 73 63.
52372 76 0 46 54.
52452 64 0 81 65.
52476 148 0 55 49.
52572 132 0 48 56.
52684 52 0 78 65.
52780 76 0 68 65.
52780 56 0 51 44.
52880 80 0 82 67.
52972 80 0 79 68.
53084 68 0 92 67.
53100 44 0 64 46.
53184 76 0 57 61.
53312 44 0 90 67.
53408 80 0 80 67.
53428 76 0 69 48.
53508 108 0 84 68.
53596 136 0 87 70.
53704 72 0 87 68.
53740 132 0 56 53.
53808 68 0 60 60.
53912 56 0 48 56.
54036 100 0 69 68.
54052 120 0 57 63.
54136 76 0 47 59.
54240 64 0 70 68.
54348 80 0 67 68.
54368 72 0 49 46.
54456 136 0 47 58.
54580 88 0 41 53.
54656 128 0 77 68.
54672 96 0 63 47.
54780 80 0 48 59.
54864 60 0 72 68.
54968 84 0 71 68.
54988 84 0 60 46.
55088 136 0 47 58.
55208 76 0 41 53.
55264 100 0 79 68.
55304 92 0 51 47.
55384 88 0 50 59.
55472 56 0 85 68.
55572 92 0 72 68.
55584 64 0 70 62.
55700 88 0 47 59.
55876 100 0 81 68.
55900 112 0 62 47.
55972 92 0 53 59.
56064 76 0 83 68.
56172 104 0 89 69.
56184 84 0 74 45.
56272 76 0 44 57.
56376 68 0 76 69.
56488 476 0 77 61.
56500 164 0 66 45.
56588 132 0 43 57.
56592 68 0 74 69.
56684 88 0 66 67.
56792 384 0 75 66.
56824 104 0 55 45.
56912 80 0 46 57.
56984 120 0 57 51.
57112 100 0 54 44.
57216 100 0 48 56.
57220 92 0 63 65.
57312 96 0 67 63.
57428 60 0 73 65.
57440 84 0 64 61.
57540 116 0 42 56.
57652 92 0 42 53.
57740 72 0 69 65.
57744 48 0 66 60.
57844 76 0 77 67.
57936 80 0 75 68.
58052 84 0 87 67.
58060 116 0 70 65.
58160 96 0 55 61.
58264 44 0 85 67.
58364 72 0 75 67.
58400 32 0 63 48.
58468 80 0 89 68.
58560 96 0 83 70.
58592 68 0 35 55.
58668 72 0 85 68.
58696 144 0 59 53.
58780 100 0 53 60.
58880 72 0 72 68.
58980 84 0 75 69.
58992 96 0 59 66.
59088 124 0 51 60.
59180 112 0 42 54.
59280 96 0 82 70.
59296 72 0 57 65.
59392 116 0 50 58.
59488 64 0 85 70.
59584 120 0 94 71.
59596 108 0 72 65.
59688 100 0 54 59.
59788 80 0 94 71.
59896 76 0 54 48.
59904 112 0 73 68.
59992 80 0 58 60.
60072 112 0 31 53.
60184 56 0 66 47.
60208 96 0 96 73.
60212 56 0 74 65.
60300 84 0 71 61.
60400 84 0 54 53.
60504 52 0 77 48.
60524 84 0 69 68.
60612 76 0 66 65.
60704 44 0 66 60.
60740 24 0 49 72.
60816 140 0 86 80.
60832 148 0 82 72.
60952 60 0 64 64.
61028 68 0 89 79.
61048 24 0 42 72.
61068 100 0 58 60.
61140 100 0 92 79.
61156 156 0 76 72.
61168 80 0 74 53.
61260 96 0 63 64.
61368 52 0 94 77.
61476 172 0 60 53.
61484 52 0 75 68.
61556 56 0 61 65.
61704 56 0 76 65.
61828 508 0 77 66.
61840 76 0 57 44.
61928 104 0 58 58.
62028 48 0 64 56.
62144 144 0 68 60.
62252 100 0 67 65.
62336 96 0 53 54.
62352 96 0 67 63.
62448 152 0 60 49.
62468 60 0 60 61.
62560 128 0 45 56.
62680 48 0 75 65.
62692 88 0 44 53.
62768 68 0 56 44.
62776 60 0 60 60.
62888 88 0 70 67.
62980 88 0 73 68.
63092 172 0 74 65.
63100 92 0 84 67.
63192 88 0 56 61.
63296 56 0 77 67.
63408 80 0 75 67.
63424 76 0 68 48.
63504 84 0 51 60.
63588 120 0 47 55.
63604 112 0 77 70.
63720 68 0 78 68.
63740 156 0 53 53.
63824 76 0 44 60.
63928 40 0 46 56.
64032 108 0 61 68.
64064 92 0 52 47.
64152 80 0 31 59.
64240 60 0 74 68.
64344 104 0 69 68.
64368 76 0 51 46.
64452 132 0 42 58.
64560 48 0 78 68.
64656 192 0 78 63.
64664 100 0 61 47.
64752 112 0 42 59.
64868 144 0 45 53.
64976 104 0 70 68.
64996 64 0 53 46.
65084 136 0 39 58.
65224 72 0 37 53.
65268 92 0 80 68.
65296 92 0 65 47.
65376 96 0 47 59.
65488 44 0 82 68.
65576 80 0 81 68.
65588 36 0 72 62.
65684 72 0 46 59.
65796 40 0 83 68.
65884 84 0 81 68.
65896 52 0 77 62.
65988 76 0 40 59.
66096 72 0 85 68.
66200 88 0 92 69.
66212 92 0 76 45.
66316 96 0 34 57.
66412 56 0 74 69.
66508 248 0 75 61.
66528 76 0 66 45.
66608 76 0 79 69.
66704 96 0 75 67.
66816 512 0 78 66.
66848 120 0 57 45.
66928 100 0 41 57.
67016 132 0 58 51.
67136 60 0 50 44.
67248 92 0 44 56.
67332 76 0 45 54.
67352 104 0 65 63.
67452 104 0 51 49.
67464 56 0 70 65.
67564 100 0 43 56.
67680 48 0 77 65.
67780 60 0 50 44.
67784 44 0 62 60.
67880 88 0 75 67.
67896 44 0 58 60.
67976 88 0 71 68.
68088 44 0 61 46.
68096 84 0 64 65.
68184 88 0 60 61.
68300 48 0 79 67.
68316 76 0 53 55.
68400 80 0 74 67.
68432 60 0 67 48.
68508 76 0 85 68.
68524 88 0 54 60.
68592 128 0 84 70.
68704 76 0 86 68.
68716 52 0 68 65.
68748 132 0 33 53.
68832 80 0 48 60.
68836 172 0 12 65.
68924 68 0 67 68.
69024 72 0 76 69.
69040 120 0 55 66.
69128 120 0 40 60.
69228 60 0 76 69.
69328 92 0 73 70.
69344 168 0 54 65.
69432 68 0 47 58.
69532 68 0 73 70.
69616 116 0 64 49.
69636 148 0 64 65.
69716 76 0 47 59.
69832 84 0 90 71.
69936 104 0 102 72.
69944 44 0 67 68.
70048 100 0 59 60.
70144 60 0 99 72.
70160 84 0 49 53.
70252 88 0 99 73.
70256 40 0 76 65.
70372 108 0 59 61.
70448 72 0 88 73.
70488 76 0 56 53.
70552 168 0 97 72.
70568 56 0 74 48.
70700 76 0 62 65.
70752 76 0 91 80.
70808 24 0 48 60.
70864 132 0 92 80.
70876 164 0 88 72.
70896 28 0 63 48.
71008 80 0 53 64.
71072 64 0 90 79.
71084 32 0 42 72.
71116 64 0 52 60.
71176 92 0 92 79.
71184 96 0 81 70.
71208 136 0 68 53.
71296 80 0 55 64.
71388 148 0 55 60.
71504 24 0 81 77.
71512 16 0 78 65.
71608 24 0 60 65.
71716 76 0 88 65.
71824 112 0 105 72.
71840 64 0 92 48.
72168 72 0 87 85.
72196 124 0 61 65.
72268 68 0 86 87.
72368 72 0 85 85.
72472 96 0 89 84.
72576 76 0 73 75.
72600 24 0 21 84.
72672 152 0 51 67.
72780 72 0 84 82.
72800 32 0 59 77.
72880 80 0 79 84.
72896 80 0 50 70.
72972 80 0 43 65.
72976 84 0 73 82.
73084 72 0 77 80.
73184 72 0 71 72.
73276 92 0 36 63.
73388 84 0 83 79.
73400 108 0 64 58.
73488 80 0 77 80.
73516 28 0 22 73.
73584 112 0 70 79.
73688 72 0 80 77.
73696 104 0 62 56.
73788 60 0 67 68.
73876 80 0 52 60.
73976 96 0 84 75.
73996 228 0 71 70.
74080 100 0 54 63.
74180 92 0 34 58.
74296 68 0 78 73.
74384 80 0 66 65.
74468 80 0 39 56.
74488 72 0 69 68.
74592 160 0 68 51.
74600 48 0 57 67.
74688 100 0 73 73.
74784 56 0 41 55.
74796 92 0 77 72.
74896 80 0 73 70.
74996 96 0 69 61.
75008 84 0 47 58.
75092 52 0 44 53.
75200 92 0 83 68.
75212 180 0 64 63.
75284 108 0 35 56.
75312 100 0 77 70.
75396 96 0 73 68.
75504 132 0 77 67.
75516 128 0 60 46.
75592 116 0 49 55.
75708 68 0 73 67.
75728 28 0 51 65.
75800 68 0 70 70.
75816 68 0 56 62.
75832 140 0 77 68.
75940 60 0 55 62.
76032 72 0 86 67.
76140 292 0 85 67.
76152 120 0 82 64.
76264 68 0 64 60.
76360 108 0 62 55.
76448 88 0 92 72.
76472 32 0 69 52.
76592 48 0 40 48.
76656 84 0 70 43.
76772 104 0 103 84.
76804 28 0 65 36.
77092 76 0 87 97.
77148 36 0 54 77.
77188 68 0 81 99.
77292 80 0 85 97.
77312 36 0 54 80.
77396 88 0 87 96.
77496 72 0 73 87.
77524 28 0 42 96.
77600 64 0 81 91.
77700 80 0 84 94.
77712 104 0 71 73.
77724 32 0 52 89.
77808 72 0 79 96.
77820 116 0 43 82.
77904 80 0 74 94.
78016 64 0 77 92.
78112 68 0 61 84.
78192 100 0 46 75.
78316 76 0 81 91.
78328 28 0 59 85.
78404 76 0 79 92.
78436 32 0 50 85.
78504 88 0 77 91.
78608 64 0 81 89.
78620 112 0 65 68.
78696 72 0 81 80.
78800 64 0 84 84.
78900 96 0 86 87.
78916 36 0 64 82.
79004 96 0 51 75.
79104 88 0 75 87.
79208 68 0 77 85.
79232 120 0 73 65.
79296 76 0 77 77.
79400 80 0 76 80.
79404 92 0 44 68.
79504 104 0 86 84.
79524 40 0 59 79.
79604 76 0 73 85.
79624 84 0 58 72.
79708 76 0 76 84.
79808 80 0 77 82.
79832 88 0 70 61.
79912 88 0 73 73.
79932 80 0 43 70.
80016 72 0 84 77.
80104 104 0 85 80.
80112 144 0 71 60.
80200 128 0 48 68.
80208 168 0 86 82.
80292 108 0 47 63.
80416 120 0 87 79.
80420 100 0 67 58.
80432 32 0 70 77.
80520 124 0 48 67.
80600 112 0 47 65.
80692 84 0 70 82.
80724 44 0 45 59.
80728 148 0 77 80.
80840 48 0 66 74.
80928 56 0 75 79.
81028 204 0 81 79.
81036 72 0 80 76.
81060 308 0 60 60.
81244 88 0 78 84.
81356 44 0 70 72.
81576 52 0 70 72.
81696 384 0 78 66.
81708 56 0 44 44.
81796 100 0 51 58.
81888 52 0 64 56.
82020 88 0 64 44.
82120 92 0 70 65.
82212 92 0 68 63.
82332 60 0 67 61.
82340 148 0 56 49.
82444 124 0 44 56.
82544 56 0 76 65.
82572 68 0 46 53.
82648 80 0 66 65.
82664 52 0 62 44.
82760 80 0 76 67.
82852 88 0 73 68.
82880 36 0 45 53.
82968 72 0 87 67.
82980 52 0 61 46.
83080 84 0 60 61.
83188 52 0 86 67.
83284 104 0 79 67.
83304 80 0 75 48.
83388 104 0 63 60.
83488 136 0 86 70.
83508 108 0 68 55.
83604 48 0 70 65.
83632 136 0 56 53.
83708 76 0 56 60.
83812 56 0 44 56.
83912 100 0 76 68.
83920 84 0 57 47.
84016 100 0 55 56.
84120 52 0 65 68.
84216 96 0 68 68.
84236 80 0 54 46.
84320 144 0 48 58.
84472 52 0 50 53.
84528 112 0 68 68.
84552 104 0 56 47.
84636 80 0 46 59.
84728 108 0 45 53.
84836 80 0 67 68.
84848 56 0 67 62.
84952 116 0 50 58.
85048 52 0 77 68.
85072 72 0 48 53.
85144 100 0 75 68.
85160 52 0 69 63.
85240 88 0 50 59.
85356 100 0 48 53.
85464 84 0 78 68.
85484 92 0 57 47.
85556 100 0 51 59.
85672 48 0 82 68.
85764 92 0 73 68.
85776 72 0 74 62.
85836 96 0 52 59.
85960 28 0 59 52.
86072 104 0 83 69.
86096 88 0 71 45.
86172 92 0 58 57.
86280 64 0 70 69.
86388 596 0 81 61.
86396 148 0 64 45.
86472 104 0 52 57.
86588 104 0 66 67.
86696 448 0 72 66.
86724 84 0 52 45.
86816 100 0 42 57.
87008 256 0 72 60.
87028 84 0 49 44.
87112 160 0 50 56.
87224 80 0 67 63.
87328 140 0 80 61.
87336 180 0 52 49.
87440 136 0 46 56.
87536 48 0 78 65.
87640 80 0 75 60.
87648 88 0 60 65.
87756 76 0 77 67.
87848 80 0 76 68.
87948 148 0 77 65.
87956 72 0 93 67.
88060 80 0 60 61.
88172 44 0 78 67.
88272 72 0 77 64.
88304 36 0 55 48.
88376 72 0 78 68.
88472 100 0 74 70.
88576 268 0 68 65.
88604 148 0 50 53.
88684 76 0 50 60.
88792 64 0 67 68.
88892 72 0 68 69.
88916 84 0 54 51.
88996 92 0 49 60.
89096 60 0 77 69.
89192 76 0 73 70.
89204 132 0 60 65.
89296 104 0 53 58.
89400 60 0 75 70.
89496 104 0 67 49.
89496 96 0 82 71.
89504 100 0 62 65.
89592 80 0 56 59.
89700 80 0 88 71.
89804 88 0 96 72.
89808 64 0 71 68.
89812 76 0 74 48.
89916 68 0 62 60.
90016 56 0 97 72.
90120 92 0 99 73.
90128 56 0 82 65.
90216 92 0 74 61.
90308 92 0 50 53.
90428 156 0 94 72.
90440 128 0 60 68.
90528 56 0 61 65.
90624 76 0 91 80.
90648 20 0 55 60.
90740 124 0 85 80.
90748 164 0 82 72.
90772 20 0 55 48.
90864 72 0 57 64.
90952 60 0 89 79.
90968 80 0 53 60.
91048 96 0 87 79.
91060 84 0 75 70.
91196 80 0 58 64.
91276 44 0 86 77.
91376 40 0 78 77.
91384 40 0 74 68.
91420 48 0 56 53.
91488 40 0 57 65.
91608 48 0 86 65.
91712 264 0 97 72.
91720 48 0 77 63.
91728 40 0 80 51.
91736 24 0 36 68.
92048 64 0 85 70.
92056 20 0 72 64.
92064 44 0 84 37.
92068 20 0 82 44.
92152 64 0 99 72.
92248 80 0 90 70.
92364 92 0 93 68.
92376 40 0 88 44.
92584 76 0 80 68.
92688 312 0 84 65.
92712 60 0 58 49.
92808 100 0 55 56.
92912 64 0 69 72.
93012 272 0 75 63.
93036 68 0 62 48.
93124 100 0 55 56.
93224 96 0 64 68.
93332 84 0 84 72.
93336 184 0 60 65.
93432 76 0 56 56.
93540 80 0 89 72.
93652 88 0 85 70.
93660 80 0 65 51.
93752 72 0 88 72.
93848 136 0 78 70.
93968 40 0 58 39.
94044 76 0 81 65.
94144 56 0 87 63.
94268 252 0 100 72.
94276 44 0 82 56.
94280 44 0 77 51.
94596 72 0 85 70.
94608 32 0 73 64.
94616 24 0 76 37.
94708 64 0 96 72.
94800 84 0 85 70.
94916 96 0 91 68.
94928 40 0 88 44.
95144 80 0 79 68.
95248 104 0 86 72.
95260 68 0 58 49.
95356 104 0 55 56.
95464 64 0 62 49.
95560 100 0 77 68.
95576 64 0 70 48.
95668 112 0 49 56.
95780 72 0 68 48.
95860 84 0 64 49.
95884 172 0 63 65.
95964 92 0 61 56.
96072 80 0 85 72.
96188 84 0 86 70.
96192 56 0 67 51.
96292 56 0 93 72.
96376 92 0 85 70.
96484 84 0 88 69.
96492 76 0 74 67.
96496 44 0 75 39.
96588 96 0 83 70.
96800 72 0 99 72.
96804 36 0 73 63.
96820 36 0 87 56.
96824 44 0 81 44.
97128 80 0 84 70.
97136 24 0 74 64.
97144 32 0 73 44.
97232 64 0 90 72.
97328 84 0 89 70.
97448 96 0 89 68.
97460 48 0 77 60.
97668 80 0 80 68.
97776 96 0 77 72.
97796 60 0 62 49.
97884 88 0 57 56.
97980 72 0 54 49.
98096 96 0 61 68.
98104 72 0 62 48.
98208 92 0 57 56.
98320 72 0 64 48.
98408 80 0 62 49.
98424 164 0 70 65.
98500 84 0 58 56.
98628 124 0 65 50.
98740 40 0 63 55.
98740 56 0 71 51.
98832 84 0 84 72.
98924 152 0 70 70.

