2240 320 1 44 59.
2560 320 1 45 60.
2880 320 1 46 61.
3200 320 1 50 58.
3520 320 1 48 65.
3840 320 1 44 64.
4160 320 1 45 59.
4480 320 1 46 60.
4800 320 1 48 61.
5120 320 1 51 58.
5440 320 1 49 65.
5760 320 1 47 64.
6080 320 1 45 59.
6400 320 1 47 60.
6720 320 1 49 61.
7040 320 1 51 60.
7360 320 1 53 62.
7680 320 1 55 65.
8000 320 1 57 64.
8320 320 1 59 65.
8640 320 1 61 68.
8960 320 1 56 67.
9280 320 1 55 68.
9600 480 1 55 65.
17600 320 1 32 60.
17920 320 1 33 68.
18240 320 1 33 67.
18560 320 1 34 65.
18880 320 1 34 71.
19200 320 1 35 72.
19520 320 1 35 73.
19840 320 1 36 71.
20160 320 1 36 72.
20480 320 1 36 60.
20800 320 1 37 70.
21120 320 1 37 69.
21440 320 1 38 68.
21760 320 1 38 67.
22080 320 1 39 65.
22400 320 1 39 77.
22720 320 1 40 71.
23040 320 1 40 72.
23360 320 1 41 75.
23680 320 1 41 73.
24000 320 1 42 72.
24320 320 1 42 65.
24640 320 1 43 67.
24960 320 1 43 68.
25280 320 1 44 64.
25600 320 1 44 65.
25920 320 1 45 68.
26240 320 1 45 71.
26560 320 1 45 72.
26880 320 1 46 73.
27200 320 1 46 74.
27520 320 1 47 77.
27840 320 1 47 75.
28160 320 1 48 68.
28480 320 1 48 70.
28800 320 1 49 72.
29120 320 1 49 67.
29440 320 1 50 68.
29760 320 1 50 71.
30080 320 1 51 72.
30400 320 1 51 75.
30720 320 1 52 76.
31040 320 1 52 77.
31360 320 1 53 78.
31680 320 1 53 79.
32000 320 1 54 74.
32320 320 1 54 77.
32640 320 1 54 76.
32960 320 1 55 71.
33280 320 1 55 72.
33600 320 1 56 73.
33920 320 1 56 70.
34240 320 1 57 77.
34560 320 1 57 76.
34880 320 1 58 71.
35200 320 1 58 72.
35520 320 1 59 73.
35840 320 1 59 70.
36160 320 1 60 77.
36480 320 1 60 76.
36800 320 1 61 71.
37120 320 1 61 72.
37440 320 1 60 73.
37760 320 1 59 72.
38080 320 1 58 74.
38400 320 1 56 77.
38720 320 1 54 76.
39040 320 1 52 77.
39360 320 1 51 80.
39680 320 1 49 79.
40000 320 1 47 80.
40320 480 1 46 77.
42240 320 1 36 75.
42560 320 1 36 77.
42880 320 1 37 75.
43200 320 1 37 77.
43520 320 1 38 75.
43840 320 1 38 77.
44160 320 1 39 73.
44480 320 1 39 75.
44800 320 1 40 73.
45120 320 1 40 75.
45440 320 1 41 73.
45760 320 1 41 75.
46080 320 1 42 72.
46400 320 1 42 73.
46720 320 1 43 72.
47040 320 1 43 73.
47360 320 1 44 72.
47680 320 1 44 73.
48000 320 1 44 71.
48320 320 1 45 66.
48640 320 1 45 67.
48960 320 1 46 68.
49280 320 1 46 65.
49600 320 1 47 72.
49920 320 1 47 71.
50240 320 1 47 66.
50560 320 1 46 67.
50880 320 1 46 68.
51200 320 1 45 65.
51520 320 1 44 72.
51840 320 1 44 71.
52160 320 1 43 66.
52480 320 1 42 67.
52800 320 1 42 68.
53120 320 1 41 67.
53440 320 1 40 69.
53760 320 1 40 72.
54080 320 1 39 71.
54400 320 1 38 72.
54720 320 1 38 75.
55040 320 1 37 74.
55360 320 1 36 75.
55680 480 1 36 72.
57600 320 1 28 70.
57920 320 1 28 72.
58240 320 1 29 70.
58560 320 1 29 72.
58880 320 1 30 70.
59200 320 1 30 72.
59520 320 1 31 68.
59840 320 1 31 70.
60160 320 1 32 68.
60480 320 1 32 70.
60800 320 1 33 68.
61120 320 1 33 70.
61440 320 1 34 66.
61760 320 1 34 68.
62080 320 1 35 66.
62400 320 1 35 68.
62720 320 1 36 66.
63040 320 1 36 68.
63360 320 1 37 65.
63680 320 1 37 77.
64000 320 1 38 75.
64320 320 1 38 73.
64640 320 1 39 68.
64960 320 1 39 70.
65280 320 1 39 71.
65600 320 1 40 82.
65920 320 1 40 80.
66240 320 1 41 78.
66560 320 1 41 75.
66880 320 1 42 78.
67200 320 1 42 68.
67520 320 1 43 78.
67840 320 1 43 77.
68160 320 1 44 75.
68480 320 1 44 71.
68800 320 1 45 75.
69120 320 1 45 65.
69440 320 1 45 75.
69760 320 1 45 73.
70080 320 1 45 71.
70400 320 1 46 68.
70720 320 1 46 71.
71040 320 1 46 58.
71360 320 1 47 65.
71680 320 1 47 64.
72000 320 1 47 63.
72320 320 1 48 62.
72640 320 1 48 65.
72960 320 1 49 58.
73280 320 1 49 71.
73600 320 1 49 70.
73920 320 1 50 69.
74240 320 1 50 68.
74560 320 1 50 77.
74880 320 1 51 75.
75200 320 1 51 74.
75520 320 1 51 83.
75840 320 1 52 82.
76160 320 1 52 81.
76480 320 1 52 80.
76800 320 1 53 77.
77120 320 1 53 73.
77440 320 1 53 71.
77760 320 1 54 70.
78080 320 1 54 61.
78400 320 1 54 59.
78720 320 1 55 58.
79040 320 1 55 62.
79360 320 1 55 63.
79680 320 1 56 65.
80000 320 1 56 66.
80320 320 1 56 69.
80640 320 1 57 70.
80960 320 1 57 71.
81280 320 1 57 69.
81600 320 1 58 70.
81920 320 1 58 61.
82240 320 1 59 59.
82560 320 1 59 58.
82880 320 1 59 62.
83200 320 1 60 65.
83520 320 1 60 63.
83840 320 1 60 75.
84160 320 1 61 69.
84480 320 1 61 70.
84800 320 1 61 73.
85120 320 1 62 71.
85440 320 1 62 70.
85760 320 1 62 63.
86080 320 1 63 65.
86400 320 1 63 66.
86720 320 1 63 62.
87040 320 1 64 63.
87360 320 1 64 66.
87680 320 1 64 70.
88000 320 1 65 71.
88320 320 1 65 72.
88640 320 1 65 73.
88960 320 1 66 71.
89280 320 1 66 72.
89600 320 1 66 63.
89920 320 1 67 61.
90240 320 1 67 60.
90560 320 1 68 64.
90880 320 1 68 67.
91200 320 1 68 65.
91520 320 1 69 77.
91840 320 1 69 71.
92160 320 1 69 72.
92480 320 1 70 75.
92800 320 1 70 73.
93120 320 1 70 72.
93440 320 1 71 67.
93760 320 1 71 70.
94080 320 1 71 69.
94400 320 1 72 64.
94720 320 1 72 65.
95040 320 1 72 66.
95360 320 1 73 63.
95680 320 1 73 70.
96000 320 1 73 69.
96320 320 1 74 64.
96640 320 1 74 65.
96960 320 1 74 66.
97280 320 1 75 63.
97600 320 1 75 72.
97920 320 1 75 71.
98240 320 1 76 66.
98560 320 1 76 67.
98880 320 1 76 68.
99200 320 1 76 65.
99520 320 1 77 72.
99840 320 1 78 71.
100160 320 1 78 66.
100480 320 1 79 67.
100800 320 1 79 68.
101120 320 1 80 65.
101440 320 1 80 80.
101760 320 1 83 79.
102080 320 1 81 77.
102400 320 1 80 76.
102720 320 1 78 77.
103040 320 1 76 75.
103360 320 1 75 73.
103680 320 1 73 75.
104000 320 1 71 73.
104320 320 1 70 72.
104640 320 1 68 70.
104960 320 1 66 68.
105280 320 1 65 66.
105600 320 1 63 65.
105920 320 1 62 64.
106240 320 1 60 71.
106560 320 1 58 73.
106880 320 1 57 72.
107200 320 1 55 74.
107520 320 1 53 77.
107840 320 1 52 76.
108160 320 1 50 77.
108480 320 1 48 80.
108800 320 1 47 79.
109120 320 1 45 80.
109440 1920 1 43 77.
111360 320 1 34 75.
111680 320 1 35 77.
112000 320 1 35 75.
112320 320 1 36 77.
112640 320 1 37 75.
112960 320 1 38 77.
113280 320 1 38 73.
113600 320 1 39 75.
113920 320 1 40 73.
114240 320 1 41 75.
114560 320 1 42 73.
114880 320 1 42 75.
115200 320 1 43 71.
115520 320 1 42 73.
115840 320 1 41 71.
116160 320 1 40 73.
116480 320 1 40 71.
116800 320 1 39 73.
117120 320 1 38 70.
117440 320 1 37 72.
117760 320 1 36 70.
118080 320 1 35 72.
118400 320 1 34 70.
118720 320 1 33 72.
119040 320 1 33 70.
119360 320 1 33 72.
119680 320 1 32 70.
120000 320 1 32 72.
120320 320 1 31 70.
120640 320 1 30 65.
120960 320 1 30 67.
121280 320 1 29 68.
121600 320 1 28 67.
121920 320 1 28 68.
122240 320 1 27 67.
122560 320 1 26 58.
122880 960 1 26 61.
123840 960 1 24 64.
124800 960 1 22 65.
126720 960 1 18 56.
127680 960 1 16 56.
128640 1920 1 14 56.
136800 480 1 44 77.
137280 240 1 45 77.
137520 240 1 45 73.
137760 240 1 46 70.
138000 240 1 46 72.
138240 161 1 46 70.
138440 60 1 47 70.
138480 240 1 47 68.
138720 240 1 47 67.
138960 240 1 48 68.
139200 240 1 48 70.
139440 240 1 49 72.
139680 161 1 49 75.
139880 60 1 49 75.
139920 240 1 50 73.
140160 240 1 50 72.
140400 240 1 50 73.
140640 240 1 51 77.
140880 240 1 51 75.
141120 240 1 54 73.
141360 240 1 56 72.
141600 240 1 58 74.
141840 240 1 61 75.
142080 240 1 63 82.
142320 192 1 55 80.
142560 240 1 46 78.
142800 240 1 46 74.
143040 240 1 47 77.
143280 240 1 47 75.
143520 240 1 48 71.
143760 240 1 48 73.
144000 157 1 49 71.
144160 57 1 49 70.
144240 240 1 49 70.
144480 240 1 50 69.
144720 240 1 50 70.
144960 240 1 50 72.
145200 240 1 51 74.
145440 161 1 51 77.
145640 47 1 54 77.
145680 240 1 54 75.
145920 240 1 57 74.
146160 240 1 59 75.
146400 240 1 62 78.
146640 240 1 58 72.
146880 240 1 54 75.
147120 240 1 53 74.
147360 240 1 51 73.
147600 183 1 49 72.
147840 240 1 47 75.
148080 180 1 46 73.
148320 240 1 46 72.
148560 240 1 46 70.
148800 240 1 47 69.
149040 240 1 47 70.
149280 240 1 48 72.
149520 240 1 48 67.
149760 240 1 49 70.
150000 240 1 49 68.
150240 240 1 50 67.
150480 240 1 50 68.
150720 240 1 51 72.
150960 187 1 51 77.
151200 480 1 53 75.
151680 240 1 58 73.
151920 240 1 60 72.
152160 240 1 62 70.
152400 240 1 66 72.
152640 1680 1 68 73.
154320 180 1 42 72.
154500 60 1 43 73.
154560 240 1 43 72.
154800 156 1 43 71.
155040 720 1 44 73.
155760 180 1 45 72.
155940 60 1 46 73.
156000 240 1 46 72.
156240 240 1 46 70.
156480 240 1 47 73.
156720 240 1 48 72.
156960 240 1 49 71.
157200 240 1 51 72.
157440 240 1 53 73.
157680 240 1 55 72.
157920 240 1 59 77.
123840 960 2 24 55.
124800 960 2 22 56.
126720 960 2 18 53.
127680 960 2 16 53.
128640 1920 2 14 53.
133680 96 2 47 68.
133920 96 2 52 70.
134160 96 2 50 68.
134400 96 2 49 70.
134640 96 2 48 68.
134880 96 2 47 70.
135120 96 2 46 68.
135360 96 2 49 67.
135600 96 2 47 68.
135840 96 2 45 67.
136080 96 2 42 68.
136320 96 2 47 66.
136560 96 2 44 68.
136800 96 2 44 65.
137040 96 2 44 68.
137280 96 2 45 65.
137520 96 2 45 68.
137760 96 2 46 61.
138000 96 2 46 66.
138240 96 2 46 60.
138480 96 2 47 66.
138720 96 2 47 60.
138960 96 2 48 66.
139200 96 2 48 60.
139440 96 2 49 66.
139680 96 2 49 65.
139920 96 2 50 68.
140160 96 2 50 65.
140400 96 2 50 68.
140640 96 2 51 67.
140880 96 2 51 70.
141120 96 2 54 63.
141360 96 2 56 68.
141600 96 2 58 63.
141840 96 2 61 68.
142080 96 2 63 72.
142320 96 2 55 75.
142560 96 2 46 66.
142800 96 2 46 70.
143040 96 2 47 66.
143280 96 2 47 70.
143520 96 2 48 63.
143760 96 2 48 68.
144000 96 2 49 62.
144240 96 2 49 68.
144480 96 2 50 62.
144720 96 2 50 68.
144960 96 2 50 62.
145200 96 2 51 68.
145440 96 2 51 66.
145680 96 2 54 70.
145920 96 2 57 66.
146160 96 2 59 70.
146400 96 2 62 66.
146640 96 2 58 68.
146880 96 2 54 65.
147120 96 2 53 68.
147360 96 2 51 65.
147600 96 2 49 68.
147840 96 2 47 65.
148080 96 2 46 68.
148320 96 2 46 61.
148560 96 2 46 63.
148800 96 2 47 61.
149040 96 2 47 63.
149280 96 2 48 61.
149520 96 2 48 63.
149760 96 2 49 60.
150000 96 2 49 63.
150240 96 2 50 60.
150480 96 2 50 63.
150720 96 2 51 60.
150960 96 2 51 68.
151200 96 2 53 66.
151440 96 2 55 70.
151680 96 2 58 63.
151920 96 2 60 66.
152160 96 2 62 63.
152400 96 2 66 65.
152640 96 2 68 61.
152880 96 2 58 65.
153120 96 2 55 61.
153360 96 2 51 64.
153600 96 2 48 65.
153840 96 2 45 70.
154080 96 2 42 64.
154320 156 2 42 70.
154560 156 2 43 64.
154800 240 2 43 70.
155040 156 2 44 64.
155280 156 2 44 70.
155520 156 2 45 65.
155760 156 2 45 68.
156000 156 2 46 65.
156240 156 2 46 68.
156480 156 2 47 65.
156720 156 2 48 68.
156960 156 2 49 64.
157200 156 2 51 70.
157440 156 2 53 64.
157680 156 2 55 70.
157920 156 2 59 70.
158160 156 2 64 72.
158400 156 2 68 68.
158640 156 2 62 73.
158880 156 2 56 68.
159120 156 2 55 71.
159360 156 2 53 67.
159600 156 2 51 72.
159840 156 2 49 66.
160080 156 2 49 68.
160320 156 2 49 66.
160560 156 2 48 68.
160800 156 2 48 66.
161040 156 2 48 68.
161280 156 2 47 64.
161520 156 2 47 68.
161760 156 2 46 64.
162000 156 2 46 66.
162240 156 2 46 64.
162480 156 2 45 67.
162720 156 2 45 63.
162960 156 2 44 64.
163200 156 2 44 63.
163440 156 2 44 64.
163680 156 2 43 63.
163920 156 2 43 64.
164160 156 2 43 61.
164400 156 2 42 64.
164640 156 2 42 61.
164880 156 2 41 63.
165120 156 2 41 61.
165360 156 2 41 66.
165600 156 2 40 60.
165840 156 2 40 68.
166080 156 2 40 60.
166320 156 2 39 63.
166560 156 2 39 61.
166800 156 2 38 65.
167040 156 2 38 58.
167280 156 2 38 65.
167520 156 2 37 58.
167760 156 2 37 60.
168000 156 2 36 61.
168240 156 2 36 63.
168480 156 2 36 60.
168720 156 2 38 63.
168960 156 2 38 60.
169200 156 2 39 63.
169440 156 2 39 60.
169680 156 2 39 63.
169920 156 2 40 61.
170160 156 2 40 65.
170400 156 2 40 61.
170640 156 2 40 65.
170880 156 2 41 61.
171120 156 2 41 65.
171360 156 2 41 60.
171600 156 2 42 63.
171840 156 2 42 60.
172080 156 2 42 63.
172320 156 2 43 60.
172560 156 2 43 63.
172800 156 2 43 61.
173040 156 2 44 65.
173280 156 2 44 61.
173520 156 2 44 65.
173760 156 2 45 61.
174000 156 2 45 65.
174240 156 2 44 60.
174480 156 2 45 63.
174720 156 2 47 66.
174960 156 2 48 60.
175200 156 2 49 61.
175440 156 2 50 67.
175680 156 2 51 68.
175920 156 2 52 62.
176160 156 2 53 63.
176400 156 2 54 69.
176640 156 2 56 70.
176880 156 2 57 64.
177120 156 2 59 65.
177360 156 2 63 71.
177600 156 2 66 66.
177840 156 2 69 72.
178080 156 2 72 67.
178320 156 2 75 73.
178560 156 2 81 68.
178800 156 2 72 69.
179040 156 2 63 70.
179280 156 2 56 71.
179520 156 2 50 72.
179760 156 2 43 75.
180000 156 2 40 65.
180240 156 2 40 68.
180480 156 2 40 65.
180720 156 2 41 68.
180960 156 2 41 61.
181200 156 2 41 66.
181440 156 2 41 60.
181680 156 2 42 66.
181920 156 2 42 60.
182160 156 2 42 66.
182400 156 2 43 60.
182640 156 2 43 66.
182880 156 2 43 65.
183120 156 2 44 68.
183360 156 2 44 65.
183600 156 2 44 68.
183840 156 2 45 67.
184080 156 2 45 70.
184320 156 2 46 63.
184560 156 2 49 68.
184800 156 2 52 63.
185040 156 2 55 68.
185280 156 2 58 72.
185520 156 2 51 75.
185760 156 2 42 66.
186000 156 2 42 70.
186240 156 2 43 66.
186480 156 2 44 70.
186720 156 2 44 63.
186960 156 2 45 68.
187200 156 2 46 62.
187440 156 2 46 68.
187680 156 2 47 62.
187920 156 2 47 68.
188160 156 2 48 62.
188400 156 2 49 68.
188640 156 2 48 66.
188880 156 2 49 70.
189120 156 2 49 66.
189360 156 2 50 70.
189600 156 2 51 66.
189840 156 2 52 68.
190080 156 2 52 65.
190320 156 2 53 68.
190560 156 2 54 65.
190800 156 2 55 68.
191040 156 2 56 65.
191280 156 2 56 68.
191520 156 2 56 68.
191760 156 2 58 71.
192000 156 2 60 68.
192240 156 2 62 71.
192480 156 2 63 68.
192720 156 2 65 71.
192960 156 2 67 63.
193200 156 2 71 70.
193440 156 2 87 75.
193680 156 2 85 80.
193920 156 2 82 78.
194160 156 2 80 82.
194400 156 2 78 75.
194640 156 2 76 78.
194880 156 2 73 73.
195120 156 2 71 77.
195360 156 2 69 72.
195600 156 2 67 75.
195840 156 2 64 70.
196080 156 2 62 73.
196320 156 2 60 69.
196560 156 2 58 72.
196800 156 2 55 63.
197040 156 2 53 70.
197280 156 2 52 69.
197520 156 2 51 72.
197760 156 2 50 63.
198000 156 2 48 70.
198240 156 2 47 69.
198480 156 2 46 72.
198720 156 2 44 63.
198960 156 2 43 70.
199200 156 2 42 66.
199440 156 2 40 70.
199680 156 2 39 63.
199920 156 2 38 66.
200160 156 2 40 60.
200400 156 2 40 66.
200640 156 2 41 60.
200880 156 2 41 66.
201120 156 2 41 60.
201360 156 2 42 66.
201600 156 2 42 61.
201840 156 2 43 65.
202080 156 2 43 61.
202320 156 2 43 65.
202560 156 2 44 61.
202800 156 2 44 65.
203040 156 2 46 60.
203280 156 2 49 66.
203520 156 2 52 60.
203760 156 2 54 66.
204000 156 2 56 66.
204240 156 2 60 68.
204480 156 2 67 63.
204720 156 2 60 68.
204960 156 2 56 63.
205200 156 2 56 68.
205440 156 2 55 63.
205680 156 2 54 68.
205920 156 2 53 62.
206160 156 2 53 68.
206400 156 2 52 67.
206640 156 2 51 70.
206880 156 2 50 66.
207120 156 2 50 68.
207360 156 2 49 65.
207600 156 2 48 68.
207840 156 2 48 61.
208080 156 2 47 66.
208320 156 2 46 61.
208560 156 2 45 66.
208800 156 2 45 61.
209040 156 2 44 66.
209280 156 2 43 60.
209520 156 2 42 66.
209760 156 2 42 60.
210000 156 2 41 66.
210240 156 2 40 61.
210480 156 2 39 65.
210720 156 2 39 60.
210960 156 2 38 65.
211200 156 2 37 58.
211440 156 2 37 65.
211680 156 2 36 60.
211920 156 2 36 66.
212160 156 2 37 60.
212400 156 2 37 66.
212640 156 2 38 60.
212880 156 2 38 66.
213120 156 2 39 61.
213360 156 2 39 65.
213600 156 2 40 61.
213840 156 2 40 65.
214080 156 2 41 61.
214320 156 2 41 65.
214560 156 2 42 60.
214800 156 2 45 66.
215040 156 2 47 60.
215280 156 2 50 66.
215520 156 2 53 66.
215760 156 2 56 68.
216000 156 2 62 63.
216240 156 2 56 68.
216480 156 2 51 63.
216720 156 2 49 68.
216960 156 2 47 63.
217200 156 2 45 68.
217440 156 2 44 62.
217680 156 2 45 68.
217920 156 2 46 67.
218160 156 2 47 70.
218400 156 2 47 66.
218640 156 2 48 68.
218880 156 2 49 65.
219120 156 2 50 68.
219360 156 2 51 66.
219600 156 2 52 68.
219840 156 2 53 65.
220080 156 2 54 68.
220320 156 2 55 66.
220560 156 2 56 68.
220800 156 2 57 67.
221040 156 2 59 69.
221280 156 2 60 68.
221520 156 2 61 70.
221760 156 2 63 69.
222000 156 2 64 71.
222240 156 2 65 70.
222480 156 2 67 72.
222720 156 2 68 71.
222960 156 2 69 73.
223200 156 2 71 72.
223440 156 2 72 80.
223680 156 2 73 78.
223920 156 2 75 80.
224160 156 2 76 78.
224400 156 2 78 80.
224640 156 2 79 78.
224880 156 2 80 80.
225120 156 2 82 78.
225360 156 2 83 80.
225600 156 2 84 78.
225840 156 2 88 80.
226080 156 2 91 82.
226320 156 2 81 80.
226560 156 2 70 82.
226800 156 2 65 80.
227040 156 2 60 82.
227280 156 2 56 80.
227520 156 2 51 79.
227760 156 2 49 80.
228000 156 2 46 79.
228240 156 2 44 80.
228480 156 2 41 78.
228720 156 2 39 80.
229200 156 2 38 80.
229440 156 2 38 82.
229680 156 2 37 84.
229920 156 2 36 85.
230160 156 2 35 87.
230640 156 2 34 92.
230880 156 2 33 94.
231120 156 2 32 96.
231360 156 2 31 97.
231600 156 2 30 94.
231840 480 2 29 92.
232320 156 2 28 85.
232560 156 2 27 82.
232800 156 2 27 80.
233040 156 2 26 75.
233280 156 2 30 73.
233520 156 2 34 70.
233760 156 2 39 68.
234000 156 2 44 63.
234240 156 2 56 61.
234480 156 2 75 56.
236160 1440 2 106 60.
236160 1440 2 106 63.
237600 1920 2 107 53.
241600 160 2 58 72.
241760 160 2 57 72.
241920 160 2 57 72.
242080 160 2 56 70.
242240 160 2 55 70.
242400 160 2 55 70.
242560 160 2 54 68.
242720 160 2 54 68.
242880 160 2 53 68.
243040 160 2 53 63.
243200 160 2 52 63.
243360 160 2 51 63.
243520 160 2 53 68.
243680 160 2 55 68.
243840 160 2 57 68.
244000 160 2 59 70.
244160 160 2 61 70.
244320 160 2 63 70.
244480 160 2 65 72.
244640 160 2 67 72.
244800 160 2 69 72.
244960 160 2 71 73.
245120 128 2 73 75.
245280 160 2 74 75.
245440 160 2 72 77.
245600 160 2 70 77.
245760 160 2 68 77.
245920 160 2 66 75.
246080 160 2 64 75.
246240 160 2 62 75.
246400 160 2 60 73.
246560 160 2 58 73.
246720 160 2 56 73.
246880 160 2 54 68.
247040 160 2 52 68.
247200 160 2 53 68.
247360 160 2 55 73.
247520 160 2 57 73.
247680 160 2 59 73.
247840 160 2 61 75.
248000 160 2 64 75.
248160 160 2 66 75.
248320 160 2 68 77.
248480 160 2 70 77.
248640 160 2 72 77.
248800 160 2 74 79.
248960 128 2 76 77.
249120 160 2 78 75.
249280 160 2 76 75.
249440 160 2 76 75.
249600 160 2 75 75.
249760 160 2 74 77.
249920 160 2 74 77.
250080 160 2 73 77.
250240 160 2 72 75.
250400 160 2 72 75.
250560 160 2 71 75.
250720 160 2 70 73.
250880 128 2 70 72.
251040 160 2 69 72.
251200 160 2 68 72.
251360 160 2 67 72.
251520 160 2 67 72.
251680 160 2 66 73.
251840 160 2 65 73.
252000 160 2 65 73.
252160 160 2 64 72.
252320 160 2 63 72.
252480 160 2 63 72.
252640 160 2 62 70.
252800 128 2 61 68.
252960 160 2 60 72.
253120 160 2 60 70.
253280 160 2 59 70.
253440 160 2 58 70.
253600 160 2 58 72.
9840 240 3 54 48.
10080 240 3 53 53.
10320 240 3 52 56.
10560 240 3 52 60.
10800 240 3 51 56.
11040 240 3 50 53.
11280 240 3 49 48.
11760 240 3 48 48.
12000 240 3 47 53.
12240 240 3 46 56.
12480 240 3 45 60.
12720 240 3 44 56.
12960 240 3 44 53.
13200 240 3 43 48.
13680 240 3 41 48.
13920 240 3 40 53.
14160 240 3 40 56.
14400 240 3 39 60.
14640 240 3 38 56.
14880 240 3 37 53.
15120 240 3 36 48.
15600 240 3 35 48.
15840 240 3 34 53.
16080 240 3 33 56.
16320 240 3 32 60.
16560 240 3 32 56.
16800 240 3 31 53.
17040 240 3 30 48.
17520 240 3 32 48.
17760 240 3 32 53.
18000 240 3 33 56.
18240 240 3 33 60.
18480 240 3 34 56.
18720 240 3 34 53.
18960 240 3 34 48.
19440 240 3 35 48.
19680 240 3 35 55.
19920 240 3 36 58.
20160 240 3 36 60.
20400 240 3 36 58.
20640 240 3 37 55.
20880 240 3 37 48.
21360 240 3 38 48.
21600 240 3 38 53.
21840 240 3 39 56.
22080 240 3 39 60.
22320 240 3 39 56.
22560 240 3 40 53.
22800 240 3 40 48.
23280 240 3 41 48.
23520 240 3 41 55.
23760 240 3 41 58.
24000 240 3 42 60.
24240 240 3 42 58.
24480 240 3 42 55.
24720 240 3 43 48.
25200 240 3 43 48.
25440 240 3 44 53.
25680 240 3 44 56.
25920 240 3 45 60.
26160 240 3 45 56.
26400 240 3 45 53.
26640 240 3 46 48.
27120 240 3 46 51.
27360 240 3 47 58.
27600 240 3 47 61.
27840 240 3 47 63.
28080 240 3 48 61.
28320 240 3 48 58.
28560 240 3 48 51.
29040 240 3 49 51.
29280 240 3 50 56.
29520 240 3 50 60.
29760 240 3 50 63.
30000 240 3 51 60.
30240 240 3 51 56.
30480 240 3 51 51.
30960 240 3 52 53.
31200 240 3 52 55.
31440 240 3 53 62.
31680 240 3 53 65.
31920 240 3 53 62.
32160 240 3 54 56.
32400 240 3 54 55.
32880 240 3 55 55.
33120 240 3 55 58.
33360 240 3 56 60.
33600 240 3 56 64.
33840 240 3 56 60.
34080 240 3 57 58.
34320 240 3 57 55.
34800 240 3 58 55.
35040 240 3 58 58.
35280 240 3 58 60.
35520 240 3 59 64.
35760 240 3 59 60.
36000 240 3 59 58.
36240 240 3 60 55.
36720 240 3 61 55.
36960 240 3 61 58.
37200 240 3 61 60.
37440 240 3 61 64.
37680 240 3 60 60.
37920 240 3 58 58.
38160 240 3 57 55.
38640 240 3 55 55.
38880 240 3 53 58.
39120 240 3 52 60.
39360 240 3 51 64.
39600 240 3 49 60.
39840 240 3 48 58.
40080 240 3 47 55.
40560 240 3 44 48.
40800 240 3 43 53.
41040 240 3 42 56.
41280 240 3 41 65.
41520 240 3 38 60.
41760 240 3 35 56.
42000 240 3 32 53.
42480 240 3 36 48.
42720 240 3 37 53.
42960 240 3 37 56.
43200 240 3 37 63.
43440 240 3 38 60.
43680 240 3 38 56.
43920 240 3 38 53.
44400 240 3 39 49.
44640 240 3 39 53.
44880 240 3 40 56.
45120 240 3 40 61.
45360 240 3 41 56.
45600 240 3 41 53.
45840 240 3 41 49.
46320 240 3 42 49.
46560 240 3 42 53.
46800 240 3 43 56.
47040 240 3 43 61.
47280 240 3 43 56.
47520 240 3 44 53.
47760 240 3 44 49.
48240 240 3 45 50.
48480 240 3 45 53.
48720 240 3 46 55.
48960 240 3 46 59.
49200 240 3 46 55.
49440 240 3 47 53.
49680 240 3 47 50.
50160 240 3 47 50.
50400 240 3 47 53.
50640 240 3 46 55.
50880 240 3 46 59.
51120 240 3 45 55.
51360 240 3 45 53.
51600 240 3 44 50.
52080 240 3 43 50.
52320 240 3 43 53.
52560 240 3 42 55.
52800 240 3 42 59.
53040 240 3 41 55.
53280 240 3 41 53.
53520 240 3 40 50.
54000 240 3 39 50.
54240 240 3 39 53.
54480 240 3 38 55.
54720 240 3 38 59.
54960 240 3 37 55.
55200 240 3 37 53.
55440 240 3 36 50.
55920 240 3 35 43.
56160 240 3 35 48.
56400 240 3 34 51.
56640 240 3 35 60.
56880 240 3 32 55.
57120 240 3 29 51.
57360 240 3 25 48.
57840 240 3 28 43.
58080 240 3 28 48.
58320 240 3 29 51.
58560 240 3 29 55.
58800 240 3 30 51.
59040 240 3 30 48.
59280 240 3 30 43.
59760 240 3 31 44.
60000 240 3 31 48.
60240 240 3 32 51.
60480 240 3 32 56.
60720 240 3 33 51.
60960 240 3 33 48.
61200 240 3 33 44.
61680 240 3 34 44.
61920 240 3 34 48.
62160 240 3 35 51.
62400 240 3 35 56.
62640 240 3 35 51.
62880 240 3 36 48.
63120 240 3 36 44.
63600 240 3 37 44.
63840 240 3 37 49.
64080 240 3 38 53.
64320 240 3 38 56.
64560 240 3 38 53.
64800 240 3 39 49.
65040 240 3 39 44.
65520 240 3 40 44.
65760 240 3 40 49.
66000 240 3 41 53.
66240 240 3 41 56.
66480 240 3 41 53.
66720 240 3 42 49.
66960 240 3 42 44.
67440 240 3 43 44.
67680 240 3 43 49.
67920 240 3 44 53.
68160 240 3 44 56.
68400 240 3 44 53.
68640 240 3 45 49.
68880 240 3 45 44.
69360 240 3 45 44.
69600 240 3 45 49.
69840 240 3 45 53.
70080 240 3 45 56.
70320 240 3 46 53.
70560 240 3 46 49.
70800 240 3 46 44.
71280 240 3 47 44.
71520 240 3 47 46.
71760 240 3 47 53.
72000 240 3 47 56.
72240 240 3 48 53.
72480 240 3 48 46.
72720 240 3 48 44.
73200 240 3 49 46.
73440 240 3 49 53.
73680 240 3 49 56.
73920 240 3 50 58.
74160 240 3 50 56.
74400 240 3 50 53.
74640 240 3 50 46.
75120 240 3 51 46.
75360 240 3 51 53.
75600 240 3 51 56.
75840 240 3 52 58.
76080 240 3 52 56.
76320 240 3 52 53.
76560 240 3 52 46.
77040 240 3 53 46.
77280 240 3 53 53.
77520 240 3 53 56.
77760 240 3 54 58.
78000 240 3 54 56.
78240 240 3 54 53.
78480 240 3 54 46.
78960 240 3 55 46.
79200 240 3 55 51.
79440 240 3 56 54.
79680 240 3 56 58.
79920 240 3 56 54.
80160 240 3 56 51.
80400 240 3 57 46.
80880 240 3 57 46.
81120 240 3 57 53.
81360 240 3 58 56.
81600 240 3 58 58.
81840 240 3 58 56.
82080 240 3 58 53.
82320 240 3 59 46.
82800 240 3 59 46.
83040 240 3 59 51.
83280 240 3 60 54.
83520 240 3 60 58.
83760 240 3 60 54.
84000 240 3 60 51.
84240 240 3 61 46.
84720 240 3 61 46.
84960 240 3 61 53.
85200 240 3 62 56.
85440 240 3 62 58.
85680 240 3 62 56.
85920 240 3 62 53.
86160 240 3 63 46.
86640 240 3 63 46.
86880 240 3 64 51.
87120 240 3 64 54.
87360 240 3 64 58.
87600 240 3 64 54.
87840 240 3 65 51.
88080 240 3 65 46.
88560 240 3 65 48.
88800 240 3 66 55.
89040 240 3 66 58.
89280 240 3 66 60.
89520 240 3 66 58.
89760 240 3 67 55.
90000 240 3 67 48.
90480 240 3 67 48.
90720 240 3 68 53.
90960 240 3 68 56.
91200 240 3 68 60.
91440 240 3 68 56.
91680 240 3 69 53.
91920 240 3 69 48.
92400 240 3 69 48.
92640 240 3 70 55.
92880 240 3 70 58.
93120 240 3 70 60.
93360 240 3 71 58.
93600 240 3 71 55.
93840 240 3 71 48.
94320 240 3 72 48.
94560 240 3 72 51.
94800 240 3 72 57.
95040 240 3 72 60.
95280 240 3 73 57.
95520 240 3 73 51.
95760 240 3 73 48.
96240 240 3 74 48.
96480 240 3 74 51.
96720 240 3 74 57.
96960 240 3 74 60.
97200 240 3 75 57.
97440 240 3 75 51.
97680 240 3 75 48.
98160 240 3 76 50.
98400 240 3 76 55.
98640 240 3 76 59.
98880 240 3 76 62.
99120 240 3 76 59.
99360 240 3 77 55.
99600 240 3 77 50.
100080 240 3 78 50.
100320 240 3 78 53.
100560 240 3 79 55.
100800 240 3 79 59.
101040 240 3 80 55.
101280 240 3 80 53.
101520 240 3 81 50.
102000 240 3 82 49.
102240 240 3 81 53.
102480 240 3 79 58.
102720 240 3 78 61.
102960 240 3 77 58.
103200 240 3 76 53.
103440 240 3 74 49.
103920 240 3 72 49.
104160 240 3 71 53.
104400 240 3 69 58.
104640 240 3 68 61.
104880 240 3 67 58.
105120 240 3 66 53.
105360 240 3 64 49.
105840 240 3 62 48.
106080 240 3 61 55.
106320 240 3 59 58.
106560 240 3 58 60.
106800 240 3 57 58.
107040 240 3 56 55.
107280 240 3 55 48.
107760 240 3 52 48.
108000 240 3 51 55.
108240 240 3 50 58.
108480 240 3 48 60.
108720 240 3 47 58.
108960 240 3 46 55.
109200 240 3 45 48.
109680 240 3 42 48.
109920 240 3 41 53.
110160 240 3 40 56.
110400 240 3 38 60.
110640 240 3 37 56.
110880 240 3 36 53.
111120 240 3 35 48.
111600 240 3 34 48.
111840 240 3 35 53.
112080 240 3 36 56.
112320 240 3 36 60.
112560 240 3 37 56.
112800 240 3 37 53.
113040 240 3 38 48.
113520 240 3 39 49.
113760 240 3 40 53.
114000 240 3 40 56.
114240 240 3 41 61.
114480 240 3 41 56.
114720 240 3 42 53.
114960 240 3 42 49.
115440 240 3 42 49.
115680 240 3 42 53.
115920 240 3 41 56.
116160 240 3 40 61.
116400 240 3 40 56.
116640 240 3 39 53.
116880 240 3 38 49.
117360 240 3 37 49.
117600 240 3 37 54.
117840 240 3 36 58.
118080 240 3 35 61.
118320 240 3 35 58.
118560 240 3 34 54.
118800 240 3 33 49.
119280 240 3 33 48.
119520 240 3 33 52.
119760 240 3 32 58.
241600 160 3 58 63.
241760 160 3 57 63.
241920 160 3 57 63.
242080 160 3 56 63.
242240 160 3 55 63.
242400 160 3 55 63.
242560 160 3 54 63.
242720 160 3 54 63.
242880 160 3 53 63.
243040 160 3 53 60.
243200 160 3 52 61.
243360 160 3 51 61.
243520 160 3 53 63.
243680 160 3 55 63.
243840 160 3 57 63.
244000 160 3 59 68.
244160 160 3 61 67.
244320 160 3 63 67.
244480 160 3 65 70.
244640 160 3 67 68.
244800 160 3 69 68.
244960 160 3 71 68.
245120 128 3 73 68.
245280 160 3 74 68.
245440 160 3 72 68.
245600 160 3 70 70.
245760 160 3 68 70.
245920 160 3 66 70.
246080 160 3 64 68.
246240 160 3 62 68.
246400 160 3 60 68.
246560 160 3 58 68.
246720 160 3 56 68.
246880 160 3 54 65.
247040 160 3 52 66.
247200 160 3 53 66.
247360 160 3 55 68.
247520 160 3 57 68.
247680 160 3 59 68.
247840 160 3 61 73.
247840 160 3 61 63.
248000 160 3 64 72.
248000 160 3 64 66.
248160 160 3 66 72.
248160 160 3 66 66.
248320 160 3 68 73.
248320 160 3 68 65.
248480 160 3 70 73.
248640 160 3 72 73.
248800 160 3 74 73.
248960 128 3 76 73.
249120 160 3 78 73.
249280 160 3 76 73.
249440 160 3 76 73.
249600 160 3 75 73.
249760 160 3 74 73.
249920 160 3 74 73.
250080 160 3 73 72.
250240 160 3 72 72.
250400 160 3 72 72.
250560 160 3 71 72.
250720 160 3 70 68.
250880 128 3 70 68.
251040 160 3 69 70.
251200 160 3 68 70.
251360 160 3 67 70.
251520 160 3 67 70.
251680 160 3 66 70.
251840 160 3 65 70.
252000 160 3 65 68.
252160 160 3 64 68.
252320 160 3 63 68.
252480 160 3 63 65.
252640 160 3 62 65.
252800 128 3 61 65.
252960 160 3 60 68.
253120 160 3 60 65.
253280 160 3 59 65.
253440 160 3 58 65.
253600 160 3 58 67.
253760 160 3 57 63.
253920 160 3 56 67.
254080 160 3 56 60.
254240 160 3 55 60.
254400 160 3 54 65.
254560 160 3 54 65.
254720 160 3 53 65.
254880 160 3 52 65.
255040 160 3 51 65.
255200 160 3 51 61.
255360 160 3 50 65.
255520 160 3 49 63.
255680 160 3 49 67.
255840 160 3 48 67.
126720 960 4 18 48.
127680 960 4 16 48.
128640 1920 4 14 48.
137280 360 4 45 49.
137280 360 4 45 61.
138720 360 4 47 63.
138720 360 4 47 51.
140160 360 4 50 53.
140160 360 4 50 61.
140640 360 4 51 51.
140640 360 4 51 61.
141600 360 4 58 51.
141600 360 4 58 60.
142080 360 4 63 68.
142080 360 4 63 60.
143040 360 4 47 63.
143040 360 4 47 56.
143520 360 4 48 59.
144480 360 4 50 58.
144960 360 4 50 53.
145920 360 4 57 51.
145920 360 4 57 58.
147360 360 4 51 61.
148800 360 4 47 55.
150240 360 4 50 56.
151680 360 4 58 51.
152160 360 4 62 57.
153120 360 4 55 58.
154560 360 4 43 55.
156000 360 4 46 56.
157440 360 4 53 55.
157920 360 4 59 64.
158880 480 4 56 53.
159360 360 4 53 52.
160320 360 4 49 51.
160800 360 4 48 51.
161760 360 4 46 54.
162240 360 4 46 55.
163200 360 4 44 56.
163680 360 4 43 56.
164640 360 4 42 51.
164640 360 4 42 46.
166080 360 4 40 56.
180480 360 4 40 56.
180480 360 4 40 61.
181920 360 4 42 51.
181920 360 4 42 63.
9600 1920 5 55 41.
11520 1920 5 48 41.
13440 1920 5 42 41.
15360 1920 5 36 41.
17280 1920 5 32 41.
19200 1920 5 35 40.
21120 1920 5 37 41.
23040 1920 5 40 40.
24960 1920 5 43 41.
26880 1920 5 46 43.
28800 1920 5 49 44.
30720 1920 5 52 47.
32640 1920 5 54 48.
34560 1920 5 57 48.
36480 1920 5 60 48.
38400 1920 5 56 48.
40320 1920 5 46 41.
42240 1920 5 36 41.
44160 1920 5 39 41.
46080 1920 5 42 41.
48000 1920 5 44 43.
49920 1920 5 47 43.
51840 1920 5 44 43.
53760 1920 5 40 43.
55680 1920 5 36 36.
57600 1920 5 28 36.
59520 1920 5 31 36.
61440 1920 5 34 36.
63360 1920 5 37 37.
65280 1920 5 39 37.
67200 1920 5 42 37.
69120 1920 5 45 37.
71040 1920 5 46 38.
72960 1920 5 49 38.
74880 1920 5 51 34.
76800 1920 5 53 38.
78720 1920 5 55 39.
80640 1920 5 57 38.
82560 1920 5 59 39.
84480 1920 5 61 38.
86400 1920 5 63 39.
88320 1920 5 65 40.
90240 1920 5 67 41.
92160 1920 5 69 40.
94080 1920 5 71 41.
96000 1920 5 73 41.
97920 1920 5 75 41.
99840 1920 5 78 41.
101760 1920 5 83 41.
103680 1920 5 73 41.
105600 1920 5 63 41.
107520 1920 5 53 41.
109440 1920 5 43 41.
111360 1920 5 34 41.
113280 1920 5 38 41.
115200 1920 5 43 41.
117120 1920 5 38 42.
119040 960 5 33 43.
123840 960 5 24 36.
124800 960 5 22 29.
126720 960 5 18 41.
127680 960 5 16 41.
128640 1920 5 14 41.
136800 480 5 44 37.
137760 360 5 46 42.
138240 480 5 46 44.
139200 360 5 48 44.
139680 480 5 49 46.
141120 480 5 54 44.
142560 360 5 46 39.
143520 360 5 48 44.
143960 41 5 49 34.
145440 360 5 51 39.
146400 360 5 62 44.
146880 360 5 54 49.
147840 1 5 47 34.
148320 360 5 46 39.
149280 360 5 48 39.
149760 360 5 49 44.
150720 360 5 51 44.
151200 360 5 53 39.
152120 400 5 62 41.
152640 360 5 68 46.
153600 360 5 48 43.
154080 360 5 42 48.
155040 480 5 44 36.
155520 360 5 45 48.
156480 480 5 47 36.
156960 360 5 49 48.
157920 360 5 59 48.
158400 360 5 68 41.
159840 360 5 49 39.
161280 360 5 47 37.
162720 360 5 45 35.
165120 360 5 41 39.
165600 360 5 40 44.
167040 360 5 38 39.
167520 1920 5 37 51.
168480 1440 5 36 44.
169440 480 5 39 56.
169920 960 5 40 56.
170880 480 5 41 44.
171360 1440 5 41 44.
172680 120 5 43 56.
172800 960 5 43 56.
173760 480 5 45 44.
174240 480 5 44 44.
180000 480 5 40 37.
180960 360 5 41 42.
181440 480 5 41 44.
182400 360 5 43 44.
182880 480 5 43 46.
184320 480 5 46 44.
185760 360 5 42 39.
186720 360 5 44 44.
188640 360 5 48 39.
189600 360 5 51 44.
190080 360 5 52 32.
191040 360 5 56 44.
191520 360 5 56 32.
192480 360 5 63 32.
192960 360 5 67 30.
194400 360 5 78 44.
196800 360 5 55 54.
197280 360 5 52 60.
197760 360 5 50 54.
198240 360 5 47 60.
198720 360 5 44 54.
200160 360 5 40 44.
201120 480 5 41 56.
201600 960 5 42 56.
202560 480 5 44 44.
203040 960 5 46 44.
204000 480 5 56 56.
204480 960 5 67 59.
205440 480 5 55 47.
205920 360 5 53 46.
206400 440 5 52 51.
206840 510 5 50 44.
207360 360 5 49 49.
207840 360 5 48 42.
208280 385 5 46 39.
208800 960 5 45 51.
209760 480 5 42 56.
210240 360 5 40 49.
211680 480 5 36 32.
212640 480 5 38 56.
213120 960 5 39 56.
214080 480 5 41 44.
214560 960 5 42 44.
215520 480 5 53 56.
216000 960 5 62 59.
216960 480 5 47 47.
217440 360 5 44 46.
217920 440 5 46 51.
218360 515 5 47 44.
218400 480 5 47 60.
218880 440 5 49 61.
219320 515 5 51 44.
219360 480 5 51 60.
219840 360 5 53 61.
220280 432 5 54 44.
220760 432 5 57 44.
221240 432 5 60 44.
221720 432 5 62 44.
222200 432 5 65 44.
222680 432 5 68 44.
223160 432 5 70 44.
224160 360 5 76 44.
224640 360 5 79 56.
225600 360 5 84 56.
228960 480 5 39 61.
228960 480 5 39 68.
234720 360 5 90 44.
236160 1440 5 106 32.
237600 1920 5 107 37.
241440 240 5 58 44.
241680 156 5 57 51.
241920 240 5 57 39.
242160 156 5 56 51.
242400 240 5 55 32.
242640 156 5 54 51.
242880 240 5 53 27.
243120 156 5 52 51.
243360 240 5 51 32.
243600 156 5 54 51.
243840 240 5 57 39.
244080 156 5 60 51.
244320 240 5 63 44.
244560 156 5 66 51.
244800 156 5 69 56.
245040 156 5 72 63.
245280 240 5 74 49.
245520 156 5 71 56.
245760 240 5 68 44.
246000 156 5 65 56.
246240 240 5 62 37.
246480 156 5 59 56.
246720 240 5 56 32.
246960 156 5 53 56.
247200 240 5 53 37.
247440 156 5 56 56.
247680 240 5 59 44.
247920 156 5 62 56.
248160 240 5 66 49.
248400 156 5 69 56.
248640 240 5 72 46.
248880 156 5 75 61.
249120 240 5 78 39.
249360 636 5 76 51.
249840 156 5 74 58.
250080 240 5 73 44.
250320 156 5 72 51.
250560 156 5 71 60.
250800 240 5 70 44.

