240 60 0 80 73.
360 60 0 80 73.
420 60 0 80 72.
480 60 0 80 75.
540 60 0 80 73.
600 60 0 80 84.
660 60 0 80 82.
720 60 0 80 73.
780 60 0 80 72.
840 60 0 80 75.
900 60 0 80 73.
960 60 0 80 84.
1020 60 0 80 82.
1080 60 0 80 72.
1140 60 0 80 71.
1200 60 0 80 73.
1260 60 0 80 72.
1320 60 0 80 82.
1380 60 0 80 80.
1440 60 0 80 72.
1500 60 0 80 71.
1560 60 0 80 73.
1620 60 0 80 72.
1680 60 0 80 82.
1740 60 0 80 80.
1800 60 0 80 70.
1860 60 0 80 69.
1920 60 0 80 72.
1980 60 0 80 70.
2040 60 0 80 73.
2100 60 0 80 72.
2160 60 0 80 75.
2220 60 0 80 73.
2280 60 0 80 79.
2340 60 0 80 77.
2400 60 0 80 73.
2460 60 0 80 67.
2520 60 0 80 68.
2580 60 0 80 69.
2640 60 0 80 70.
2700 60 0 80 71.
2760 60 0 80 72.
2820 60 0 80 68.
2880 120 0 80 63.
3120 60 0 80 72.
3240 60 0 100 73.
3300 60 0 100 72.
3360 60 0 100 75.
3420 60 0 100 73.
3480 60 0 100 84.
3540 60 0 100 82.
3600 60 0 100 73.
3660 60 0 100 72.
3720 60 0 100 75.
3780 60 0 100 73.
3840 60 0 100 84.
3900 60 0 100 82.
3960 60 0 100 72.
4020 60 0 100 71.
4080 60 0 100 73.
4140 60 0 100 72.
4200 60 0 100 82.
4260 60 0 100 80.
4320 60 0 100 72.
4380 60 0 100 71.
4440 60 0 100 73.
4500 60 0 100 72.
4560 60 0 100 82.
4620 60 0 100 80.
4680 60 0 100 74.
4740 60 0 103 75.
4800 60 0 107 77.
4860 60 0 110 79.
4920 60 0 114 80.
4980 60 0 117 81.
5040 60 0 120 82.
5100 60 0 118 83.
5160 60 0 116 86.
5220 60 0 114 84.
5280 60 0 111 82.
5340 60 0 109 80.
5400 60 0 107 80.
5460 60 0 104 79.
5520 60 0 102 79.
5580 60 0 100 78.
5640 60 0 97 78.
5700 60 0 95 77.
5760 60 0 93 77.
5820 60 0 91 76.
5880 60 0 88 76.
5940 60 0 86 75.
6000 60 0 84 75.
6060 60 0 81 74.
6120 60 0 80 73.
6180 60 0 80 72.
6240 60 0 80 75.
6300 60 0 80 73.
6360 60 0 80 84.
6420 60 0 80 82.
6480 60 0 80 73.
6540 60 0 80 72.
6600 60 0 80 75.
6660 60 0 80 73.
6720 60 0 80 84.
6780 60 0 80 82.
6840 60 0 80 72.
6900 60 0 80 71.
6960 60 0 80 73.
7020 60 0 80 72.
7080 60 0 80 82.
7140 60 0 80 80.
7200 60 0 80 72.
7260 60 0 80 71.
7320 60 0 80 73.
7380 60 0 80 72.
7440 60 0 80 82.
7500 60 0 80 80.
7560 60 0 80 70.
7620 60 0 80 69.
7680 60 0 80 72.
7740 60 0 80 70.
7800 60 0 80 73.
7860 60 0 80 72.
7920 60 0 80 75.
7980 60 0 80 73.
8040 60 0 80 79.
8100 60 0 80 77.
8160 60 0 80 73.
8220 60 0 80 67.
8280 60 0 80 68.
8340 60 0 80 69.
8400 60 0 80 70.
8460 60 0 80 71.
8520 60 0 80 72.
8580 60 0 80 68.
8640 120 0 80 63.
8880 60 0 80 72.
9000 60 0 100 73.
9060 60 0 100 72.
9120 60 0 100 75.
9180 60 0 100 73.
9240 60 0 100 84.
9300 60 0 100 82.
9360 60 0 100 73.
9420 60 0 100 72.
9480 60 0 100 75.
9540 60 0 100 73.
9600 60 0 100 84.
9660 60 0 100 82.
9720 60 0 100 72.
9780 60 0 100 71.
9840 60 0 100 73.
9900 60 0 100 72.
9960 60 0 100 82.
10020 60 0 100 80.
10080 60 0 100 72.
10140 60 0 100 71.
10200 60 0 100 73.
10260 60 0 100 72.
10320 60 0 100 82.
10380 60 0 100 80.
10440 60 0 100 70.
10500 60 0 101 73.
10560 60 0 103 72.
10620 60 0 105 75.
10680 60 0 107 73.
10740 60 0 108 77.
10800 60 0 110 76.
10860 60 0 112 79.
10920 60 0 114 77.
10980 60 0 115 82.
11040 60 0 117 81.
11100 60 0 119 84.
11160 60 0 120 70.
11220 60 0 120 73.
11280 60 0 120 72.
11340 60 0 120 75.
11400 60 0 120 73.
11460 60 0 120 79.
11520 120 0 120 80.
11640 120 0 120 72.
11760 60 0 80 73.
11880 60 0 80 73.
11940 60 0 80 72.
12000 60 0 80 75.
12060 60 0 80 73.
12120 60 0 80 84.
12180 60 0 80 82.
12240 60 0 80 73.
12300 60 0 80 72.
12360 60 0 80 75.
12420 60 0 80 73.
12480 60 0 80 84.
12540 60 0 80 82.
12600 60 0 80 72.
12660 60 0 80 71.
12720 60 0 80 73.
12780 60 0 80 72.
12840 60 0 80 82.
12900 60 0 80 80.
12960 60 0 80 72.
13020 60 0 80 71.
13080 60 0 80 73.
13140 60 0 80 72.
13200 60 0 80 82.
13260 60 0 80 80.
13320 60 0 80 70.
13380 60 0 80 69.
13440 60 0 80 72.
13500 60 0 80 70.
13560 60 0 80 73.
13620 60 0 80 72.
13680 60 0 80 75.
13740 60 0 80 73.
13800 60 0 80 79.
13860 60 0 80 77.
13920 60 0 80 73.
13980 60 0 80 67.
14040 60 0 80 68.
14100 60 0 80 69.
14160 60 0 80 70.
14220 60 0 80 71.
14280 60 0 80 72.
14340 60 0 80 68.
14400 120 0 80 63.
14640 60 0 80 72.
14760 60 0 100 73.
14820 60 0 100 72.
14880 60 0 100 75.
14940 60 0 100 73.
15000 60 0 100 84.
15060 60 0 100 82.
15120 60 0 100 73.
15180 60 0 100 72.
15240 60 0 100 75.
15300 60 0 100 73.
15360 60 0 100 84.
15420 60 0 100 82.
15480 60 0 100 72.
15540 60 0 100 71.
15600 60 0 100 73.
15660 60 0 100 72.
15720 60 0 100 82.
15780 60 0 100 80.
15840 60 0 100 72.
15900 60 0 100 71.
15960 60 0 100 73.
16020 60 0 100 72.
16080 60 0 100 82.
16140 60 0 100 80.
16200 60 0 100 74.
16260 60 0 103 75.
16320 60 0 107 77.
16380 60 0 110 79.
16440 60 0 114 80.
16500 60 0 117 81.
16560 60 0 120 82.
16620 60 0 118 83.
16680 60 0 116 86.
16740 60 0 114 84.
16800 60 0 111 82.
16860 60 0 109 80.
16920 60 0 107 80.
16980 60 0 104 79.
17040 60 0 102 79.
17100 60 0 100 78.
17160 60 0 97 78.
17220 60 0 95 77.
17280 60 0 93 77.
17340 60 0 91 76.
17400 60 0 88 76.
17460 60 0 86 75.
17520 60 0 84 75.
17580 60 0 81 74.
17640 60 0 80 73.
17700 60 0 80 72.
17760 60 0 80 75.
17820 60 0 80 73.
17880 60 0 80 84.
17940 60 0 80 82.
18000 60 0 80 73.
18060 60 0 80 72.
18120 60 0 80 75.
18180 60 0 80 73.
18240 60 0 80 84.
18300 60 0 80 82.
18360 60 0 80 72.
18420 60 0 80 71.
18480 60 0 80 73.
18540 60 0 80 72.
18600 60 0 80 82.
18660 60 0 80 80.
18720 60 0 80 72.
18780 60 0 80 71.
18840 60 0 80 73.
18900 60 0 80 72.
18960 60 0 80 82.
19020 60 0 80 80.
19080 60 0 80 70.
19140 60 0 80 69.
19200 60 0 80 72.
19260 60 0 80 70.
19320 60 0 80 73.
19380 60 0 80 72.
19440 60 0 80 75.
19500 60 0 80 73.
19560 60 0 80 79.
19620 60 0 80 77.
19680 60 0 80 73.
19740 60 0 80 67.
19800 60 0 80 68.
19860 60 0 80 69.
19920 60 0 80 70.
19980 60 0 80 71.
20040 60 0 80 72.
20100 60 0 80 68.
20160 120 0 80 63.
20400 60 0 80 72.
20520 60 0 100 73.
20580 60 0 100 72.
20640 60 0 100 75.
20700 60 0 100 73.
20760 60 0 100 84.
20820 60 0 100 82.
20880 60 0 100 73.
20940 60 0 100 72.
21000 60 0 100 75.
21060 60 0 100 73.
21120 60 0 100 84.
21180 60 0 100 82.
21240 60 0 100 72.
21300 60 0 100 71.
21360 60 0 100 73.
21420 60 0 100 72.
21480 60 0 100 82.
21540 60 0 100 80.
21600 60 0 100 72.
21660 60 0 100 71.
21720 60 0 100 73.
21780 60 0 100 72.
21840 60 0 100 82.
21900 60 0 100 80.
21960 60 0 100 70.
22020 60 0 101 73.
22080 60 0 103 72.
22140 60 0 105 75.
22200 60 0 107 73.
22260 60 0 108 77.
22320 60 0 110 76.
22380 60 0 112 79.
22440 60 0 114 77.
22500 60 0 115 82.
22560 60 0 117 81.
22620 60 0 119 84.
22680 60 0 120 70.
22740 60 0 120 73.
22800 60 0 120 72.
22860 60 0 120 75.
22920 60 0 120 73.
22980 60 0 120 79.
23040 120 0 120 80.
23160 120 0 120 72.
23280 60 0 80 84.
23400 60 0 80 82.
23460 60 0 80 84.
23520 60 0 80 82.
23580 60 0 80 80.
23640 60 0 80 79.
23700 60 0 80 84.
23760 60 0 80 80.
23820 60 0 80 82.
23880 60 0 80 80.
23940 60 0 80 79.
24000 60 0 80 77.
24060 60 0 80 84.
24120 60 0 80 79.
24180 60 0 80 72.
24240 60 0 80 73.
24300 60 0 80 72.
24360 60 0 80 80.
24420 60 0 80 79.
24480 60 0 80 77.
24540 60 0 80 72.
24600 60 0 80 73.
24660 60 0 80 72.
24720 60 0 80 80.
24780 60 0 80 84.
24840 60 0 80 82.
24900 60 0 80 84.
24960 60 0 80 82.
25020 60 0 80 80.
25080 60 0 80 79.
25140 60 0 80 84.
25200 60 0 80 80.
25260 60 0 80 82.
25320 60 0 80 80.
25380 60 0 80 79.
25440 60 0 80 77.
25500 60 0 80 84.
25560 60 0 80 79.
25620 60 0 80 72.
25680 60 0 80 73.
25740 60 0 80 72.
25800 60 0 80 80.
25860 60 0 80 79.
25920 60 0 80 77.
25980 60 0 80 72.
26040 60 0 80 77.
26100 60 0 80 80.
26160 120 0 80 84.
26280 60 0 100 82.
26340 60 0 100 84.
26400 60 0 100 82.
26460 60 0 100 80.
26520 60 0 100 79.
26580 60 0 100 84.
26640 60 0 100 80.
26700 60 0 100 82.
26760 60 0 100 80.
26820 60 0 100 79.
26880 60 0 100 77.
26940 60 0 100 84.
27000 60 0 100 79.
27060 60 0 100 72.
27120 60 0 100 73.
27180 60 0 100 72.
27240 60 0 100 80.
27300 60 0 100 79.
27360 60 0 100 77.
27420 60 0 100 72.
27480 60 0 100 73.
27540 60 0 100 72.
27600 60 0 100 80.
27660 60 0 100 84.
27720 60 0 100 82.
27780 60 0 100 84.
27840 60 0 100 82.
27900 60 0 100 80.
27960 60 0 100 79.
28020 60 0 100 84.
28080 60 0 100 80.
28140 60 0 100 82.
28200 60 0 100 80.
28260 60 0 100 79.
28320 60 0 100 77.
28380 60 0 100 84.
28440 60 0 100 79.
28500 60 0 100 72.
28560 60 0 100 73.
28620 60 0 100 72.
28680 60 0 100 80.
28740 60 0 100 79.
28800 60 0 100 77.
28860 60 0 100 79.
28920 60 0 100 77.
28980 60 0 100 76.
29040 60 0 100 75.
29100 60 0 100 74.
29160 60 0 80 73.
29220 60 0 80 72.
29280 60 0 80 75.
29340 60 0 80 73.
29400 60 0 80 84.
29460 60 0 80 82.
29520 60 0 80 73.
29580 60 0 80 72.
29640 60 0 80 75.
29700 60 0 80 73.
29760 60 0 80 84.
29820 60 0 80 82.
29880 60 0 80 72.
29940 60 0 80 71.
30000 60 0 80 73.
30060 60 0 80 72.
30120 60 0 80 82.
30180 60 0 80 80.
30240 60 0 80 72.
30300 60 0 80 71.
30360 60 0 80 73.
30420 60 0 80 72.
30480 60 0 80 82.
30540 60 0 80 80.
30600 60 0 80 70.
30660 60 0 80 69.
30720 60 0 80 72.
30780 60 0 80 70.
30840 60 0 80 73.
30900 60 0 80 72.
30960 60 0 80 75.
31020 60 0 80 73.
31080 60 0 80 79.
31140 60 0 80 77.
31200 60 0 80 73.
31260 60 0 80 67.
31320 60 0 80 68.
31380 60 0 80 69.
31440 60 0 80 70.
31500 60 0 80 71.
31560 60 0 80 72.
31620 60 0 80 68.
31680 120 0 80 63.
31920 60 0 80 72.
32040 60 0 100 73.
32100 60 0 100 72.
32160 60 0 100 75.
32220 60 0 100 73.
32280 60 0 100 84.
32340 60 0 100 82.
32400 60 0 100 73.
32460 60 0 100 72.
32520 60 0 100 75.
32580 60 0 100 73.
32640 60 0 100 84.
32700 60 0 100 82.
32760 60 0 100 72.
32820 60 0 100 71.
32880 60 0 100 73.
32940 60 0 100 72.
33000 60 0 100 82.
33060 60 0 100 80.
33120 60 0 100 72.
33180 60 0 100 71.
33240 60 0 100 73.
33300 60 0 100 72.
33360 60 0 100 82.
33420 60 0 100 80.
33480 60 0 100 70.
33540 60 0 100 73.
33600 60 0 100 72.
33660 60 0 100 75.
33720 60 0 100 73.
33780 60 0 100 77.
33840 60 0 100 76.
33900 60 0 100 79.
33960 60 0 100 77.
34020 60 0 100 82.
34080 60 0 100 81.
34140 60 0 100 84.
34200 60 0 100 70.
34260 60 0 100 73.
34320 60 0 100 72.
34380 60 0 100 75.
34440 60 0 100 73.
34500 60 0 100 79.
34560 120 0 100 80.
34680 120 0 100 72.
34800 60 0 100 68.
34920 120 0 100 68.
35040 30 0 100 68.
35100 30 0 100 68.
35160 120 0 100 68.
35280 60 0 100 68.
35400 60 0 100 73.
35460 60 0 100 77.
35520 120 0 100 80.
35640 60 0 100 75.
35760 60 0 100 80.
35820 60 0 100 75.
35880 120 0 100 68.
36000 60 0 100 73.
36120 60 0 100 68.
36180 60 0 100 73.
36240 120 0 100 77.
36360 30 0 100 68.
36420 30 0 100 68.
36480 30 0 100 68.
36540 30 0 100 68.
36600 120 0 100 68.
36720 60 0 100 73.
36780 60 0 100 68.
36840 60 0 100 73.
36900 60 0 100 77.
36960 120 0 100 80.
37080 60 0 100 75.
37200 60 0 100 80.
37260 60 0 100 75.
37320 120 0 100 68.
37440 240 0 100 73.
37680 60 0 100 65.
37740 60 0 100 66.
37800 120 0 100 68.
37920 30 0 100 68.
37980 30 0 100 68.
38040 120 0 100 68.
38160 60 0 100 68.
38280 60 0 100 73.
38340 60 0 100 77.
38400 120 0 100 80.
38520 60 0 100 75.
38640 60 0 100 80.
38700 60 0 100 75.
38760 120 0 100 68.
38880 60 0 100 73.
39000 60 0 100 68.
39060 60 0 100 73.
39120 120 0 100 77.
39240 30 0 100 68.
39300 30 0 100 68.
39360 30 0 100 68.
39420 30 0 100 68.
39480 120 0 100 68.
39600 60 0 100 73.
39660 60 0 100 68.
39720 60 0 100 73.
39780 60 0 100 77.
39840 120 0 100 80.
39960 60 0 100 75.
40080 60 0 100 80.
40140 60 0 100 75.
40200 120 0 100 68.
40320 240 0 100 73.
40560 60 0 80 73.
40680 60 0 80 73.
40740 60 0 80 72.
40800 60 0 80 75.
40860 60 0 80 73.
40920 60 0 80 84.
40980 60 0 80 82.
41040 60 0 80 73.
41100 60 0 80 72.
41160 60 0 80 75.
41220 60 0 80 73.
41280 60 0 80 84.
41340 60 0 80 82.
41400 60 0 80 72.
41460 60 0 80 71.
41520 60 0 80 73.
41580 60 0 80 72.
41640 60 0 80 82.
41700 60 0 80 80.
41760 60 0 80 72.
41820 60 0 80 71.
41880 60 0 80 73.
41940 60 0 80 72.
42000 60 0 80 82.
42060 60 0 80 80.
42120 60 0 80 70.
42180 60 0 80 69.
42240 60 0 80 72.
42300 60 0 80 70.
42360 60 0 80 73.
42420 60 0 80 72.
42480 60 0 80 75.
42540 60 0 80 73.
42600 60 0 80 79.
42660 60 0 80 77.
42720 60 0 80 73.
42780 60 0 80 67.
42840 60 0 80 68.
42900 60 0 80 69.
360 120 0 90 43.
480 120 0 80 61.
480 120 0 80 51.
600 120 0 80 51.
600 120 0 80 61.
720 120 0 90 43.
840 120 0 80 61.
840 120 0 80 51.
960 120 0 80 51.
960 120 0 80 61.
1080 120 0 90 44.
1200 120 0 80 60.
1200 120 0 80 51.
1320 120 0 80 56.
1320 120 0 80 51.
1440 120 0 90 44.
1560 120 0 80 60.
1560 120 0 80 51.
1680 120 0 80 56.
1680 120 0 80 51.
1800 120 0 90 39.
1920 120 0 80 61.
1920 120 0 80 51.
2040 120 0 80 51.
2040 120 0 80 61.
2160 120 0 90 39.
2280 120 0 80 61.
2280 120 0 80 51.
2400 120 0 80 58.
2400 120 0 80 51.
2520 120 0 90 44.
2640 120 0 80 60.
2640 120 0 80 51.
2760 120 0 80 56.
2760 120 0 80 51.
2880 120 0 90 44.
3000 120 0 80 60.
3000 120 0 80 51.
3120 120 0 80 60.
3120 120 0 80 51.
3240 120 0 110 43.
3360 120 0 100 61.
3360 120 0 100 51.
3480 120 0 100 61.
3480 120 0 100 51.
3600 120 0 110 43.
3720 120 0 100 61.
3720 120 0 100 51.
3840 120 0 100 58.
3840 120 0 100 51.
3960 120 0 110 44.
4080 120 0 100 60.
4080 120 0 100 51.
4200 120 0 100 60.
4200 120 0 100 52.
4320 120 0 110 44.
4440 120 0 100 60.
4440 120 0 100 53.
4560 120 0 100 60.
4560 120 0 100 53.
4680 120 0 110 46.
4800 120 0 107 62.
4800 120 0 107 56.
4920 120 0 114 62.
4920 120 0 114 56.
5040 120 0 127 46.
5160 120 0 116 62.
5160 120 0 116 56.
5280 120 0 111 62.
5280 120 0 111 56.
5400 120 0 117 51.
5520 120 0 102 63.
5520 120 0 102 55.
5640 120 0 97 55.
5640 120 0 97 63.
5760 120 0 103 51.
5880 120 0 88 63.
5880 120 0 88 55.
6000 120 0 84 55.
6000 120 0 84 63.
6120 120 0 90 43.
6240 120 0 80 61.
6240 120 0 80 51.
6360 120 0 80 58.
6360 120 0 80 51.
6480 120 0 90 43.
6600 120 0 80 61.
6600 120 0 80 51.
6720 120 0 80 58.
6720 120 0 80 51.
6840 120 0 90 44.
6960 120 0 80 60.
6960 120 0 80 51.
7080 120 0 80 56.
7080 120 0 80 51.
7200 120 0 90 44.
7320 120 0 80 60.
7320 120 0 80 51.
7440 120 0 80 56.
7440 120 0 80 51.
7560 120 0 90 39.
7680 120 0 80 61.
7680 120 0 80 51.
7800 120 0 80 58.
7800 120 0 80 51.
7920 120 0 90 39.
8040 120 0 80 61.
8040 120 0 80 51.
8160 120 0 80 58.
8160 120 0 80 51.
8280 120 0 90 44.
8400 120 0 80 60.
8400 120 0 80 51.
8520 120 0 80 56.
8520 120 0 80 51.
8640 120 0 90 44.
8760 120 0 80 60.
8760 120 0 80 51.
8880 120 0 80 56.
8880 120 0 80 51.
9000 120 0 110 43.
9120 120 0 100 61.
9120 120 0 100 51.
9240 120 0 100 58.
9240 120 0 100 51.
9360 120 0 110 43.
9480 120 0 100 61.
9480 120 0 100 51.
9600 120 0 100 58.
9600 120 0 100 51.
9720 120 0 110 44.
9840 120 0 100 60.
9840 120 0 100 51.
9960 120 0 100 56.
9960 120 0 100 51.
10080 120 0 110 44.
10200 120 0 100 60.
10200 120 0 100 51.
10320 120 0 100 56.
10320 120 0 100 51.
10440 120 0 110 49.
10560 120 0 103 61.
10560 120 0 103 53.
10680 120 0 107 58.
10680 120 0 107 53.
10800 120 0 120 49.
10920 120 0 114 61.
10920 120 0 114 53.
11040 120 0 117 58.
11040 120 0 117 53.
11160 120 0 127 39.
11280 120 0 120 61.
11280 120 0 120 51.
11400 120 0 120 58.
11400 120 0 120 51.
11520 120 0 127 44.
11640 120 0 120 60.
11640 120 0 120 51.
11880 120 0 90 43.
12000 120 0 80 61.
12000 120 0 80 51.
12120 120 0 80 51.
12120 120 0 80 61.
12240 120 0 90 43.
12360 120 0 80 61.
12360 120 0 80 51.
12480 120 0 80 51.
12480 120 0 80 61.
12600 120 0 90 44.
12720 120 0 80 60.
12720 120 0 80 51.
12840 120 0 80 56.
12840 120 0 80 51.
12960 120 0 90 44.
13080 120 0 80 60.
13080 120 0 80 51.
13200 120 0 80 56.
13200 120 0 80 51.
13320 120 0 90 39.
13440 120 0 80 61.
13440 120 0 80 51.
13560 120 0 80 51.
13560 120 0 80 61.
13680 120 0 90 39.
13800 120 0 80 61.
13800 120 0 80 51.
13920 120 0 80 58.
13920 120 0 80 51.
14040 120 0 90 44.
14160 120 0 80 60.
14160 120 0 80 51.
14280 120 0 80 56.
14280 120 0 80 51.
14400 120 0 90 44.
14520 120 0 80 60.
14520 120 0 80 51.
14640 120 0 80 60.
14640 120 0 80 51.
14760 120 0 110 43.
14880 120 0 100 61.
14880 120 0 100 51.
15000 120 0 100 61.
15000 120 0 100 51.
15120 120 0 110 43.
15240 120 0 100 61.
15240 120 0 100 51.
15360 120 0 100 58.
15360 120 0 100 51.
15480 120 0 110 44.
15600 120 0 100 60.
15600 120 0 100 51.
15720 120 0 100 60.
15720 120 0 100 52.
15840 120 0 110 44.
15960 120 0 100 60.
15960 120 0 100 53.
16080 120 0 100 60.
16080 120 0 100 53.
16200 120 0 110 46.
16320 120 0 107 62.
16320 120 0 107 56.
16440 120 0 114 62.
16440 120 0 114 56.
16560 120 0 127 46.
16680 120 0 116 62.
16680 120 0 116 56.
16800 120 0 111 62.
16800 120 0 111 56.
16920 120 0 117 51.
17040 120 0 102 63.
17040 120 0 102 55.
17160 120 0 97 55.
17160 120 0 97 63.
17280 120 0 103 51.
17400 120 0 88 63.
17400 120 0 88 55.
17520 120 0 84 55.
17520 120 0 84 63.
17640 120 0 90 43.
17760 120 0 80 61.
17760 120 0 80 51.
17880 120 0 80 58.
17880 120 0 80 51.
18000 120 0 90 43.
18120 120 0 80 61.
18120 120 0 80 51.
18240 120 0 80 58.
18240 120 0 80 51.
18360 120 0 90 44.
18480 120 0 80 60.
18480 120 0 80 51.
18600 120 0 80 56.
18600 120 0 80 51.
18720 120 0 90 44.
18840 120 0 80 60.
18840 120 0 80 51.
18960 120 0 80 56.
18960 120 0 80 51.
19080 120 0 90 39.
19200 120 0 80 61.
19200 120 0 80 51.
19320 120 0 80 58.
19320 120 0 80 51.
19440 120 0 90 39.
19560 120 0 80 61.
19560 120 0 80 51.
19680 120 0 80 58.
19680 120 0 80 51.
19800 120 0 90 44.
19920 120 0 80 60.
19920 120 0 80 51.
20040 120 0 80 56.
20040 120 0 80 51.
20160 120 0 90 44.
20280 120 0 80 60.
20280 120 0 80 51.
20400 120 0 80 56.
20400 120 0 80 51.
20520 120 0 110 43.
20640 120 0 100 61.
20640 120 0 100 51.
20760 120 0 100 58.
20760 120 0 100 51.
20880 120 0 110 43.
21000 120 0 100 61.
21000 120 0 100 51.
21120 120 0 100 58.
21120 120 0 100 51.
21240 120 0 110 44.
21360 120 0 100 60.
21360 120 0 100 51.
21480 120 0 100 56.
21480 120 0 100 51.
21600 120 0 110 44.
21720 120 0 100 60.
21720 120 0 100 51.
21840 120 0 100 56.
21840 120 0 100 51.
21960 120 0 110 49.
22080 120 0 103 61.
22080 120 0 103 53.
22200 120 0 107 58.
22200 120 0 107 53.
22320 120 0 120 49.
22440 120 0 114 61.
22440 120 0 114 53.
22560 120 0 117 58.
22560 120 0 117 53.
22680 120 0 127 39.
22800 120 0 120 61.
22800 120 0 120 51.
22920 120 0 120 58.
22920 120 0 120 51.
23040 120 0 127 44.
23160 120 0 120 60.
23160 120 0 120 51.
23400 120 0 80 48.
23640 120 0 80 64.
23640 120 0 80 58.
23760 120 0 80 65.
23760 120 0 80 56.
24000 120 0 80 65.
24000 120 0 80 56.
24120 120 0 80 64.
24120 120 0 80 58.
24360 120 0 80 53.
24360 120 0 80 60.
24480 120 0 80 65.
24480 120 0 80 56.
24720 120 0 80 65.
24720 120 0 80 56.
24840 120 0 80 64.
24840 120 0 80 58.
25080 120 0 80 53.
25080 120 0 80 60.
25200 120 0 80 65.
25200 120 0 80 56.
25440 120 0 80 65.
25440 120 0 80 56.
25560 120 0 80 64.
25560 120 0 80 58.
25800 120 0 80 53.
25800 120 0 80 60.
25920 120 0 80 65.
25920 120 0 80 56.
26280 120 0 110 48.
26400 120 0 100 64.
26400 120 0 100 58.
26520 120 0 100 58.
26520 120 0 100 64.
26640 120 0 110 53.
26760 120 0 100 65.
26760 120 0 100 56.
26880 120 0 100 56.
26880 120 0 100 65.
27000 120 0 110 48.
27120 120 0 100 64.
27120 120 0 100 58.
27240 120 0 100 58.
27240 120 0 100 64.
27360 120 0 110 53.
27480 120 0 100 65.
27480 120 0 100 56.
27600 120 0 100 56.
27600 120 0 100 65.
27720 120 0 110 48.
27840 120 0 100 64.
27840 120 0 100 58.
27960 120 0 100 58.
27960 120 0 100 64.
28080 120 0 110 53.
28200 120 0 100 65.
28200 120 0 100 56.
28320 120 0 100 56.
28320 120 0 100 65.
28440 120 0 110 48.
28560 120 0 100 64.
28560 120 0 100 58.
28680 120 0 100 58.
28680 120 0 100 64.
28800 120 0 110 53.
28920 120 0 100 65.
29160 120 0 90 43.
29280 120 0 80 61.
29280 120 0 80 51.
29400 120 0 80 51.
29400 120 0 80 61.
29520 120 0 90 43.
29640 120 0 80 61.
29640 120 0 80 51.
29760 120 0 80 58.
29760 120 0 80 51.
29880 120 0 90 44.
30000 120 0 80 60.
30000 120 0 80 51.
30120 120 0 80 51.
30120 120 0 80 60.
30240 120 0 90 44.
30360 120 0 80 60.
30360 120 0 80 51.
30480 120 0 80 51.
30480 120 0 80 60.
30600 120 0 90 39.
30720 120 0 80 61.
30720 120 0 80 51.
30840 120 0 80 58.
30840 120 0 80 51.
30960 120 0 90 39.
31080 120 0 80 61.
31080 120 0 80 51.
31200 120 0 80 58.
31200 120 0 80 51.
31320 120 0 90 44.
31440 120 0 80 60.
31440 120 0 80 51.
31560 120 0 80 51.
31560 120 0 80 60.
31680 120 0 90 44.
31800 120 0 80 60.
31800 120 0 80 51.
31920 120 0 80 51.
31920 120 0 80 60.
32040 120 0 110 43.
32160 120 0 100 61.
32160 120 0 100 51.
32280 120 0 100 51.
32280 120 0 100 61.
32400 120 0 110 43.
32520 120 0 100 61.
32520 120 0 100 51.
32640 120 0 100 58.
32640 120 0 100 51.
32760 120 0 110 44.
32880 120 0 100 60.
32880 120 0 100 51.
33000 120 0 100 51.
33000 120 0 100 60.
33120 120 0 110 44.
33240 120 0 100 60.
33240 120 0 100 51.
33360 120 0 100 51.
33360 120 0 100 60.
33480 120 0 110 49.
33600 120 0 100 61.
33600 120 0 100 53.
33720 120 0 100 58.
33720 120 0 100 53.
33840 120 0 110 49.
33960 120 0 100 61.
33960 120 0 100 53.
34080 120 0 100 58.
34080 120 0 100 53.
34200 120 0 110 39.
34320 120 0 100 61.
34320 120 0 100 51.
34440 120 0 100 58.
34440 120 0 100 51.
34560 120 0 110 44.
34680 120 0 100 60.
34680 120 0 100 51.
34920 120 0 110 56.
35040 120 0 100 66.
35040 120 0 100 60.
35160 120 0 100 60.
35160 120 0 100 66.
35280 120 0 110 49.
35400 120 0 100 65.
35520 120 0 100 56.
35640 120 0 110 44.
35760 120 0 100 66.
35880 120 0 100 56.
36000 120 0 110 49.
36120 120 0 100 65.
36240 120 0 100 56.
36360 120 0 110 56.
36480 120 0 100 66.
36480 120 0 100 56.
36600 120 0 100 56.
36600 120 0 100 66.
36720 120 0 110 49.
36840 120 0 100 65.
36960 120 0 100 56.
37080 120 0 110 44.
37200 120 0 100 66.
37320 120 0 100 56.
37440 120 0 110 49.
37560 120 0 100 65.
37800 120 0 110 56.
37920 120 0 100 66.
37920 120 0 100 60.
38040 120 0 100 60.
38040 120 0 100 66.
38160 120 0 110 49.
38280 120 0 100 65.
38400 120 0 100 56.
38520 120 0 110 44.
38640 120 0 100 66.
38760 120 0 100 56.
38880 120 0 110 49.
39000 120 0 100 65.
39120 120 0 100 56.
39240 120 0 110 56.
39360 120 0 100 66.
39360 120 0 100 56.
39480 120 0 100 56.
39480 120 0 100 66.
39600 120 0 110 49.
39720 120 0 100 65.
39840 120 0 100 56.
39960 120 0 110 44.
40080 120 0 100 66.
40200 120 0 100 56.
40320 120 0 110 65.
40440 120 0 110 49.
40680 120 0 90 43.
40800 120 0 80 61.
40800 120 0 80 51.
40920 120 0 80 51.
40920 120 0 80 61.
41040 120 0 90 43.
41160 120 0 80 61.
41160 120 0 80 51.
41280 120 0 80 51.
41280 120 0 80 61.
41400 120 0 90 44.
41520 120 0 80 60.
41520 120 0 80 51.
41640 120 0 80 56.
41640 120 0 80 51.
41760 120 0 90 44.
41880 120 0 80 60.
41880 120 0 80 51.
42000 120 0 80 56.
42000 120 0 80 51.
42120 120 0 90 39.
42240 120 0 80 61.
42240 120 0 80 51.
42360 120 0 80 51.
42360 120 0 80 61.
42480 120 0 90 39.
42600 120 0 80 61.
42600 120 0 80 51.
42720 120 0 80 58.
42720 120 0 80 51.
42840 120 0 90 44.
42960 120 0 80 60.
42960 120 0 80 51.
43080 120 0 80 56.

