360 225 0 101 72.
600 52 0 101 73.
840 165 0 101 67.
1020 52 0 101 65.
1080 105 0 127 65.
1320 52 0 101 70.
1515 13 0 101 72.
1530 13 0 101 73.
1560 165 0 101 73.
1740 52 0 101 72.
1800 105 0 127 72.
1920 52 0 101 71.
1980 52 0 101 72.
2025 13 0 101 75.
2040 52 0 101 73.
2280 52 0 101 80.
2340 52 0 101 68.
2640 52 0 101 72.
2700 52 0 101 75.
2880 52 0 101 72.
3000 52 0 101 67.
3060 52 0 101 72.
3240 52 0 101 73.
3360 105 0 101 75.
3480 52 0 101 77.
3600 52 0 101 73.
3720 165 0 101 70.
3900 52 0 101 68.
3960 105 0 127 68.
4080 105 0 101 80.
4200 52 0 101 72.
4260 52 0 101 75.
4320 52 0 101 79.
4380 52 0 101 77.
4440 165 0 101 75.
4620 52 0 101 74.
4680 105 0 127 74.
4800 165 0 101 84.
5160 52 0 101 80.
5220 52 0 101 79.
5520 52 0 101 72.
5580 52 0 101 70.
5640 52 0 101 69.
5700 52 0 101 70.
5760 52 0 101 72.
5820 52 0 101 70.
5880 52 0 101 72.
5940 52 0 101 70.
6000 52 0 101 69.
6060 52 0 101 70.
6120 52 0 101 72.
6180 52 0 101 70.
6240 105 0 101 70.
6600 52 0 101 78.
6660 52 0 101 79.
6720 52 0 101 74.
6780 52 0 101 75.
6840 52 0 101 63.
6900 52 0 101 72.
6960 52 0 101 70.
7020 52 0 101 58.
7080 52 0 101 67.
7140 52 0 101 70.
7200 52 0 101 65.
7260 52 0 101 70.
7500 43 0 101 73.
7515 13 0 101 72.
7530 13 0 101 73.
7560 52 0 101 73.
7620 52 0 101 72.
7800 52 0 101 73.
8520 52 0 101 70.
8715 13 0 101 72.
8730 13 0 101 73.
8760 165 0 101 73.
8940 52 0 101 72.
9000 105 0 127 72.
9180 52 0 101 72.
9240 52 0 101 73.
9900 52 0 101 75.
10260 52 0 101 72.
10440 52 0 101 73.
10680 52 0 101 77.
10800 52 0 101 73.
12420 52 0 101 79.
12945 13 0 101 74.
13305 13 0 101 74.
13560 52 0 101 84.
15210 13 0 101 68.
16380 52 0 101 61.
16500 52 0 101 67.
16620 52 0 101 77.
16665 240 0 101 73.
16920 105 0 101 73.
17010 13 0 101 75.
17025 13 0 101 77.
17040 105 0 101 72.
17160 52 0 101 71.
17220 52 0 101 72.
17280 52 0 101 73.
17340 52 0 101 72.
17400 225 0 127 72.
17640 105 0 101 67.
18090 13 0 101 68.
18240 52 0 101 67.
19260 52 0 101 60.
19545 240 0 101 67.
19560 225 0 101 75.
19800 315 0 101 74.
20130 26 0 101 63.
20160 315 0 101 63.
20490 26 0 101 63.
20520 105 0 127 63.
20970 13 0 101 68.
21120 52 0 101 67.
22140 52 0 101 61.
22320 52 0 101 73.
22425 240 0 101 73.
22680 105 0 101 73.
22770 13 0 101 75.
22785 13 0 101 77.
22800 105 0 101 72.
22920 52 0 101 71.
22980 52 0 101 72.
23040 52 0 101 73.
23100 52 0 101 72.
23160 225 0 127 72.
23400 105 0 101 67.
23850 13 0 101 68.
24000 52 0 101 67.
25080 52 0 101 62.
25260 52 0 101 67.
480 345 1 86 53.
600 105 1 86 56.
720 105 1 86 56.
840 345 1 86 51.
960 105 1 86 56.
1080 105 1 86 56.
1200 225 1 86 49.
1320 225 1 86 53.
1560 105 1 86 41.
1680 105 1 86 60.
1800 105 1 86 60.
1920 345 1 86 51.
2040 105 1 86 58.
2040 105 1 86 67.
2160 105 1 86 60.
2280 225 1 86 53.
2400 105 1 86 56.
2400 105 1 86 65.
2520 105 1 86 44.
2640 225 1 86 46.
2760 105 1 86 53.
2760 105 1 86 61.
2880 105 1 86 34.
3000 105 1 86 36.
3120 105 1 86 48.
3120 105 1 86 64.
3360 345 1 86 56.
3480 105 1 86 60.
3600 105 1 86 60.
3720 345 1 86 55.
3840 105 1 86 60.
3960 105 1 86 60.
4080 345 1 86 53.
4200 105 1 86 60.
4320 105 1 86 60.
4440 105 1 86 46.
4560 105 1 86 56.
4560 105 1 86 65.
4680 105 1 86 56.
4680 105 1 86 65.
4800 105 1 86 46.
4920 105 1 86 58.
5040 105 1 86 58.
5160 105 1 86 46.
5280 105 1 86 55.
5280 105 1 86 63.
5400 105 1 86 58.
5520 105 1 86 46.
5640 105 1 86 56.
5640 105 1 86 65.
5760 105 1 86 56.
5760 105 1 86 65.
5880 105 1 86 46.
6000 105 1 86 55.
6000 105 1 86 63.
6120 105 1 86 55.
6120 105 1 86 63.
6240 105 1 86 46.
6360 105 1 86 56.
6360 105 1 86 62.
6480 105 1 86 56.
6480 105 1 86 62.
6600 105 1 86 51.
6720 105 1 86 58.
6720 105 1 86 67.
6840 105 1 86 57.
6840 105 1 86 66.
6960 105 1 86 46.
7080 105 1 86 58.
7200 105 1 86 56.
7320 225 1 86 51.
7440 105 1 86 58.
7537 128 1 86 48.
7545 120 1 86 55.
7560 105 1 86 64.
7680 345 1 86 53.
7800 105 1 86 56.
7920 105 1 86 56.
8160 105 1 86 53.
8160 105 1 86 60.
8280 105 1 86 53.
8280 105 1 86 60.
8400 225 1 86 49.
8520 225 1 86 53.
8880 105 1 86 68.
9000 105 1 86 68.
9120 345 1 86 52.
9240 105 1 86 58.
9240 105 1 86 67.
9360 105 1 86 60.
9480 225 1 86 53.
9600 105 1 86 56.
9600 105 1 86 65.
9720 105 1 86 44.
9960 105 1 86 53.
9960 105 1 86 61.
10080 105 1 86 34.
10320 105 1 86 48.
10320 105 1 86 64.
10560 345 1 86 56.
10680 105 1 86 60.
10800 105 1 86 60.
10920 345 1 86 55.
11040 105 1 86 60.
11160 105 1 86 60.
11280 345 1 86 53.
11400 105 1 86 60.
11520 105 1 86 60.
11640 105 1 86 46.
11760 105 1 86 56.
11760 105 1 86 65.
11880 105 1 86 56.
11880 105 1 86 65.
12120 105 1 86 58.
12240 105 1 86 58.
12480 105 1 86 55.
12480 105 1 86 63.
12600 105 1 86 58.
12840 105 1 86 58.
12960 105 1 86 58.
13200 105 1 86 58.
13320 105 1 86 58.
13560 105 1 86 56.
13560 105 1 86 62.
13680 105 1 86 58.
13920 105 1 86 63.
14040 105 1 86 60.
14280 105 1 86 63.
14400 105 1 86 62.
14520 225 1 86 51.
14640 105 1 86 58.
14880 345 1 86 49.
15000 105 1 86 58.
15120 105 1 86 58.
15240 225 1 86 46.
15360 105 1 86 56.
15480 105 1 86 55.
15480 105 1 86 51.
15720 105 1 86 56.
15840 105 1 86 56.
16080 105 1 86 51.
16200 105 1 86 51.
16440 105 1 86 51.
16440 105 1 86 61.
16560 105 1 86 55.
16560 105 1 86 63.
16680 105 1 86 51.
16800 105 1 86 61.
16800 105 1 86 67.
16920 105 1 86 61.
16920 105 1 86 67.
17160 105 1 86 68.
17280 105 1 86 68.
17400 105 1 86 44.
17520 105 1 86 51.
17520 105 1 86 60.
17640 105 1 86 51.
17640 105 1 86 60.
17880 105 1 86 53.
17880 105 1 86 61.
18000 105 1 86 53.
18000 105 1 86 61.
18120 225 1 86 46.
18240 105 1 86 53.
18240 105 1 86 61.
18360 105 1 86 55.
18360 105 1 86 51.
18600 105 1 86 51.
18600 105 1 86 60.
18720 105 1 86 51.
18720 105 1 86 60.
18840 345 1 86 44.
18960 105 1 86 53.
19080 105 1 86 53.
19320 105 1 86 51.
19320 105 1 86 60.
19440 105 1 86 55.
19680 105 1 86 59.
19800 105 1 86 59.
20040 105 1 86 60.
20160 105 1 86 60.
20400 105 1 86 60.
20520 105 1 86 60.
20760 105 1 86 56.
20880 105 1 86 56.
21120 105 1 86 53.
21120 105 1 86 61.
21240 105 1 86 55.
21240 105 1 86 51.
21480 105 1 86 56.
21600 105 1 86 56.
21840 105 1 86 51.
21960 105 1 86 51.
22200 105 1 86 51.
22200 105 1 86 61.
22320 105 1 86 55.
22320 105 1 86 63.
22440 105 1 86 51.
22560 105 1 86 61.
22560 105 1 86 67.
22680 105 1 86 61.
22680 105 1 86 67.
22920 105 1 86 68.
23040 105 1 86 68.
23160 105 1 86 44.
23280 105 1 86 51.
23280 105 1 86 60.
23400 105 1 86 51.
23400 105 1 86 60.
23640 105 1 86 53.
23640 105 1 86 61.
23760 105 1 86 53.
23760 105 1 86 61.
23880 225 1 86 46.
24000 105 1 86 56.
24120 105 1 86 55.
24120 105 1 86 51.
24360 105 1 86 51.
24360 105 1 86 60.
24480 105 1 86 51.
24480 105 1 86 60.
24600 345 1 86 39.
24720 105 1 86 56.
24840 105 1 86 56.
25080 105 1 86 56.
25200 105 1 86 56.
25440 105 1 86 56.
25440 105 1 86 62.
25560 105 1 86 56.
25560 105 1 86 62.
25680 345 1 86 51.
25800 105 1 86 61.
25920 105 1 86 61.
26040 225 1 86 44.
26160 105 1 86 51.
26160 105 1 86 60.
26280 105 1 86 52.
26280 225 1 86 60.
26520 105 1 86 56.

