180 57 0 45 68.
240 29 0 50 67.
270 28 0 49 68.
300 29 0 53 72.
330 27 0 50 70.
360 29 0 54 67.
390 27 0 51 68.
420 29 0 57 70.
450 28 0 55 68.
480 30 0 60 72.
510 27 0 56 70.
540 27 0 57 67.
570 29 0 61 68.
600 28 0 61 72.
630 29 0 65 70.
660 27 0 62 67.
690 29 0 66 68.
720 27 0 63 72.
750 29 0 69 70.
780 28 0 67 67.
810 30 0 72 68.
840 27 0 68 72.
870 27 0 69 70.
900 29 0 73 67.
6600 79 0 73 77.
12608 112 0 91 68.
12787 111 0 87 68.
12968 107 0 89 77.
13148 110 0 91 77.
13328 101 0 88 77.
13507 51 0 87 75.
13687 51 0 86 75.
13867 111 0 87 68.
14047 110 0 85 68.
14227 113 0 88 68.
900 49 1 49 49.
960 49 1 51 61.
1020 50 1 54 61.
1140 51 1 58 61.
1200 50 1 57 61.
1320 50 1 59 61.
1380 49 1 58 61.
1500 50 1 62 61.
1560 48 1 60 61.
1680 49 1 58 66.
1740 48 1 53 60.
1860 48 1 45 60.
1920 50 1 65 60.
2040 48 1 56 60.
2100 49 1 54 60.
2220 50 1 50 60.
2280 50 1 48 60.
2400 48 1 42 61.
2460 49 1 45 61.
2580 49 1 46 61.
2640 52 1 54 61.
2760 51 1 53 61.
2820 52 1 57 61.
2940 53 1 62 61.
3000 52 1 62 61.
3120 52 1 62 60.
3180 51 1 58 60.
3300 52 1 56 60.
3360 50 1 50 60.
3480 51 1 47 60.
3540 50 1 44 60.
3660 50 1 43 60.
3840 51 1 48 60.
3900 50 1 49 60.
4020 50 1 51 53.
4080 52 1 56 61.
4140 52 1 58 48.
4200 53 1 61 63.
4260 52 1 60 63.
4380 59 1 66 56.
4500 50 1 60 54.
4560 58 1 64 58.
4680 53 1 59 44.
4740 50 1 51 56.
4920 50 1 44 54.
4980 52 1 48 60.
4980 52 1 49 54.
5040 57 1 51 49.
5100 59 1 57 61.
5280 51 1 52 65.
5340 50 1 52 63.
5460 52 1 58 65.
5520 53 1 60 65.
5640 51 1 59 66.
5700 50 1 59 66.
5820 52 1 65 65.
6000 50 1 60 63.
6120 52 1 59 44.
6180 52 1 58 56.
6360 52 1 52 54.
6420 53 1 51 54.
6540 52 1 47 56.
6660 51 1 48 45.
6720 50 1 48 60.
6780 52 1 53 63.
6900 50 1 52 53.
6960 52 1 56 61.
7020 52 1 59 48.
7080 52 1 59 63.
7140 51 1 58 63.
7260 52 1 63 56.
7380 51 1 63 54.
7440 50 1 60 58.
7560 52 1 57 44.
7620 52 1 55 56.
7800 50 1 42 54.
7860 52 1 46 60.
7860 52 1 47 54.
7920 50 1 44 49.
7980 50 1 44 65.
8160 53 1 54 65.
8220 50 1 50 63.
8340 52 1 57 65.
8400 52 1 57 65.
8520 51 1 57 68.
8580 50 1 58 68.
8700 52 1 64 65.
8880 50 1 61 63.
9060 50 1 58 56.
9240 52 1 57 54.
9300 52 1 55 54.
9420 51 1 50 56.
9600 51 1 44 56.
9660 53 1 47 56.
9720 50 1 42 56.
9780 53 1 49 56.
9840 52 1 49 56.
9960 52 1 52 56.
10020 53 1 54 56.
10080 51 1 53 44.
10140 51 1 53 61.
10200 51 1 56 61.
10320 50 1 57 60.
10380 53 1 64 60.
10500 51 1 61 66.
10560 52 1 62 66.
10680 53 1 61 61.
10740 52 1 58 61.
10860 52 1 55 61.
10920 51 1 52 61.
11040 52 1 51 54.
11100 53 1 50 54.
11160 51 1 47 44.
11220 50 1 47 56.
11280 53 1 54 56.
11400 51 1 52 56.
11460 51 1 52 56.
11520 52 1 57 47.
11580 53 1 59 61.
11640 51 1 56 61.
11760 53 1 62 60.
11820 50 1 58 60.
11940 51 1 61 64.
12060 59 1 61 41.
12180 59 1 62 53.
12420 51 1 51 48.
12480 50 1 50 54.
12540 51 1 52 54.
12600 53 1 56 44.
12660 51 1 52 56.
12720 53 1 56 56.
12840 53 1 56 56.
12900 53 1 58 56.
12960 51 1 53 44.
13020 52 1 56 61.
13080 51 1 53 61.
13200 51 1 55 60.
13260 51 1 54 60.
13380 51 1 55 66.
13440 53 1 59 63.
13560 51 1 54 61.
13620 53 1 58 61.
13740 53 1 57 65.
13800 51 1 53 61.
13920 51 1 53 56.
13980 51 1 52 56.
14100 51 1 52 56.
14160 51 1 51 54.
14280 51 1 51 56.
14340 53 1 57 56.
14460 51 1 56 56.
14520 53 1 61 56.
14640 53 1 62 61.
14700 53 1 61 61.
14820 51 1 52 61.

